48
9
0.15   0.0 167.1 221.8 132.9 141.2  82.5  61.6 211.7 180.1 180.7 121.6 231.5  78.8 135.6  47.5 105.2 175.0 153.4  54.7 183.2  32.8 187.6 150.5 172.6 101.0 148.5  73.5  85.3 213.2 115.5  35.3 143.7 152.8  75.9 190.7  66.3  91.0 111.3  46.9 104.3  19.2 181.5  75.3 136.4 169.3  83.3 119.7 120.6
0.70 167.1   0.0  99.9 115.0 127.0 173.2 155.6  93.7 147.2  66.7 167.1  81.9 109.1 146.4 196.0  66.4 193.7  35.7 165.6 129.9 176.9  38.6  16.6  39.0  88.7  80.9 179.1  87.0  93.3 158.8 191.4 146.0  43.0 132.1  69.3 115.5  77.2  56.0 136.8  92.3 148.9  37.0 104.9  43.2  26.5  98.0  48.4  55.7
0.24 221.8  99.9   0.0 104.1 106.5 187.2 182.2  10.1  95.8  42.7 157.8  41.7 144.0 127.9 231.8 122.9 154.4  80.5 194.7  74.4 216.9  61.7 105.4  64.0 120.8  74.3 198.2 165.0   8.6 153.3 232.9 121.8 142.6 156.4  34.3 156.0 139.0 132.5 209.2 182.7 202.8  62.9 146.5  94.6  75.4 138.4 118.0 107.4
0.36 132.9 115.0 104.1   0.0  13.6  83.2  81.7  94.6  50.6  75.2  57.0 131.0  57.4  31.6 131.5  72.3  79.8  80.0  94.1  50.3 119.3 104.3 104.6  88.3  46.6  38.3  94.7 113.0  96.8  50.8 135.1  31.2 139.2  58.3  84.3  69.5  81.7  95.6 138.3 142.9 116.0  98.5  64.8  73.6  95.6  59.8  85.5  68.4
0.54 141.2 127.0 106.5  13.6   0.0  84.0  86.5  97.5  39.4  82.3  51.4 136.7  68.4  22.3 135.6  85.9  66.9  91.6  98.6  43.9 125.0 113.6 117.2  98.3  59.9  47.9  96.3 126.2  99.8  46.9 140.3  19.2 152.4  65.4  90.6  80.0  95.0 109.2 149.7 156.3 125.1 108.1  76.4  86.3 106.4  72.0  99.0  81.9
0.48  82.5 173.2 187.2  83.2  84.0   0.0  25.4 177.5 116.4 154.5  43.9 210.8  65.3  68.3  56.3 108.9  95.4 144.9  27.9 127.2  53.6 176.6 158.1 159.7  84.7 116.2  13.1 123.2 179.6  41.4  65.1  76.9 179.5  41.4 164.4  63.6 104.7 128.9 115.3 153.4  75.8 170.2  71.9 131.1 162.6  76.8 128.0 117.5
0.40  61.6 155.6 182.2  81.7  86.5  25.4   0.0 172.2 123.4 145.9  60.0 201.4  46.6  76.4  50.0  89.7 113.5 130.4  12.5 130.3  38.8 163.6 139.8 146.9  69.3 108.5  24.7  98.9 174.1  54.2  53.8  84.9 157.8  26.2 156.0  41.5  83.1 107.7  90.3 128.6  51.8 157.2  51.3 115.2 148.1  57.6 108.6 100.4
0.65 211.7  93.7  10.1  94.6  97.5 177.5 172.2   0.0  89.2  33.4 148.9  45.1 133.9 119.2 221.8 113.3 147.6  72.0 184.7  67.7 206.8  56.4  98.1  56.5 110.7  64.2 188.4 155.8   2.4 144.1 222.8 113.3 136.1 146.4  25.8 145.9 129.3 123.6 199.5 174.3 192.8  56.7 136.4  85.5  68.4 128.4 109.0  97.9
0.87 180.1 147.2  95.8  50.6  39.4 116.4 123.4  89.2   0.0  88.3  75.7 133.7 107.6  48.1 171.0 119.5  58.6 111.9 134.9  21.6 162.1 124.1 141.0 111.9  96.5  67.6 129.3 162.5  91.6  75.4 176.9  39.5 179.3 104.2  93.3 119.4 130.8 141.5 188.8 191.3 164.4 120.0 115.3 112.0 122.8 110.4 129.4 112.0
0.42 180.7  66.7  42.7  75.2  82.3 154.5 145.9  33.4  88.3   0.0 132.2  56.3 104.4 104.5 194.4  80.2 142.7  39.5 158.1  68.2 178.3  36.2  67.7  27.7  80.5  38.4 164.4 122.4  34.2 126.0 194.3 100.7 107.0 119.7  10.2 115.9  96.3  90.3 166.5 141.5 161.7  32.9 105.8  52.2  40.2  97.7  75.7  64.7
0.24 121.6 167.1 157.8  57.0  51.4  43.9  60.0 148.9  75.7 132.2   0.0 187.6  74.4  30.2 100.2 111.3  53.4 133.8  68.5  90.0  96.0 160.8 154.3 144.4  82.6  95.2  56.8 139.7 151.2   9.0 108.7  37.6 183.7  55.1 141.1  80.1 113.5 134.6 145.8 171.3 110.7 154.8  83.4 124.0 150.5  84.2 128.9 114.2
0.35 231.5  81.9  41.7 131.0 136.7 210.8 201.4  45.1 133.7  56.3 187.6   0.0 158.2 158.9 249.2 126.8 191.7  78.7 213.4 112.1 232.3  46.5  93.3  59.2 134.0  94.7 220.6 162.4  42.8 181.7 248.2 154.1 123.6 175.2  46.7 168.9 142.2 128.8 210.6 173.3 212.4  51.5 158.3  95.6  65.3 150.2 116.0 111.1
0.85  78.8 109.1 144.0  57.4  68.4  65.3  46.6 133.9 107.6 104.4  74.4 158.2   0.0  71.5  91.2  43.7 121.1  84.4  57.2 106.8  74.1 118.2  93.5 101.7  24.2  70.0  70.1  65.4 135.5  65.5  90.0  77.5 114.6  24.0 114.6  12.7  40.5  64.0  81.2  97.0  60.5 111.8   9.2  68.8 102.0  11.6  62.8  53.8
0.39 135.6 146.4 127.9  31.6  22.3  68.3  76.4 119.2  48.1 104.5  30.2 158.9  71.5   0.0 123.0  98.7  51.3 111.5  87.5  60.2 115.0 135.3 135.4 119.6  70.4  69.3  81.2 134.7 121.5  27.7 129.4   8.7 168.6  60.8 112.9  81.1 104.9 122.5 151.0 165.8 121.4 129.7  80.4 104.4 127.1  78.2 114.0  97.6
0.44  47.5 196.0 231.8 131.5 135.6  56.3  50.0 221.8 171.0 194.4 100.2 249.2  91.2 123.0   0.0 129.9 150.8 175.1  37.5 179.5  19.7 209.2 179.5 192.8 115.3 157.7  43.5 123.8 223.6  97.2  13.4 131.6 189.7  75.4 204.6  81.7 119.2 142.8  93.5 147.6  55.3 202.8  92.6 158.9 192.4 100.4 147.6 143.2
0.85 105.2  66.4 122.9  72.3  85.9 108.9  89.7 113.3 119.5  80.2 111.3 126.8  43.7  98.7 129.9   0.0 149.8  48.3  99.2 110.6 111.2  82.4  50.3  67.7  28.8  59.1 113.6  45.2 114.3 102.4 126.0 101.6  72.6  67.5  89.4  49.1  16.1  23.8  86.3  71.9  86.2  76.4  38.6  31.3  64.2  32.2  19.1  15.9
0.63 175.0 193.7 154.4  79.8  66.9  95.4 113.5 147.6  58.6 142.7  53.4 191.7 121.1  51.3 150.8 149.8   0.0 158.1 121.6  80.0 148.7 177.0 184.1 162.8 121.6 113.3 107.6 185.4 150.0  60.1 160.5  48.7 218.9 106.0 149.1 129.3 156.1 173.6 197.6 216.7 163.8 172.1 130.2 153.2 172.0 128.8 164.7 147.9
0.17 153.4  35.7  80.5  80.0  91.6 144.9 130.4  72.0 111.9  39.5 133.8  78.7  84.4 111.5 175.1  48.3 158.1   0.0 141.5  95.5 157.1  34.4  30.1  19.5  61.1  45.2 152.3  85.5  72.4 125.9 172.5 110.7  69.9 105.1  46.3  93.4  63.6  52.3 132.4 102.3 134.4  28.2  82.6  17.0  17.8  74.7  38.3  32.8
0.47  54.7 165.6 194.7  94.1  98.6  27.9  12.5 184.7 134.9 158.1  68.5 213.4  57.2  87.5  37.5  99.2 121.6 141.5   0.0 142.4  27.8 175.0 149.5 158.3  80.6 120.9  20.9 103.9 186.6  63.7  42.0  96.1 165.4  38.4 168.2  50.3  91.3 115.8  89.1 132.3  48.6 168.6  60.7 126.0 159.1  67.7 117.9 110.9
0.40 183.2 129.9  74.4  50.3  43.9 127.2 130.3  67.7  21.6  68.2  90.0 112.1 106.8  60.2 179.5 110.6  80.0  95.5 142.4   0.0 168.7 104.3 125.3  93.2  91.4  53.8 139.8 155.1  70.1  87.8 184.1  52.4 164.6 108.2  72.4 119.2 123.6 130.9 186.4 182.3 166.2 100.5 113.4  98.1 104.6 107.3 117.8 100.8
0.79  32.8 176.9 216.9 119.3 125.0  53.6  38.8 206.8 162.1 178.3  96.0 232.3  74.1 115.0  19.7 111.2 148.7 157.1  27.8 168.7   0.0 191.3 160.4 175.2  98.3 142.5  42.8 104.1 208.5  91.4  16.1 123.6 170.1  61.4 188.5  63.7  99.9 123.4  76.2 128.5  36.5 185.0  74.5 140.7 174.3  82.6 128.5 124.9
0.44 187.6  38.6  61.7 104.3 113.6 176.6 163.6  56.4 124.1  36.2 160.8  46.5 118.2 135.3 209.2  82.4 177.0  34.4 175.0 104.3 191.3   0.0  47.4  16.9  94.4  66.0 184.8 115.9  55.7 153.6 206.8 132.7  81.6 137.9  34.6 127.6  97.2  82.5 164.4 127.4 168.6   6.4 116.8  51.2  18.9 108.8  69.9  67.1
0.28 150.5  16.6 105.4 104.6 117.2 158.1 139.8  98.1 141.0  67.7 154.3  93.3  93.5 135.4 179.5  50.3 184.1  30.1 149.5 125.3 160.4  47.4   0.0  41.6  74.1  73.5 163.5  71.5  98.0 145.9 174.8 135.8  39.9 116.8  72.5  99.3  60.6  39.6 121.2  80.0 132.3  43.8  88.8  31.0  30.2  82.2  31.9  40.9
0.20 172.6  39.0  64.0  88.3  98.3 159.7 146.9  56.5 111.9  27.7 144.4  59.2 101.7 119.6 192.8  67.7 162.8  19.5 158.3  93.2 175.2  16.9  41.6   0.0  77.8  50.4 168.0 104.5  56.5 137.1 190.8 117.4  80.0 121.1  31.1 111.4  83.0  71.0 151.8 119.3 153.5  10.6 100.7  36.4  12.5  92.6  57.4  52.0
0.54 101.0  88.7 120.8  46.6  59.9  84.7  69.3 110.7  96.5  80.5  82.6 134.0  24.2  70.4 115.3  28.8 121.6  61.1  80.6  91.4  98.3  94.4  74.1  77.8   0.0  47.8  91.4  66.4 112.3  73.8 114.2  74.0 101.1  44.1  90.6  35.4  35.2  52.5  95.5  96.5  82.2  88.0  25.7  46.5  78.9  17.8  46.3  33.1
0.27 148.5  80.9  74.3  38.3  47.9 116.2 108.5  64.2  67.6  38.4  95.2  94.7  70.0  69.3 157.7  59.1 113.3  45.2 120.9  53.8 142.5  66.0  73.5  50.4  47.8   0.0 126.2 104.3  66.0  88.4 158.6  67.1 111.7  82.5  48.2  82.3  73.7  77.6 141.5 129.6 129.8  60.4  73.3  44.6  58.7  65.6  64.1  47.5
0.88  73.5 179.1 198.2  94.7  96.3  13.1  24.7 188.4 129.3 164.4  56.8 220.6  70.1  81.2  43.5 113.6 107.6 152.3  20.9 139.8  42.8 184.8 163.5 168.0  91.4 126.2   0.0 123.1 190.5  54.4  52.9  89.8 182.5  47.4 174.4  66.0 107.7 132.2 109.9 152.3  69.3 178.4  75.5 137.9 170.1  81.4 132.6 123.6
0.41  85.3  87.0 165.0 113.0 126.2 123.2  98.9 155.8 162.5 122.4 139.7 162.4  65.4 134.7 123.8  45.2 185.4  85.5 103.9 155.1 104.1 115.9  71.5 104.5  66.4 104.3 123.1   0.0 156.6 130.9 115.6 139.4  67.5  86.4 130.8  61.0  31.7  33.5  49.8  31.6  69.7 110.9  56.3  70.4  97.1  56.7  47.3  58.7
0.70 213.2  93.3   8.6  96.8  99.8 179.6 174.1   2.4  91.6  34.2 151.2  42.8 135.5 121.5 223.6 114.3 150.0  72.4 186.6  70.1 208.5  55.7  98.0  56.5 112.3  66.0 190.5 156.6   0.0 146.4 224.6 115.7 135.8 148.3  26.1 147.5 130.4 124.2 200.6 174.7 194.3  56.2 137.9  86.2  68.2 129.9 109.7  98.9
0.33 115.5 158.8 153.3  50.8  46.9  41.4  54.2 144.1  75.4 126.0   9.0 181.7  65.5  27.7  97.2 102.4  60.1 125.9  63.7  87.8  91.4 153.6 145.9 137.1  73.8  88.4  54.4 130.9 146.4   0.0 104.8  36.1 174.8  46.8 135.1  71.5 104.5 125.6 138.0 162.4 103.8 147.6  74.5 115.7 142.8  75.2 120.1 105.5
0.20  35.3 191.4 232.9 135.1 140.3  65.1  53.8 222.8 176.9 194.3 108.7 248.2  90.0 129.4  13.4 126.0 160.5 172.5  42.0 184.1  16.1 206.8 174.8 190.8 114.2 158.6  52.9 115.6 224.6 104.8   0.0 138.0 182.4  77.4 204.5  79.4 114.1 137.0  82.0 137.8  46.0 200.5  90.1 156.0 189.6  98.2 143.0 140.1
0.65 143.7 146.0 121.8  31.2  19.2  76.9  84.9 113.3  39.5 100.7  37.6 154.1  77.5   8.7 131.6 101.6  48.7 110.7  96.1  52.4 123.6 132.7 135.8 117.4  74.0  67.1  89.8 139.4 115.7  36.1 138.0   0.0 170.2  68.4 108.6  87.7 109.0 125.4 157.8 170.2 129.2 127.2  86.2 104.8 125.6  83.4 116.1  99.2
0.89 152.8  43.0 142.6 139.2 152.4 179.5 157.8 136.1 179.3 107.0 183.7 123.6 114.6 168.6 189.7  72.6 218.9  69.9 165.4 164.6 170.1  81.6  39.9  80.0 101.1 111.7 182.5  67.5 135.8 174.8 182.4 170.2   0.0 138.6 111.1 116.5  74.9  50.6 113.9  58.8 136.9  79.8 107.6  67.3  67.8 103.1  54.9  71.0
0.12  75.9 132.1 156.4  58.3  65.4  41.4  26.2 146.4 104.2 119.7  55.1 175.2  24.0  60.8  75.4  67.5 106.0 105.1  38.4 108.2  61.4 137.9 116.8 121.1  44.1  82.5  47.4  86.4 148.3  46.8  77.4  68.4 138.6   0.0 129.8  25.5  64.2  88.0  91.7 117.7  60.7 131.5  31.5  90.5 122.8  35.6  86.6  76.4
0.22 190.7  69.3  34.3  84.3  90.6 164.4 156.0  25.8  93.3  10.2 141.1  46.7 114.6 112.9 204.6  89.4 149.1  46.3 168.2  72.4 188.5  34.6  72.5  31.1  90.6  48.2 174.4 130.8  26.1 135.1 204.5 108.6 111.1 129.8   0.0 126.0 105.5  98.2 175.6 148.6 171.6  33.1 115.9  60.5  43.3 107.7  83.8  73.7
0.33  66.3 115.5 156.0  69.5  80.0  63.6  41.5 145.9 119.4 115.9  80.1 168.9  12.7  81.1  81.7  49.1 129.3  93.4  50.3 119.2  63.7 127.6  99.3 111.4  35.4  82.3  66.0  61.0 147.5  71.5  79.4  87.7 116.5  25.5 126.0   0.0  41.7  66.2  70.2  92.3  47.9 121.3  10.9  77.2 110.7  18.8  67.7  61.6
0.81  91.0  77.2 139.0  81.7  95.0 104.7  83.1 129.3 130.8  96.3 113.5 142.2  40.5 104.9 119.2  16.1 156.1  63.6  91.3 123.6  99.9  97.2  60.6  83.0  35.2  73.7 107.7  31.7 130.4 104.5 114.1 109.0  74.9  64.2 105.5  41.7   0.0  24.6  70.2  61.3  72.3  91.3  32.8  46.7  78.6  29.5  29.0  31.8
0.65 111.3  56.0 132.5  95.6 109.2 128.9 107.7 123.6 141.5  90.3 134.6 128.8  64.0 122.5 142.8  23.8 173.6  52.3 115.8 130.9 123.4  82.5  39.6  71.0  52.5  77.6 132.2  33.5 124.2 125.6 137.0 125.4  50.6  88.0  98.2  66.2  24.6   0.0  82.3  52.4  93.4  77.3  57.0  38.2  63.6  52.6  14.6  30.2
0.24  46.9 136.8 209.2 138.3 149.7 115.3  90.3 199.5 188.8 166.5 145.8 210.6  81.2 151.0  93.5  86.3 197.6 132.4  89.1 186.4  76.2 164.4 121.2 151.8  95.5 141.5 109.9  49.8 200.6 138.0  82.0 157.8 113.9  91.7 175.6  70.2  70.2  82.3   0.0  59.7  41.0 159.1  73.5 116.0 145.5  79.1  94.6 101.9
0.57 104.3  92.3 182.7 142.9 156.3 153.4 128.6 174.3 191.3 141.5 171.3 173.3  97.0 165.8 147.6  71.9 216.7 102.3 132.3 182.3 128.5 127.4  80.0 119.3  96.5 129.6 152.3  31.6 174.7 162.4 137.8 170.2  58.8 117.7 148.6  92.3  61.3  52.4  59.7   0.0  92.3 123.4  87.9  90.0 109.5  88.1  66.8  82.2
0.63  19.2 148.9 202.8 116.0 125.1  75.8  51.8 192.8 164.4 161.7 110.7 212.4  60.5 121.4  55.3  86.2 163.8 134.4  48.6 166.2  36.5 168.6 132.3 153.5  82.2 129.8  69.3  69.7 194.3 103.8  46.0 129.2 136.9  60.7 171.6  47.9  72.3  93.4  41.0  92.3   0.0 162.5  56.5 117.4 150.4  64.4 101.2 101.5
0.30 181.5  37.0  62.9  98.5 108.1 170.2 157.2  56.7 120.0  32.9 154.8  51.5 111.8 129.7 202.8  76.4 172.1  28.2 168.6 100.5 185.0   6.4  43.8  10.6  88.0  60.4 178.4 110.9  56.2 147.6 200.5 127.2  79.8 131.5  33.1 121.3  91.3  77.3 159.1 123.4 162.5   0.0 110.5  45.1  14.0 102.5  64.5  61.0
0.26  75.3 104.9 146.5  64.8  76.4  71.9  51.3 136.4 115.3 105.8  83.4 158.3   9.2  80.4  92.6  38.6 130.2  82.6  60.7 113.4  74.5 116.8  88.8 100.7  25.7  73.3  75.5  56.3 137.9  74.5  90.1  86.2 107.6  31.5 115.9  10.9  32.8  57.0  73.5  87.9  56.5 110.5   0.0  66.3  99.9   8.2  57.4  50.7
0.42 136.4  43.2  94.6  73.6  86.3 131.1 115.2  85.5 112.0  52.2 124.0  95.6  68.8 104.4 158.9  31.3 153.2  17.0 126.0  98.1 140.7  51.2  31.0  36.4  46.5  44.6 137.9  70.4  86.2 115.7 156.0 104.8  67.3  90.5  60.5  77.2  46.7  38.2 116.0  90.0 117.4  45.1  66.3   0.0  33.6  58.6  23.6  15.9
0.62 169.3  26.5  75.4  95.6 106.4 162.6 148.1  68.4 122.8  40.2 150.5  65.3 102.0 127.1 192.4  64.2 172.0  17.8 159.1 104.6 174.3  18.9  30.2  12.5  78.9  58.7 170.1  97.1  68.2 142.8 189.6 125.6  67.8 122.8  43.3 110.7  78.6  63.6 145.5 109.5 150.4  14.0  99.9  33.6   0.0  92.1  51.1  49.5
0.66  83.3  98.0 138.4  59.8  72.0  76.8  57.6 128.4 110.4  97.7  84.2 150.2  11.6  78.2 100.4  32.2 128.8  74.7  67.7 107.3  82.6 108.8  82.2  92.6  17.8  65.6  81.4  56.7 129.9  75.2  98.2  83.4 103.1  35.6 107.7  18.8  29.5  52.6  79.1  88.1  64.4 102.5   8.2  58.6  92.1   0.0  51.3  43.2
0.61 119.7  48.4 118.0  85.5  99.0 128.0 108.6 109.0 129.4  75.7 128.9 116.0  62.8 114.0 147.6  19.1 164.7  38.3 117.9 117.8 128.5  69.9  31.9  57.4  46.3  64.1 132.6  47.3 109.7 120.1 143.0 116.1  54.9  86.6  83.8  67.7  29.0  14.6  94.6  66.8 101.2  64.5  57.4  23.6  51.1  51.3   0.0  17.4
0.68 120.6  55.7 107.4  68.4  81.9 117.5 100.4  97.9 112.0  64.7 114.2 111.1  53.8  97.6 143.2  15.9 147.9  32.8 110.9 100.8 124.9  67.1  40.9  52.0  33.1  47.5 123.6  58.7  98.9 105.5 140.1  99.2  71.0  76.4  73.7  61.6  31.8  30.2 101.9  82.2 101.5  61.0  50.7  15.9  49.5  43.2  17.4   0.0
