48
9
0.46   0.0 148.3  24.6  73.8 126.2  38.5  37.1  45.7 100.7 102.1  95.9  57.5 143.2 104.3  98.0 104.6 136.6  89.2 133.8 121.5  74.2 109.4  52.1 129.6  32.0 131.6  80.8  92.8  99.4  84.2 122.6 124.1  42.9 156.9  96.8  52.7  36.6  95.5  69.4 106.1  75.5  75.0 118.8 135.7  96.8  66.7 114.5 165.8
0.79 148.3   0.0 124.9  74.6  84.9 180.7 184.1 103.9 203.7 133.1  94.3 109.0  41.9  44.0 205.6 170.7  48.1  59.2  32.2 119.6 202.8  62.2 110.2 114.7 142.9 111.7  92.3 155.4 206.5 134.3  36.4  64.0 191.2  61.9  53.1 100.7 182.4  74.7  81.3 160.6 183.5 146.6 120.2 128.0 184.0 158.5  40.4  65.2
0.21  24.6 124.9   0.0  50.7 112.3  56.8  61.7  26.4 116.4  86.4  73.7  35.9 118.7  81.1 103.3  97.6 112.1  65.7 109.4 102.5  86.5  85.0  41.6 109.5  40.4 111.1  67.5  83.4 116.0  83.5 101.3 106.9  66.8 138.8  74.7  28.3  61.0  71.4  45.0  96.2  79.2  65.4 100.0 117.1  95.2  75.8  90.1 147.6
0.11  73.8  74.6  50.7   0.0  77.6 107.2 109.7  30.2 142.0  92.9  60.0  45.9  75.6  30.6 143.0 120.8  71.2  15.7  63.6  95.5 133.3  49.8  43.3  97.8  71.7  97.4  44.5 104.5 143.5  83.5  51.9  65.1 116.7  93.4  24.6  30.9 108.2  43.5  14.8 114.3 119.1  89.9  94.2 109.5 127.0  95.8  43.8 101.8
0.27 126.2  84.9 112.3  77.6   0.0 164.7 151.9  86.2 137.1 170.1 134.7 122.4 117.5  71.0 214.8 197.9 119.1  76.0 103.0 169.5 198.3 113.1  74.1 169.5 103.4 168.2  45.4 181.7 141.3  66.4  51.7  21.1 163.5  42.1  62.0 105.6 148.6 114.7  92.4 191.9 190.5 166.3 168.6 182.4 202.3  99.3  91.9  49.4
0.75  38.5 180.7  56.8 107.2 164.7   0.0  34.3  82.2 118.7 104.2 112.1  77.1 169.1 137.3  68.3  91.8 161.5 121.8 162.0 128.6  38.2 133.5  90.6 138.4  66.9 141.3 119.3  85.3 115.8 119.8 158.2 162.1  25.4 194.6 131.5  80.3  37.8 118.3  99.4  97.6  50.9  71.2 125.7 140.9  76.8  96.3 143.7 203.4
0.74  37.1 184.1  61.7 109.7 151.9  34.3   0.0  80.3  84.9 131.4 131.1  93.0 180.3 140.1 102.1 124.4 173.7 125.3 170.8 153.5  69.9 146.4  80.2 162.5  48.5 164.8 108.3 116.2  81.7  97.3 156.3 153.6  13.8 186.8 131.7  89.8   4.2 132.3 106.3 129.1  85.1 100.2 150.7 167.0 110.7  68.5 151.3 195.6
0.72  45.7 103.9  26.4  30.2  86.2  82.2  80.3   0.0 115.5  98.3  74.9  44.4 104.9  60.0 128.7 117.2  99.8  45.8  93.5 108.5 112.9  75.5  21.5 113.4  42.1 114.0  42.2 101.8 116.4  67.0  76.9  80.5  88.2 112.6  51.5  27.8  78.5  65.0  32.2 113.7 104.4  84.6 106.5 123.2 118.1  70.3  73.7 121.4
0.63 100.7 203.7 116.4 142.0 137.1 118.7  84.9 115.5   0.0 201.9 188.3 151.9 216.9 165.5 186.9 204.3 213.1 155.6 203.8 218.8 154.5 190.7  98.7 225.5  76.4 226.8 111.5 193.4   5.6  71.7 168.3 150.1  97.0 179.1 153.6 139.9  81.0 180.5 147.6 206.6 168.8 175.7 216.4 233.4 193.5  46.3 184.6 186.6
0.34 102.1 133.1  86.4  92.9 170.1 104.2 131.4  98.3 201.9   0.0  39.2  54.0 100.4 105.6  85.6  39.6  91.5  95.4 102.4  26.7 100.5  70.9 119.7  37.5 126.8  41.3 134.9  27.8 201.1 165.2 132.9 155.4 128.1 178.2 110.1  70.7 133.1  60.3  78.2  28.1  71.7  33.6  23.9  37.0  58.4 162.2  94.3 185.4
0.73  95.9  94.3  73.7  60.0 134.7 112.1 131.1  74.9 188.3  39.2   0.0  38.4  65.1  67.3 115.5  76.4  56.3  58.8  64.6  35.5 121.1  32.2  95.6  38.7 112.1  39.1 104.3  61.5 188.5 140.3  94.4 118.5 131.9 139.6  73.2  48.5 131.6  21.3  46.8  66.3  96.2  55.8  34.2  49.6  91.3 144.6  55.2 146.7
0.84  57.5 109.0  35.9  45.9 122.4  77.1  93.0  44.4 151.9  54.0  38.4   0.0  92.3  69.5  98.5  75.6  84.5  55.0  86.2  66.9  94.0  56.5  65.8  73.7  75.6  75.2  83.0  59.6 151.7 111.3  95.4 110.9  94.7 138.8  68.7  17.4  93.3  41.3  31.9  70.5  75.3  44.1  64.6  81.6  81.2 109.9  69.5 147.0
0.77 143.2  41.9 118.7  75.6 117.5 169.1 180.3 104.9 216.9 100.4  65.1  92.3   0.0  53.1 180.7 139.8   8.9  61.4  14.7  82.4 184.2  35.9 118.5  75.8 147.0  72.4 110.0 125.8 218.7 153.2  65.9  96.7 184.6 102.4  65.5  90.7 179.6  51.3  74.4 128.5 160.8 120.9  83.5  88.6 156.1 170.7  32.4 106.6
0.29 104.3  44.0  81.1  30.6  71.0 137.3 140.1  60.0 165.5 105.6  67.3  69.5  53.1   0.0 167.9 139.2  51.7  15.6  38.9 100.3 161.5  42.2  68.5  99.3 100.0  97.7  56.9 123.1 167.7 100.2  27.4  52.4 147.2  72.6  12.4  58.4 138.5  46.1  39.0 130.8 144.7 111.1  99.8 112.4 149.0 119.4  22.1  80.1
0.50  98.0 205.6 103.3 143.0 214.8  68.3 102.1 128.7 186.9  85.6 115.5  98.5 180.7 167.9   0.0  50.4 171.8 153.4 178.9 111.8  34.4 146.4 144.5 122.5 129.9 126.5 170.6  57.8 183.7 182.1 193.8 206.8  90.7 236.4 166.8 112.1 105.8 131.9 130.0  62.3  24.3  59.8 109.1 118.3  28.2 162.8 165.3 244.8
0.12 104.6 170.7  97.6 120.8 197.9  91.8 124.4 117.2 204.3  39.6  76.4  75.6 139.8 139.2  50.4   0.0 130.8 126.9 140.9  63.5  74.4 108.7 137.3  74.0 134.6  78.0 158.0  16.3 202.4 181.0 166.5 185.6 117.2 211.4 141.5  92.8 127.2  96.3 106.1  12.4  45.2  32.6  61.1  68.4  22.4 170.6 131.0 219.1
0.16 136.6  48.1 112.1  71.2 119.1 161.5 173.7  99.8 213.1  91.5  56.3  84.5   8.9  51.7 171.8 130.8   0.0  57.9  17.1  73.9 175.8  28.0 114.4  67.7 141.9  64.4 108.0 116.9 214.7 151.0  68.0  98.6 177.6 106.9  63.9  83.9 173.1  43.3  68.5 119.6 152.1 112.1  74.9  80.7 147.2 166.9  29.8 111.7
0.12  89.2  59.2  65.7  15.7  76.0 121.8 125.3  45.8 155.6  95.4  58.8  55.0  61.4  15.6 153.4 126.9  57.9   0.0  48.6  93.6 146.2  40.4  57.1  94.1  87.0  93.1  51.7 110.6 157.4  93.7  40.4  60.0 132.1  84.6  14.8  42.9 123.9  38.9  23.7 119.2 130.0  97.7  92.6 106.7 135.4 109.3  29.0  92.6
0.38 133.8  32.2 109.4  63.6 103.0 162.0 170.8  93.5 203.8 102.4  64.6  86.2  14.7  38.9 178.9 140.9  17.1  48.6   0.0  87.6 179.7  32.6 105.7  82.5 135.3  79.6  95.8 126.1 205.7 139.1  51.6  82.3 176.0  89.9  51.3  82.2 169.8  47.1  64.5 130.3 157.9 119.1  88.2  95.8 155.7 157.5  19.8  94.7
0.67 121.5 119.6 102.5  95.5 169.5 128.6 153.5 108.5 218.8  26.7  35.5  66.9  82.4 100.3 111.8  63.5  73.9  93.6  87.6   0.0 127.1  59.9 129.7  10.8 142.5  14.7 139.8  54.1 218.5 174.8 126.5 152.4 151.5 171.1 107.5  80.9 154.8  54.8  82.1  51.2  98.4  59.5   2.9  14.8  84.0 176.6  84.4 177.6
0.43  74.2 202.8  86.5 133.3 198.3  38.2  69.9 112.9 154.5 100.5 121.1  94.0 184.2 161.5  34.4  74.4 175.8 146.2 179.7 127.1   0.0 148.4 125.0 137.8 104.5 141.4 153.0  74.9 151.1 157.5 185.2 193.4  57.6 224.9 157.9 103.2  73.9 133.1 122.6  84.1  29.7  68.1 124.2 136.7  53.7 134.5 163.5 233.6
0.24 109.4  62.2  85.0  49.8 113.1 133.5 146.4  75.5 190.7  70.9  32.2  56.5  35.9  42.2 146.4 108.7  28.0  40.4  32.6  59.9 148.4   0.0  92.6  57.6 117.2  55.7  91.9  93.7 191.8 133.0  66.9  94.5 149.9 111.2  51.7  56.8 146.0  15.4  43.4  98.4 125.7  86.6  59.9  70.9 123.0 144.8  24.5 117.7
0.34  52.1 110.2  41.6  43.3  74.1  90.6  80.2  21.5  98.7 119.7  95.6  65.8 118.5  68.5 144.5 137.3 114.4  57.1 105.7 129.7 125.0  92.6   0.0 134.3  33.6 134.7  28.9 122.2 100.3  45.5  78.3  73.5  90.7 106.7  57.4  49.3  77.5  83.8  50.6 134.4 120.6 104.7 127.7 144.4 136.5  52.5  86.2 115.5
0.25 129.6 114.7 109.5  97.8 169.5 138.4 162.5 113.4 225.5  37.5  38.7  73.7  75.8  99.3 122.5  74.0  67.7  94.1  82.5  10.8 137.8  57.6 134.3   0.0 149.1   4.1 142.3  64.9 225.4 179.0 124.5 151.7 161.0 168.5 107.5  86.4 163.6  55.3  85.3  61.6 109.2  70.1  13.6  13.4  94.7 182.6  81.7 174.6
0.70  32.0 142.9  40.4  71.7 103.4  66.9  48.5  42.1  76.4 126.8 112.1  75.6 147.0 100.0 129.9 134.6 141.9  87.0 135.3 142.5 104.5 117.2  33.6 149.1   0.0 150.4  60.3 121.7  76.5  53.0 111.8 105.8  60.5 139.0  89.8  63.8  45.3 105.6  73.8 134.8 107.6 103.6 140.1 157.2 128.4  36.0 115.5 147.7
0.21 131.6 111.7 111.1  97.4 168.2 141.3 164.8 114.0 226.8  41.3  39.1  75.2  72.4  97.7 126.5  78.0  64.4  93.1  79.6  14.7 141.4  55.7 134.7   4.1 150.4   0.0 141.9  68.8 226.8 179.2 122.5 150.1 163.6 166.2 106.2  87.3 165.8  54.5  85.3  65.7 112.8  73.5  17.4  16.3  98.7 183.5  79.5 172.2
0.15  80.8  92.3  67.5  44.5  45.4 119.3 108.3  42.2 111.5 134.9 104.3  83.0 110.0  56.9 170.6 158.0 108.0  51.7  95.8 139.8 153.0  91.9  28.9 142.3  60.3 141.9   0.0 142.2 114.4  43.4  57.0  45.6 119.3  78.7  44.5  65.6 105.4  87.7  57.7 153.5 146.4 125.6 138.3 153.9 160.1  66.8  78.2  87.4
0.52  92.8 155.4  83.4 104.5 181.7  85.3 116.2 101.8 193.4  27.8  61.5  59.6 125.8 123.1  57.8  16.3 116.9 110.6 126.1  54.1  74.9  93.7 122.2  64.9 121.7  68.8 142.2   0.0 191.8 166.5 150.3 169.3 110.5 195.2 125.3  76.8 118.5  80.8  89.8  13.3  45.4  18.1  51.4  62.1  30.8 157.7 115.4 202.9
0.39  99.4 206.5 116.0 143.5 141.3 115.8  81.7 116.4   5.6 201.1 188.5 151.7 218.7 167.7 183.7 202.4 214.7 157.4 205.7 218.5 151.1 191.8 100.3 225.4  76.5 226.8 114.4 191.8   0.0  75.5 171.3 153.7  93.5 183.2 155.9 140.2  78.0 181.3 148.6 205.0 166.2 174.3 216.0 233.1 191.1  48.3 186.4 190.7
0.75  84.2 134.3  83.5  83.5  66.4 119.8  97.3  67.0  71.7 165.2 140.3 111.3 153.2 100.2 182.1 181.0 151.0  93.7 139.1 174.8 157.5 133.0  45.5 179.0  53.0 179.2  43.4 166.5  75.5   0.0  98.2  78.4 110.6 107.9  87.8  94.8  93.4 126.6  94.0 179.0 159.0 148.6 173.0 189.5 177.9  34.0 121.3 115.7
0.23 122.6  36.4 101.3  51.9  51.7 158.2 156.3  76.9 168.3 132.9  94.4  95.4  65.9  27.4 193.8 166.5  68.0  40.4  51.6 126.5 185.2  66.9  78.3 124.5 111.8 122.5  57.0 150.3 171.3  98.2   0.0  30.7 165.0  45.3  27.3  82.4 154.1  73.0  63.8 158.2 170.2 137.9 126.2 137.9 175.8 123.7  43.2  52.7
0.82 124.1  64.0 106.9  65.1  21.1 162.1 153.6  80.5 150.1 155.4 118.5 110.9  96.7  52.4 206.8 185.6  98.6  60.0  82.3 152.4 193.4  94.5  73.5 151.7 105.8 150.1  45.6 169.3 153.7  78.4  30.7   0.0 164.2  33.2  45.3  95.2 150.8  97.7  79.6 178.7 182.6 155.0 151.8 164.8 192.0 108.7  72.2  42.0
0.21  42.9 191.2  66.8 116.7 163.5  25.4  13.8  88.2  97.0 128.1 131.9  94.7 184.6 147.2  90.7 117.2 177.6 132.1 176.0 151.5  57.6 149.9  90.7 161.0  60.5 163.6 119.3 110.5  93.5 110.6 165.0 164.2   0.0 197.3 139.6  93.9  18.0 135.2 111.7 122.9  75.6  95.7 148.7 164.5 101.8  82.2 156.8 206.1
0.12 156.9  61.9 138.8  93.4  42.1 194.6 186.8 112.6 179.1 178.2 139.6 138.8 102.4  72.6 236.4 211.4 106.9  84.6  89.9 171.1 224.9 111.2 106.7 168.5 139.0 166.2  78.7 195.2 183.2 107.9  45.3  33.2 197.3   0.0  70.2 124.3 183.9 118.3 106.9 203.3 212.4 182.2 170.9 181.9 219.8 139.9  86.9   8.8
0.25  96.8  53.1  74.7  24.6  62.0 131.5 131.7  51.5 153.6 110.1  73.2  68.7  65.5  12.4 166.8 141.5  63.9  14.8  51.3 107.5 157.9  51.7  57.4 107.5  89.8 106.2  44.5 125.3 155.9  87.8  27.3  45.3 139.6  70.2   0.0  55.2 129.9  52.7  36.8 134.0 143.1 112.0 106.8 120.3 149.6 107.6  34.1  78.3
0.75  52.7 100.7  28.3  30.9 105.6  80.3  89.8  27.8 139.9  70.7  48.5  17.4  90.7  58.4 112.1  92.8  83.9  42.9  82.2  80.9 103.2  56.8  49.3  86.4  63.8  87.3  65.6  76.8 140.2  94.8  82.4  95.2  93.9 124.3  55.2   0.0  89.3  43.2  19.5  87.9  88.2  60.8  78.9  95.7  97.0  96.2  63.5 132.7
0.30  36.6 182.4  61.0 108.2 148.6  37.8   4.2  78.5  81.0 133.1 131.6  93.3 179.6 138.5 105.8 127.2 173.1 123.9 169.8 154.8  73.9 146.0  77.5 163.6  45.3 165.8 105.4 118.5  78.0  93.4 154.1 150.8  18.0 183.9 129.9  89.3   0.0 132.0 105.4 131.5  88.5 102.3 152.0 168.4 113.9  64.3 150.3 192.7
0.56  95.5  74.7  71.4  43.5 114.7 118.3 132.3  65.0 180.5  60.3  21.3  41.3  51.3  46.1 131.9  96.3  43.3  38.9  47.1  54.8 133.1  15.4  83.8  55.3 105.6  54.5  87.7  80.8 181.3 126.6  73.0  97.7 135.2 118.3  52.7  43.2 132.0   0.0  33.3  86.8 110.8  72.3  54.1  67.8 109.4 135.2  34.6 125.3
0.38  69.4  81.3  45.0  14.8  92.4  99.4 106.3  32.2 147.6  78.2  46.8  31.9  74.4  39.0 130.0 106.1  68.5  23.7  64.5  82.1 122.6  43.4  50.6  85.3  73.8  85.3  57.7  89.8 148.6  94.0  63.8  79.6 111.7 106.9  36.8  19.5 105.4  33.3   0.0  99.5 106.4  75.6  80.6  96.5 113.0 102.1  45.2 115.1
0.53 106.1 160.6  96.2 114.3 191.9  97.6 129.1 113.7 206.6  28.1  66.3  70.5 128.5 130.8  62.3  12.4 119.6 119.2 130.3  51.2  84.1  98.4 134.4  61.6 134.8  65.7 153.5  13.3 205.0 179.0 158.2 178.7 122.9 203.3 134.0  87.9 131.5  86.8  99.5   0.0  54.4  31.2  48.8  56.1  34.1 170.9 121.3 210.9
0.63  75.5 183.5  79.2 119.1 190.5  50.9  85.1 104.4 168.8  71.7  96.2  75.3 160.8 144.7  24.3  45.2 152.1 130.0 157.9  98.4  29.7 125.7 120.6 109.2 107.6 112.8 146.4  45.4 166.2 159.0 170.2 182.6  75.6 212.4 143.1  88.2  88.5 110.8 106.4  54.4   0.0  40.9  95.5 107.3  26.4 141.5 143.3 220.9
0.80  75.0 146.6  65.4  89.9 166.3  71.2 100.2  84.6 175.7  33.6  55.8  44.1 120.9 111.1  59.8  32.6 112.1  97.7 119.1  59.5  68.1  86.6 104.7  70.1 103.6  73.5 125.6  18.1 174.3 148.6 137.9 155.0  95.7 182.2 112.0  60.8 102.3  72.3  75.6  31.2  40.9   0.0  56.6  70.6  37.9 139.6 106.2 190.2
0.85 118.8 120.2 100.0  94.2 168.6 125.7 150.7 106.5 216.4  23.9  34.2  64.6  83.5  99.8 109.1  61.1  74.9  92.6  88.2   2.9 124.2  59.9 127.7  13.6 140.1  17.4 138.3  51.4 216.0 173.0 126.2 151.8 148.7 170.9 106.8  78.9 152.0  54.1  80.6  48.8  95.5  56.6   0.0  17.1  81.5 174.3  84.4 177.5
0.86 135.7 128.0 117.1 109.5 182.4 140.9 167.0 123.2 233.4  37.0  49.6  81.6  88.6 112.4 118.3  68.4  80.7 106.7  95.8  14.8 136.7  70.9 144.4  13.4 157.2  16.3 153.9  62.1 233.1 189.5 137.9 164.8 164.5 181.9 120.3  95.7 168.4  67.8  96.5  56.1 107.3  70.6  17.1   0.0  90.2 191.4  95.1 188.0
0.18  96.8 184.0  95.2 127.0 202.3  76.8 110.7 118.1 193.5  58.4  91.3  81.2 156.1 149.0  28.2  22.4 147.2 135.4 155.7  84.0  53.7 123.0 136.5  94.7 128.4  98.7 160.1  30.8 191.1 177.9 175.8 192.0 101.8 219.8 149.6  97.0 113.9 109.4 113.0  34.1  26.4  37.9  81.5  90.2   0.0 163.5 143.7 227.9
0.22  66.7 158.5  75.8  95.8  99.3  96.3  68.5  70.3  46.3 162.2 144.6 109.9 170.7 119.4 162.8 170.6 166.9 109.3 157.5 176.6 134.5 144.8  52.5 182.6  36.0 183.5  66.8 157.7  48.3  34.0 123.7 108.7  82.2 139.9 107.6  96.2  64.3 135.2 102.1 170.9 141.5 139.6 174.3 191.4 163.5   0.0 138.3 148.0
0.55 114.5  40.4  90.1  43.8  91.9 143.7 151.3  73.7 184.6  94.3  55.2  69.5  32.4  22.1 165.3 131.0  29.8  29.0  19.8  84.4 163.5  24.5  86.2  81.7 115.5  79.5  78.2 115.4 186.4 121.3  43.2  72.2 156.8  86.9  34.1  63.5 150.3  34.6  45.2 121.3 143.3 106.2  84.4  95.1 143.7 138.3   0.0  93.2
0.74 165.8  65.2 147.6 101.8  49.4 203.4 195.6 121.4 186.6 185.4 146.7 147.0 106.6  80.1 244.8 219.1 111.7  92.6  94.7 177.6 233.6 117.7 115.5 174.6 147.7 172.2  87.4 202.9 190.7 115.7  52.7  42.0 206.1   8.8  78.3 132.7 192.7 125.3 115.1 210.9 220.9 190.2 177.5 188.0 227.9 148.0  93.2   0.0
