44
8
0.36   0.0 125.6  71.1  59.1 147.3  64.9  89.7  80.4  11.9  86.2 190.2 112.0 121.8  26.8 178.2 140.3 150.1 154.0  61.1 160.6  86.5  41.9  35.6  79.3 176.6  73.8 133.5 109.8 114.2  63.8  46.5  76.3  59.4 101.4  56.7  65.9  62.5  29.5  65.6 114.6  25.2  68.0  78.3  10.9
0.62 125.6   0.0 190.6  68.1 138.3  84.8 135.6 164.0 131.4 107.6  73.7 175.0 157.4 123.1 190.1  52.0  91.7 171.4  85.4 122.0 177.9  95.0  97.7 141.1 179.9 168.3  31.1  53.7  89.1 109.9 170.7 115.4 169.2 147.9 125.9 137.3  72.3 118.1 148.2  66.6 100.8  68.7 143.3 135.7
0.64  71.1 190.6   0.0 122.6 163.5 135.6  98.1  61.0  72.6 114.3 247.0  92.6 119.7  67.6 173.9 192.8 189.2 152.4 110.3 188.3  52.7 112.8 106.6  82.6 177.8  47.0 191.7 161.4 151.1  94.9  27.8 140.7  27.1 101.7  76.8  73.3 133.4  95.8  61.8 185.7  95.1 138.8  79.7  60.3
0.37  59.1  68.1 122.6   0.0 119.0  50.6  85.5 102.8  66.8  63.9 131.3 122.1 115.2  55.4 163.0  83.5 101.7 140.0  28.7 120.6 115.3  42.2  40.8  85.0 156.9 104.3  74.7  55.2  72.9  53.5 102.9  82.7 102.1  99.3  64.5  77.1  34.3  60.4  85.9  80.4  36.1  37.0  86.3  68.5
0.33 147.3 138.3 163.5 119.0   0.0 169.6  65.7 104.1 159.2  61.4 140.6  83.8  50.5 122.1  52.3  95.4  58.7  38.8  94.2  34.1 116.8 157.5 153.5  81.0  41.6 117.5 112.6  85.3  50.6  83.5 164.2 200.8 136.9  62.8  94.6  92.2 153.2 167.4 102.1 189.9 140.6 155.2  83.9 149.0
0.72  64.9  84.8 135.6  50.6 169.6   0.0 130.6 137.4  63.7 113.0 158.1 163.3 162.2  80.7 212.7 121.5 148.2 189.2  77.2 169.9 146.7  23.1  29.7 126.4 207.1 134.3 106.2  99.6 122.9  98.1 109.5  33.8 123.5 144.4 103.0 115.4  17.1  42.2 120.5  50.6  44.5  17.6 126.8  75.5
0.56  89.7 135.6  98.1  85.5  65.7 130.6   0.0  41.0 101.3  28.6 169.4  39.4  32.6  62.9  88.5 114.4  97.5  64.3  57.0  91.0  55.5 112.4 106.8  15.5  87.6  53.3 122.1  87.5  62.1  32.6  99.1 156.4  71.4  13.8  33.1  27.1 117.2 115.1  36.5 165.8  91.3 121.1  18.5  88.7
0.16  80.4 164.0  61.0 102.8 104.1 137.4  41.0   0.0  89.8  65.0 206.7  34.6  58.7  57.2 113.6 151.2 138.1  91.6  78.8 131.6  15.0 115.4 109.0  27.0 117.0  14.0 155.8 121.9 101.6  54.3  70.0 155.9  36.9  41.3  38.6  26.7 127.8 109.7  17.1 180.7  93.1 132.7  23.9  74.6
0.28  11.9 131.4  72.6  66.8 159.2  63.7 101.3  89.8   0.0  98.0 198.1 122.2 133.3  38.4 189.8 149.4 160.9 165.6  71.9 172.1  94.6  41.7  36.3  90.5 188.3  82.0 141.5 119.4 125.5  75.7  45.9  69.8  65.2 112.8  68.2  76.9  64.4  23.4  75.8 114.2  31.0  69.7  89.4  15.5
0.26  86.2 107.6 114.3  63.9  61.4 113.0  28.6  65.0  98.0   0.0 142.0  67.8  52.3  61.9  99.7  86.7  75.1  76.2  35.8  76.7  80.0  98.1  93.5  38.3  94.8  74.6  93.5  59.0  37.3  22.8 108.5 142.2  87.4  40.3  38.0  41.8  97.8 106.3  54.4 142.5  79.7 100.9  41.2  88.6
0.23 190.2  73.7 247.0 131.3 140.6 158.1 169.4 206.7 198.1 142.0   0.0 206.1 179.1 180.7 190.4  55.5  81.9 179.3 136.7 110.4 221.7 165.9 167.6 180.2 177.2 214.9  56.7  86.0 108.0 154.8 231.7 189.1 222.3 177.8 173.2 181.5 144.5 188.3 194.0 135.8 167.2 141.4 183.1 199.1
0.64 112.0 175.0  92.6 122.1  83.8 163.3  39.4  34.6 122.2  67.8 206.1   0.0  33.4  86.5  81.6 151.9 129.8  61.7  94.4 115.8  40.0 142.8 136.7  37.3  87.0  47.4 160.9 126.4  98.1  68.7 104.4 185.3  70.9  28.4  60.3  48.1 151.6 140.5  46.5 202.3 120.6 155.9  36.6 107.4
0.41 121.8 157.4 119.7 115.2  50.5 162.2  32.6  58.7 133.3  52.3 179.1  33.4   0.0  95.0  57.2 126.8  99.8  33.6  86.5  83.0  69.3 144.6 139.1  43.3  58.6  72.7 138.8 105.3  72.7  64.2 126.1 188.7  94.8  20.6  65.2  56.9 148.1 147.6  62.6 194.7 123.7 151.7  45.1 120.1
0.68  26.8 123.1  67.6  55.4 122.1  80.7  62.9  57.2  38.4  61.9 180.7  86.5  95.0   0.0 151.4 127.6 131.0 127.2  44.6 138.0  66.0  58.4  51.8  52.6 150.0  53.7 124.6  96.2  93.6  39.1  51.6  99.1  46.9  74.6  29.9  39.4  72.8  54.0  40.9 126.5  36.2  78.0  51.8  26.9
0.29 178.2 190.1 173.9 163.0  52.3 212.7  88.5 113.6 189.8  99.7 190.4  81.6  57.2 151.4   0.0 147.6 109.5  24.2 135.5  80.1 121.5 197.3 192.4 100.5  14.0 127.5 164.9 136.7 101.3 117.4 182.7 241.5 150.4  77.8 121.6 114.0 197.2 202.8 119.5 238.5 177.6 200.0 102.3 177.0
0.75 140.3  52.0 192.8  83.5  95.4 121.5 114.4 151.2 149.4  86.7  55.5 151.9 126.8 127.6 147.6   0.0  41.3 132.4  83.1  72.8 166.2 123.1 123.2 124.8 135.8 159.5  21.0  31.5  54.3  99.5 179.1 155.1 167.5 123.5 118.0 126.1 105.4 143.5 138.6 116.9 119.4 104.0 127.7 148.3
0.21 150.1  91.7 189.2 101.7  58.7 148.2  97.5 138.1 160.9  75.1  81.9 129.8  99.8 131.0 109.5  41.3   0.0  97.4  89.0  31.7 152.8 143.9 142.2 111.2  96.8 149.0  61.6  48.8  38.2  95.0 181.2 181.9 162.4 102.6 112.5 116.8 131.2 160.8 129.2 153.3 134.1 131.2 114.3 155.7
0.30 154.0 171.4 152.4 140.0  38.8 189.2  64.3  91.6 165.6  76.2 179.3  61.7  33.6 127.2  24.2 132.4  97.4   0.0 112.0  71.8 100.8 173.4 168.4  76.7  25.4 105.6 148.1 117.8  82.4  93.3 159.7 217.6 128.1  54.0  97.4  90.1 174.0 178.6  96.2 216.7 153.5 176.9  78.6 152.9
0.29  61.1  85.4 110.3  28.7  94.2  77.2  57.0  78.8  71.9  35.8 136.7  94.4  86.5  44.6 135.5  83.1  89.0 112.0   0.0 101.5  92.6  63.3  59.4  58.0 130.1  83.0  81.5  51.6  53.9  25.9  96.1 106.9  86.2  70.7  40.5  52.2  62.0  74.7  62.9 108.8  47.4  65.3  59.7  67.2
0.19 160.6 122.0 188.3 120.6  34.1 169.9  91.0 131.6 172.1  76.7 110.4 115.8  83.0 138.0  80.1  72.8  31.7  71.8 101.5   0.0 145.5 162.1 159.4 106.2  66.8 144.3  92.8  74.0  48.0  99.2 185.0 203.0 161.3  91.8 114.2 115.1 152.9 176.1 126.5 181.0 148.8 153.7 109.3 164.4
0.25  86.5 177.9  52.7 115.3 116.8 146.7  55.5  15.0  94.6  80.0 221.7  40.0  69.3  66.0 121.5 166.2 152.8 100.8  92.6 145.5   0.0 124.2 117.6  42.0 126.2  12.7 170.5 136.8 116.5  68.7  67.4 162.8  33.5  54.1  52.0  41.0 138.3 116.0  29.7 191.7 102.2 143.4  38.9  79.1
0.62  41.9  95.0 112.8  42.2 157.5  23.1 112.4 115.4  41.7  98.1 165.9 142.8 144.6  58.4 197.3 123.1 143.9 173.4  63.3 162.1 124.2   0.0   6.6 106.5 192.8 111.7 110.8  96.8 114.1  80.5  87.1  44.3 100.4 125.8  82.7  94.7  23.7  23.3  98.8  72.9  22.4  28.6 106.6  52.5
0.39  35.6  97.7 106.6  40.8 153.5  29.7 106.8 109.0  36.3  93.5 167.6 136.7 139.1  51.8 192.4 123.2 142.2 168.4  59.4 159.4 117.6   6.6   0.0 100.5 188.2 105.1 112.0  96.0 111.3  75.2  81.3  49.6  93.8 120.1  76.6  88.6  28.2  20.7  92.4  79.1  16.0  33.5 100.5  46.3
0.18  79.3 141.1  82.6  85.0  81.0 126.4  15.5  27.0  90.5  38.3 180.2  37.3  43.3  52.6 100.5 124.8 111.2  76.7  58.0 106.2  42.0 106.5 100.5   0.0 100.9  38.3 130.5  96.3  74.6  32.1  84.3 149.7  55.9  22.7  23.9  13.6 114.3 106.3  21.1 165.2  84.5 118.7   3.1  76.9
0.23 176.6 179.9 177.8 156.9  41.6 207.1  87.6 117.0 188.3  94.8 177.2  87.0  58.6 150.0  14.0 135.8  96.8  25.4 130.1  66.8 126.2 192.8 188.2 100.9   0.0 131.0 153.8 126.8  91.8 114.2 184.6 236.9 153.4  78.5 120.4 114.1 191.2 199.9 120.9 230.5 174.0 193.7 103.1 176.2
0.71  73.8 168.3  47.0 104.3 117.5 134.3  53.3  14.0  82.0  74.6 214.9  47.4  72.7  53.7 127.5 159.5 149.0 105.6  83.0 144.3  12.7 111.7 105.1  38.3 131.0   0.0 162.5 129.3 111.8  60.5  57.3 150.1  23.5  55.1  42.7  33.4 126.3 103.3  20.9 179.8  89.7 131.4  35.1  66.5
0.22 133.5  31.1 191.7  74.7 112.6 106.2 122.1 155.8 141.5  93.5  56.7 160.9 138.8 124.6 164.9  21.0  61.6 148.1  81.5  92.8 170.5 110.8 112.0 130.5 153.8 162.5   0.0  34.5  66.7 102.1 175.3 139.0 167.7 132.7 120.0 129.6  91.0 132.6 141.7  96.7 110.6  88.8 133.1 142.4
0.47 109.8  53.7 161.4  55.2  85.3  99.6  87.5 121.9 119.4  59.0  86.0 126.4 105.3  96.2 136.7  31.5  48.8 117.8  51.6  74.0 136.8  96.8  96.0  96.3 126.8 129.3  34.5   0.0  35.5  69.0 147.7 133.3 136.4  98.3  87.2  96.1  82.6 115.6 108.4 107.2  90.2  82.4  98.9 117.3
0.57 114.2  89.1 151.1  72.9  50.6 122.9  62.1 101.6 125.5  37.3 108.0  98.1  72.7  93.6 101.3  54.3  38.2  82.4  53.9  48.0 116.5 114.1 111.3  74.6  91.8 111.8  66.7  35.5   0.0  56.8 143.3 155.5 124.3  69.8  74.3  79.1 105.9 128.2  91.6 139.5 101.0 107.3  77.6 119.0
0.85  63.8 109.9  94.9  53.5  83.5  98.1  32.6  54.3  75.7  22.8 154.8  68.7  64.2  39.1 117.4  99.5  95.0  93.3  25.9  99.2  68.7  80.5  75.2  32.1 114.2  60.5 102.1  69.0  56.8   0.0  86.7 124.7  68.6  46.4  18.5  27.7  84.6  85.7  39.6 133.9  60.2  88.5  33.9  65.9
0.49  46.5 170.7  27.8 102.9 164.2 109.5  99.1  70.0  45.9 108.5 231.7 104.4 126.1  51.6 182.7 179.1 181.2 159.7  96.1 185.0  67.4  87.1  81.3  84.3 184.6  57.3 175.3 147.7 143.3  86.7   0.0 113.0  34.0 106.2  70.8  72.1 108.9  68.7  63.7 160.0  71.6 114.3  81.9  35.7
0.28  76.3 115.4 140.7  82.7 200.8  33.8 156.4 155.9  69.8 142.2 189.1 185.3 188.7  99.1 241.5 155.1 181.9 217.6 106.9 203.0 162.8  44.3  49.6 149.7 236.9 150.1 139.0 133.3 155.5 124.7 113.0   0.0 134.9 169.7 125.8 137.4  50.7  47.0 140.0  65.0  65.2  51.3 149.5  84.8
0.76  59.4 169.2  27.1 102.1 136.9 123.5  71.4  36.9  65.2  87.4 222.3  70.9  94.8  46.9 150.4 167.5 162.4 128.1  86.2 161.3  33.5 100.4  93.8  55.9 153.4  23.5 167.7 136.4 124.3  68.6  34.0 134.9   0.0  75.9  50.3  46.3 118.2  88.0  34.9 171.7  80.0 123.6  53.0  50.1
0.15 101.4 147.9 101.7  99.3  62.8 144.4  13.8  41.3 112.8  40.3 177.8  28.4  20.6  74.6  77.8 123.5 102.6  54.0  70.7  91.8  54.1 125.8 120.1  22.7  78.5  55.1 132.7  98.3  69.8  46.4 106.2 169.7  75.9   0.0  44.9  36.3 131.0 127.6  42.5 179.6 104.5 134.9  24.6  99.5
0.25  56.7 125.9  76.8  64.5  94.6 103.0  33.1  38.6  68.2  38.0 173.2  60.3  65.2  29.9 121.6 118.0 112.5  97.4  40.5 114.2  52.0  82.7  76.6  23.9 120.4  42.7 120.0  87.2  74.3  18.5  70.8 125.8  50.3  44.9   0.0  12.8  91.6  82.8  22.3 143.5  60.7  96.2  23.9  55.8
0.17  65.9 137.3  73.3  77.1  92.2 115.4  27.1  26.7  76.9  41.8 181.5  48.1  56.9  39.4 114.0 126.1 116.8  90.1  52.2 115.1  41.0  94.7  88.6  13.6 114.1  33.4 129.6  96.1  79.1  27.7  72.1 137.4  46.3  36.3  12.8   0.0 104.3  93.3  12.6 156.2  72.5 108.9  12.5  63.3
0.82  62.5  72.3 133.4  34.3 153.2  17.1 117.2 127.8  64.4  97.8 144.5 151.6 148.1  72.8 197.2 105.4 131.2 174.0  62.0 152.9 138.3  23.7  28.2 114.3 191.2 126.3  91.0  82.6 105.9  84.6 108.9  50.7 118.2 131.0  91.6 104.3   0.0  46.9 110.8  53.7  38.5   5.4 115.0  73.4
0.42  29.5 118.1  95.8  60.4 167.4  42.2 115.1 109.7  23.4 106.3 188.3 140.5 147.6  54.0 202.8 143.5 160.8 178.6  74.7 176.1 116.0  23.3  20.7 106.3 199.9 103.3 132.6 115.6 128.2  85.7  68.7  47.0  88.0 127.6  82.8  93.3  46.9   0.0  94.4  92.7  27.3  51.7 105.7  37.9
0.13  65.6 148.2  61.8  85.9 102.1 120.5  36.5  17.1  75.8  54.4 194.0  46.5  62.6  40.9 119.5 138.6 129.2  96.2  62.9 126.5  29.7  98.8  92.4  21.1 120.9  20.9 141.7 108.4  91.6  39.6  63.7 140.0  34.9  42.5  22.3  12.6 110.8  94.4   0.0 163.6  76.5 115.6  18.4  61.0
0.43 114.6  66.6 185.7  80.4 189.9  50.6 165.8 180.7 114.2 142.5 135.8 202.3 194.7 126.5 238.5 116.9 153.3 216.7 108.8 181.0 191.7  72.9  79.1 165.2 230.5 179.8  96.7 107.2 139.5 133.9 160.0  65.0 171.7 179.6 143.5 156.2  53.7  92.7 163.6   0.0  91.8  48.4 166.2 125.4
0.86  25.2 100.8  95.1  36.1 140.6  44.5  91.3  93.1  31.0  79.7 167.2 120.6 123.7  36.2 177.6 119.4 134.1 153.5  47.4 148.8 102.2  22.4  16.0  84.5 174.0  89.7 110.6  90.2 101.0  60.2  71.6  65.2  80.0 104.5  60.7  72.5  38.5  27.3  76.5  91.8   0.0  43.9  84.5  35.9
0.28  68.0  68.7 138.8  37.0 155.2  17.6 121.1 132.7  69.7 100.9 141.4 155.9 151.7  78.0 200.0 104.0 131.2 176.9  65.3 153.7 143.4  28.6  33.5 118.7 193.7 131.4  88.8  82.4 107.3  88.5 114.3  51.3 123.6 134.9  96.2 108.9   5.4  51.7 115.6  48.4  43.9   0.0 119.5  78.8
0.53  78.3 143.3  79.7  86.3  83.9 126.8  18.5  23.9  89.4  41.2 183.1  36.6  45.1  51.8 102.3 127.7 114.3  78.6  59.7 109.3  38.9 106.6 100.5   3.1 103.1  35.1 133.1  98.9  77.6  33.9  81.9 149.5  53.0  24.6  23.9  12.5 115.0 105.7  18.4 166.2  84.5 119.5   0.0  75.5
0.26  10.9 135.7  60.3  68.5 149.0  75.5  88.7  74.6  15.5  88.6 199.1 107.4 120.1  26.9 177.0 148.3 155.7 152.9  67.2 164.4  79.1  52.5  46.3  76.9 176.2  66.5 142.4 117.3 119.0  65.9  35.7  84.8  50.1  99.5  55.8  63.3  73.4  37.9  61.0 125.4  35.9  78.8  75.5   0.0
