34
6
0.80   0.0 188.6 216.1  17.9  87.0  38.1  32.7  28.7 108.6  35.6  64.9  39.4 180.1  72.1  80.6  59.6 156.7 149.2  93.4   6.3 149.1 111.2 104.8  35.5  99.5 144.8 168.4 146.0  53.9 151.8  47.6 160.0 157.4 115.8
0.23 188.6   0.0  27.5 171.0 163.8 150.5 160.5 168.4 152.6 157.2 145.0 197.9  44.1 155.8 108.6 149.6  68.4 127.1 178.0 193.4  47.3 162.6 176.2 221.7  98.9  63.5  52.3  99.2 143.5 176.9 191.6 159.6  34.1  94.6
0.65 216.1  27.5   0.0 198.4 188.2 177.9 187.9 195.8 175.3 184.4 171.3 224.7  59.4 181.3 135.9 176.0  87.2 146.3 202.8 220.9  72.9 185.0 200.3 249.1 125.0  86.2  70.9 119.5 170.4 196.7 218.5 176.5  60.3 118.9
0.86  17.9 171.0 198.4   0.0  76.7  20.8  21.8  22.7  96.5  18.8  50.1  42.6 163.9  60.1  62.7  45.3 139.1 139.0  91.8  23.6 132.2 100.3 102.4  51.5  81.7 127.0 152.4 133.2  37.3 147.2  52.8 147.6 139.6  98.4
0.28  87.0 163.8 188.2  76.7   0.0  75.9  92.0  97.2  24.1  61.3  34.3  60.7 176.6  18.1  77.9  35.7 105.9 188.1 163.0  92.9 143.3  24.3 171.9  97.7  68.2 102.3 169.4 172.0  49.9 210.9 129.4  74.3 129.9  69.3
0.20  38.1 150.5 177.9  20.8  75.9   0.0  17.8  25.3  91.9  16.6  43.6  58.7 143.2  57.9  42.7  40.6 121.8 123.4  87.1  43.1 111.5  97.6  96.2  72.2  64.4 108.8 131.9 115.0  27.6 137.5  58.8 141.2 119.5  82.4
0.79  32.7 160.5 187.9  21.8  92.0  17.8   0.0   8.4 109.1  30.8  60.9  64.4 148.7  74.3  56.0  57.4 137.2 117.7  71.9  35.5 118.7 114.4  81.9  68.2  80.3 123.4 136.6 113.4  45.1 125.8  41.2 158.8 131.1  98.9
0.14  28.7 168.4 195.8  22.7  97.2  25.3   8.4   0.0 115.2  36.1  67.2  64.1 155.5  79.7  64.4  63.3 145.6 120.4  69.1  30.2 126.0 120.1  79.7  63.4  88.7 131.8 143.2 117.9  51.9 125.1  33.7 165.4 139.3 107.1
0.76 108.6 152.6 175.3  96.5  24.1  91.9 109.1 115.2   0.0  79.3  48.3  84.7 171.1  36.6  82.7  51.9  89.8 193.8 177.7 114.8 138.8  10.2 185.7 121.6  65.0  89.3 165.4 174.8  64.3 221.5 148.4  51.4 119.7  59.3
0.26  35.6 157.2 184.4  18.8  61.3  16.6  30.8  36.1  79.3   0.0  31.8  44.5 154.0  43.7  48.8  27.5 121.3 139.5 102.4  41.7 121.3  84.0 112.0  64.9  64.4 109.8 143.3 129.9  18.5 154.0  69.1 129.9 124.8  80.2
0.20  64.9 145.0 171.3  50.1  34.3  43.6  60.9  67.2  48.3  31.8   0.0  55.2 150.8  16.7  46.3   5.7  98.1 154.4 130.0  71.2 117.1  54.2 138.4  86.9  46.3  89.5 142.1 139.6  16.2 176.6 100.7  98.2 111.1  56.6
0.44  39.4 197.9 224.7  42.6  60.7  58.7  64.4  64.1  84.7  44.5  55.2   0.0 197.9  52.4  91.5  49.8 153.2 181.2 132.1  43.2 164.8  84.1 143.3  37.1 100.4 144.6 187.5 173.7  54.5 189.2  87.0 134.6 164.4 111.7
0.30 180.1  44.1  59.4 163.9 176.6 143.2 148.7 155.5 171.1 154.0 150.8 197.9   0.0 164.8 106.8 154.3 100.3  87.1 148.7 183.9  33.7 181.3 144.7 215.3 108.5  89.5  13.3  60.8 144.6 137.5 172.2 189.1  57.6 112.1
0.18  72.1 155.8 181.3  60.1  18.1  57.9  74.3  79.7  36.6  43.7  16.7  52.4 164.8   0.0  62.3  17.5 103.4 171.1 144.9  78.2 131.1  40.4 153.8  87.8  57.5  97.0 156.6 156.0  31.8 192.9 112.4  88.0 121.7  63.3
0.60  80.6 108.6 135.9  62.7  77.9  42.7  56.0  64.4  82.7  48.8  46.3  91.5 106.8  62.3   0.0  48.7  81.9 111.3 105.1  85.7  73.4  91.6 110.5 113.2  27.8  67.6  97.1  94.0  37.8 140.5  94.4 123.0  76.9  47.1
0.43  59.6 149.6 176.0  45.3  35.7  40.6  57.4  63.3  51.9  27.5   5.7  49.8 154.3  17.5  48.7   0.0 103.7 154.9 127.5  65.9 120.6  57.1 136.3  81.3  51.1  94.8 145.2 140.9  14.4 175.5  96.6 102.4 115.8  62.0
0.68 156.7  68.4  87.2 139.1 105.9 121.8 137.2 145.6  89.8 121.3  98.1 153.2 100.3 103.4  81.9 103.7   0.0 158.8 181.4 162.6  77.3  99.0 184.2 184.2  57.5  16.3 100.5 132.1 103.6 202.0 176.3  91.3  42.8  41.7
0.75 149.2 127.1 146.3 139.0 188.1 123.4 117.7 120.4 193.8 139.5 154.4 181.2  87.1 171.1 111.3 154.9 158.8   0.0  78.1 150.1  85.6 202.9  69.4 183.1 131.9 143.1  75.6  28.2 140.8  50.5 119.7 229.9 122.0 146.6
0.61  93.4 178.0 202.8  91.8 163.0  87.1  71.9  69.1 177.7 102.4 130.0 132.1 148.7 144.9 105.1 127.5 181.4  78.1   0.0  91.5 130.7 184.2  12.0 120.9 132.8 165.4 135.5  91.9 113.8  60.4  50.0 224.8 158.8 152.0
0.72   6.3 193.4 220.9  23.6  92.9  43.1  35.5  30.2 114.8  41.7  71.2  43.2 183.9  78.2  85.7  65.9 162.6 150.1  91.5   0.0 153.2 117.2 103.1  33.2 105.3 150.5 172.0 148.1  60.1 150.6  44.1 166.2 162.6 121.8
0.55 149.1  47.3  72.9 132.2 143.3 111.5 118.7 126.0 138.8 121.3 117.1 164.8  33.7 131.1  73.4 120.6  77.3  85.6 130.7 153.2   0.0 149.0 129.1 183.7  75.2  63.5  26.7  57.5 111.1 133.4 146.3 160.9  36.9  80.6
0.25 111.2 162.6 185.0 100.3  24.3  97.6 114.4 120.1  10.2  84.0  54.2  84.1 181.3  40.4  91.6  57.1  99.0 202.9 184.2 117.2 149.0   0.0 192.6 121.2  74.9  99.2 175.6 184.3  70.4 229.4 152.8  50.4 129.8  69.5
0.23 104.8 176.2 200.3 102.4 171.9  96.2  81.9  79.7 185.7 112.0 138.4 143.3 144.7 153.8 110.5 136.3 184.2  69.4  12.0 103.1 129.1 192.6   0.0 132.8 137.9 168.0 131.5  86.1 122.3  48.5  62.0 231.8 159.0 156.8
0.65  35.5 221.7 249.1  51.5  97.7  72.2  68.2  63.4 121.6  64.9  86.9  37.1 215.3  87.8 113.2  81.3 184.2 183.1 120.9  33.2 183.7 121.2 132.8   0.0 128.4 173.8 203.7 181.3  81.0 181.1  71.1 171.6 189.6 142.5
0.33  99.5  98.9 125.0  81.7  68.2  64.4  80.3  88.7  65.0  64.4  46.3 100.4 108.5  57.5  27.8  51.1  57.5 131.9 132.8 105.3  75.2  74.9 137.9 128.4   0.0  45.5 101.5 110.8  47.5 165.6 120.4  98.4  64.9  19.4
0.77 144.8  63.5  86.2 127.0 102.3 108.8 123.4 131.8  89.3 109.8  89.5 144.6  89.5  97.0  67.6  94.8  16.3 143.1 165.4 150.5  63.5  99.2 168.0 173.8  45.5   0.0  88.1 116.8  92.9 185.8 161.8  99.6  32.6  33.7
0.12 168.4  52.3  70.9 152.4 169.4 131.9 136.6 143.2 165.4 143.3 142.1 187.5  13.3 156.6  97.1 145.2 100.5  75.6 135.5 172.0  26.7 175.6 131.5 203.7 101.5  88.1   0.0  48.6 134.9 125.9 159.2 186.8  57.9 107.3
0.82 146.0  99.2 119.5 133.2 172.0 115.0 113.4 117.9 174.8 129.9 139.6 173.7  60.8 156.0  94.0 140.9 132.1  28.2  91.9 148.1  57.5 184.3  86.1 181.3 110.8 116.8  48.6   0.0 127.7  77.7 125.0 207.2  94.2 123.7
0.42  53.9 143.5 170.4  37.3  49.9  27.6  45.1  51.9  64.3  18.5  16.2  54.5 144.6  31.8  37.8  14.4 103.6 140.8 113.8  60.1 111.1  70.4 122.3  81.0  47.5  92.9 134.9 127.7   0.0 161.1  85.6 113.7 110.3  62.2
0.65 151.8 176.9 196.7 147.2 210.9 137.5 125.8 125.1 221.5 154.0 176.6 189.2 137.5 192.9 140.5 175.5 202.0  50.5  60.4 150.6 133.4 229.4  48.5 181.1 165.6 185.8 125.9  77.7 161.1   0.0 110.4 263.4 168.7 182.9
0.62  47.6 191.6 218.5  52.8 129.4  58.8  41.2  33.7 148.4  69.1 100.7  87.0 172.2 112.4  94.4  96.6 176.3 119.7  50.0  44.1 146.3 152.8  62.0  71.1 120.4 161.8 159.2 125.0  85.6 110.4   0.0 198.9 165.2 139.3
0.29 160.0 159.6 176.5 147.6  74.3 141.2 158.8 165.4  51.4 129.9  98.2 134.6 189.1  88.0 123.0 102.4  91.3 229.9 224.8 166.2 160.9  50.4 231.8 171.6  98.4  99.6 186.8 207.2 113.7 263.4 198.9   0.0 132.1  83.5
0.71 157.4  34.1  60.3 139.6 129.9 119.5 131.1 139.3 119.7 124.8 111.1 164.4  57.6 121.7  76.9 115.8  42.8 122.0 158.8 162.6  36.9 129.8 159.0 189.6  64.9  32.6  57.9  94.2 110.3 168.7 165.2 132.1   0.0  61.0
0.46 115.8  94.6 118.9  98.4  69.3  82.4  98.9 107.1  59.3  80.2  56.6 111.7 112.1  63.3  47.1  62.0  41.7 146.6 152.0 121.8  80.6  69.5 156.8 142.5  19.4  33.7 107.3 123.7  62.2 182.9 139.3  83.5  61.0   0.0
