38
7
0.85   0.0  55.8 123.9 152.4 162.0 184.6 161.4 136.3  60.8 110.7 142.9  53.9  39.4  55.8  45.6 129.7 164.8  54.6 164.4 134.1  31.8  85.4 160.6  12.2 127.6 147.8 124.4 150.5 136.9 159.1 214.7  24.9 173.2  76.2 142.9  28.3  55.9 142.8
0.86  55.8   0.0  71.0 139.9 109.2 139.3 105.7  96.0  28.3  57.0  96.3  30.0  48.2  27.2  85.4  75.3 110.2  36.0 139.3 114.9  80.4  77.1 129.1  45.6  75.8  92.2 111.4  98.2 116.4 130.7 169.3  44.5 120.1  35.8  88.6  56.2  89.8 148.9
0.33 123.9  71.0   0.0 124.9  38.3  74.2  57.3  48.5  88.3  52.9  94.3  74.3 117.7  71.1 139.4  52.6  42.2  77.2 106.0  97.3 151.1  92.2  87.8 112.2   6.6  48.0 104.1  27.1  96.3  94.1 102.7 105.0  49.4  82.1  20.8 127.2 138.5 155.9
0.19 152.4 139.9 124.9   0.0 136.1 109.4 180.5  80.4 168.2 168.4 214.6 112.5 177.6 114.0 126.4 175.2 150.9 107.6  36.1  27.8 182.9  67.6  54.0 142.8 120.4 172.7  28.9 128.7  28.6  44.6 126.8 128.6 142.8 173.6 139.1 175.8 115.7  48.8
0.65 162.0 109.2  38.3 136.1   0.0  50.2  53.2  56.5 124.7  80.2 110.5 111.3 155.2 108.3 175.0  70.8  15.8 113.6 108.5 111.1 189.3 120.8  87.7 150.2  34.6  53.0 122.0  11.8 108.8  96.4  73.1 142.4  11.2 116.5  23.1 165.2 172.9 175.2
0.68 184.6 139.3  74.2 109.4  50.2   0.0 103.1  50.0 160.8 125.4 160.1 130.7 187.4 128.9 185.6 119.3  64.7 130.7  75.1  91.2 215.0 120.9  55.4 172.4  67.8 103.1 105.8  53.0  87.7  64.9  30.1 161.5  48.8 156.0  69.7 194.5 180.2 155.6
0.22 161.4 105.7  57.3 180.5  53.2 103.1   0.0 100.8 108.7  53.7  63.2 121.4 141.9 117.6 187.1  35.2  38.5 125.9 157.4 153.4 182.5 148.3 137.3 151.3  60.5  13.5 161.1  54.9 152.0 145.2 122.8 148.2  55.3  95.6  41.5 155.2 188.4 213.2
0.42 136.3  96.0  48.5  80.4  56.5  50.0 100.8   0.0 121.0  99.5 142.7  82.5 143.6  81.1 135.6 101.1  70.7  81.9  57.6  54.7 167.3  72.0  39.4 124.2  42.8  94.3  65.8  48.3  52.5  45.6  79.2 112.6  64.5 119.7  59.3 148.8 130.5 118.9
0.16  60.8  28.3  88.3 168.2 124.7 160.8 108.7 121.0   0.0  55.1  82.2  57.1  33.2  54.8 100.7  74.3 122.4  62.8 167.0 143.2  74.8 104.6 155.9  55.2  94.1  95.6 139.6 114.8 144.6 158.0 190.3  60.9 135.0  15.5 102.3  47.0 107.7 175.6
0.33 110.7  57.0  52.9 168.4  80.2 125.4  53.7  99.5  55.1   0.0  46.5  80.1  88.3  76.3 142.1  19.3  73.4  85.7 155.4 140.7 129.5 118.9 138.8 101.8  59.6  40.8 143.3  73.2 140.6 144.1 152.2 101.4  88.7  41.9  57.3 101.9 145.7 190.2
0.83 142.9  96.3  94.3 214.6 110.5 160.1  63.2 142.7  82.2  46.5   0.0 123.4 111.1 119.7 180.6  41.9  98.5 129.3 199.8 186.8 154.0 164.8 182.1 136.5 100.5  58.0 189.8 107.4 186.6 188.1 183.3 139.6 115.7  66.8  90.8 126.4 185.9 236.5
0.86  53.9  30.0  74.3 112.5 111.3 130.7 121.4  82.5  57.1  80.1 123.4   0.0  66.5   3.8  66.1  96.2 116.4   6.1 116.4  89.2  84.8  47.5 109.4  41.7  76.8 108.4  83.6  99.5  91.2 109.3 160.7  31.5 122.5  65.9  94.7  68.2  67.1 118.9
0.37  39.4  48.2 117.7 177.6 155.2 187.4 141.9 143.6  33.2  88.3 111.1  66.5   0.0  66.0  84.8 107.5 154.2  70.5 182.8 155.4  43.0 110.4 174.7  40.7 122.9 128.7 148.7 144.7 157.5 175.3 217.4  52.8 165.8  47.4 133.4  15.3  94.5 175.8
0.30  55.8  27.2  71.1 114.0 108.3 128.9 117.6  81.1  54.8  76.3 119.7   3.8  66.0   0.0  69.7  92.3 113.2   9.5 116.8  90.2  86.3  49.9 109.2  43.6  73.7 104.6  85.2  96.5  92.0 109.4 158.9  34.2 119.5  63.0  91.3  68.6  70.9 121.7
0.34  45.6  85.4 139.4 126.4 175.0 185.6 187.1 135.6 100.7 142.1 180.6  66.1  84.8  69.7   0.0 159.8 181.6  62.3 147.1 115.2  65.5  67.8 149.1  46.0 141.2 174.0 101.8 163.2 118.7 145.1 214.2  41.1 186.1 115.1 160.1  73.7  12.2 105.3
0.44 129.7  75.3  52.6 175.2  70.8 119.3  35.2 101.1  74.3  19.3  41.9  96.2 107.5  92.3 159.8   0.0  61.0 101.5 158.5 147.4 148.8 131.3 140.4 120.6  58.6  23.3 151.9  66.3 146.9 146.7 143.9 119.5  77.6  60.6  49.6 121.2 162.8 201.1
0.72 164.8 110.2  42.2 150.9  15.8  64.7  38.5  70.7 122.4  73.4  98.5 116.4 154.2 113.2 181.6  61.0   0.0 119.5 124.1 125.4 190.6 131.2 103.4 153.4  40.9  40.6 135.5  22.7 123.3 111.9  85.0 146.9  17.3 112.6  22.0 165.3 180.5 188.7
0.44  54.6  36.0  77.2 107.6 113.6 130.7 125.9  81.9  62.8  85.7 129.3   6.1  70.5   9.5  62.3 101.5 119.5   0.0 113.0  84.9  86.0  41.9 106.9  42.5  79.3 113.0  78.7 101.8  87.1 106.3 160.6  30.8 124.8  71.9  97.8  71.1  62.6 113.0
0.30 164.4 139.3 106.0  36.1 108.5  75.1 157.4  57.6 167.0 155.4 199.8 116.4 182.8 116.8 147.1 158.5 124.1 113.0   0.0  32.0 196.0  80.7  21.0 153.3 100.4 151.7  46.4 103.1  28.4  12.3  90.7 139.5 113.5 169.2 116.2 184.0 138.0  84.8
0.39 134.1 114.9  97.3  27.8 111.1  91.2 153.4  54.7 143.2 140.7 186.8  89.2 155.4  90.2 115.2 147.4 125.4  84.9  32.0   0.0 165.5  49.3  39.1 123.5  93.1 145.3  15.7 102.8   3.9  32.0 113.3 109.5 118.7 147.5 112.3 155.2 106.0  65.3
0.74  31.8  80.4 151.1 182.9 189.3 215.0 182.5 167.3  74.8 129.5 154.0  84.8  43.0  86.3  65.5 148.8 190.6  86.0 196.0 165.5   0.0 116.5 192.3  43.5 155.4 169.1 155.3 178.1 168.4 190.8 245.1  56.7 200.4  89.8 169.0  28.0  77.5 169.4
0.74  85.4  77.1  92.2  67.6 120.8 120.9 148.3  72.0 104.6 118.9 164.8  47.5 110.4  49.9  67.8 131.3 131.2  41.9  80.7  49.3 116.5   0.0  81.4  75.3  91.2 137.1  39.1 109.7  52.5  77.6 148.3  61.1 131.0 112.7 112.2 108.2  60.4  72.4
0.50 160.6 129.1  87.8  54.0  87.7  55.4 137.3  39.4 155.9 138.8 182.1 109.4 174.7 109.2 149.1 140.4 103.4 106.9  21.0  39.1 192.3  81.4   0.0 148.9  81.9 132.2  54.7  82.7  35.2   9.5  74.6 135.7  92.5 156.4  96.4 177.6 141.3 100.9
0.10  12.2  45.6 112.2 142.8 150.2 172.4 151.3 124.2  55.2 101.8 136.5  41.7  40.7  43.6  46.0 120.6 153.4  42.5 153.3 123.5  43.5  75.3 148.9   0.0 115.7 137.8 114.4 138.6 126.2 147.7 202.4  14.2 161.4  70.1 131.4  33.8  54.5 136.2
0.33 127.6  75.8   6.6 120.4  34.6  67.8  60.5  42.8  94.1  59.6 100.5  76.8 122.9  73.7 141.2  58.6  40.9  79.3 100.4  93.1 155.4  91.2  81.9 115.7   0.0  52.3 100.6  22.9  91.8  88.4  96.5 107.9  45.8  88.3  21.0 132.0 139.7 152.9
0.71 147.8  92.2  48.0 172.7  53.0 103.1  13.5  94.3  95.6  40.8  58.0 108.4 128.7 104.6 174.0  23.3  40.6 113.0 151.7 145.3 169.1 137.1 132.2 137.8  52.3   0.0 152.0  51.7 144.1 139.5 125.4 134.8  57.8  82.8  36.0 141.9 175.5 203.5
0.63 124.4 111.4 104.1  28.9 122.0 105.8 161.1  65.8 139.6 143.3 189.8  83.6 148.7  85.2 101.8 151.9 135.5  78.7  46.4  15.7 155.3  39.1  54.7 114.4 100.6 152.0   0.0 112.9  19.6  47.7 128.7 100.2 130.3 145.6 120.7 147.1  92.1  53.2
0.67 150.5  98.2  27.1 128.7  11.8  53.0  54.9  48.3 114.8  73.2 107.4  99.5 144.7  96.5 163.2  66.3  22.7 101.8 103.1 102.8 178.1 109.7  82.7 138.6  22.9  51.7 112.9   0.0 100.8  90.8  79.0 130.7  23.0 107.4  16.7 154.3 161.2 166.1
0.64 136.9 116.4  96.3  28.6 108.8  87.7 152.0  52.5 144.6 140.6 186.6  91.2 157.5  92.0 118.7 146.9 123.3  87.1  28.4   3.9 168.4  52.5  35.2 126.2  91.8 144.1  19.6 100.8   0.0  28.1 109.5 112.2 116.2 148.6 110.7 157.7 109.7  68.4
0.61 159.1 130.7  94.1  44.6  96.4  64.9 145.2  45.6 158.0 144.1 188.1 109.3 175.3 109.4 145.1 146.7 111.9 106.3  12.3  32.0 190.8  77.6   9.5 147.7  88.4 139.5  47.7  90.8  28.1   0.0  83.2 134.2 101.5 159.5 104.0 177.4 136.7  92.0
0.16 214.7 169.3 102.7 126.8  73.1  30.1 122.8  79.2 190.3 152.2 183.3 160.7 217.4 158.9 214.2 143.9  85.0 160.6  90.7 113.3 245.1 148.3  74.6 202.4  96.5 125.4 128.7  79.0 109.5  83.2   0.0 191.4  67.8 184.8  95.1 224.6 208.3 175.0
0.83  24.9  44.5 105.0 128.6 142.4 161.5 148.2 112.6  60.9 101.4 139.6  31.5  52.8  34.2  41.1 119.5 146.9  30.8 139.5 109.5  56.7  61.1 135.7  14.2 107.9 134.8 100.2 130.7 112.2 134.2 191.4   0.0 153.7  74.6 125.0  47.7  46.9 123.0
0.15 173.2 120.1  49.4 142.8  11.2  48.8  55.3  64.5 135.0  88.7 115.7 122.5 165.8 119.5 186.1  77.6  17.3 124.8 113.5 118.7 200.4 131.0  92.5 161.4  45.8  57.8 130.3  23.0 116.2 101.5  67.8 153.7   0.0 126.3  32.8 176.0 183.8 183.4
0.71  76.2  35.8  82.1 173.6 116.5 156.0  95.6 119.7  15.5  41.9  66.8  65.9  47.4  63.0 115.1  60.6 112.6  71.9 169.2 147.5  89.8 112.7 156.4  70.1  88.3  82.8 145.6 107.4 148.6 159.5 184.8  74.6 126.3   0.0  93.6  61.9 121.5 184.7
0.38 142.9  88.6  20.8 139.1  23.1  69.7  41.5  59.3 102.3  57.3  90.8  94.7 133.4  91.3 160.1  49.6  22.0  97.8 116.2 112.3 169.0 112.2  96.4 131.4  21.0  36.0 120.7  16.7 110.7 104.0  95.1 125.0  32.8  93.6   0.0 144.0 159.3 173.4
0.41  28.3  56.2 127.2 175.8 165.2 194.5 155.2 148.8  47.0 101.9 126.4  68.2  15.3  68.6  73.7 121.2 165.3  71.1 184.0 155.2  28.0 108.2 177.6  33.8 132.0 141.9 147.1 154.3 157.7 177.4 224.6  47.7 176.0  61.9 144.0   0.0  84.2 169.9
0.59  55.9  89.8 138.5 115.7 172.9 180.2 188.4 130.5 107.7 145.7 185.9  67.1  94.5  70.9  12.2 162.8 180.5  62.6 138.0 106.0  77.5  60.4 141.3  54.5 139.7 175.5  92.1 161.2 109.7 136.7 208.3  46.9 183.8 121.5 159.3  84.2   0.0  93.2
0.35 142.8 148.9 155.9  48.8 175.2 155.6 213.2 118.9 175.6 190.2 236.5 118.9 175.8 121.7 105.3 201.1 188.7 113.0  84.8  65.3 169.4  72.4 100.9 136.2 152.9 203.5  53.2 166.1  68.4  92.0 175.0 123.0 183.4 184.7 173.4 169.9  93.2   0.0
