54
10
0.32   0.0 113.6  44.8 131.0 143.5  64.0  77.0  96.4  44.5  70.1  10.1  39.4 109.8  63.8  82.5  12.8 115.4  52.6  83.3  97.4  20.6 114.5 154.7  96.6  27.1 137.9  52.9 123.2  61.9  55.2 151.9 123.9  40.9  72.3  54.0 111.0  46.1  91.0 130.1  54.8  69.5  99.4  62.6 109.9  56.2  24.3  47.7  73.0  69.1  41.5  14.1 153.4  75.1  79.1
0.59 113.6   0.0 158.4 127.5 115.6 177.5 102.0  90.4 145.5  44.1 103.6  86.1  26.9  71.5  48.4 100.9  15.3 123.5 133.9 140.4  99.4  66.4  41.5 109.1 120.0  40.8  86.9  41.5  76.3 151.3  39.9  80.3 153.4  89.7 167.4  49.5  82.6 101.3 139.6 111.8  88.1 118.2 148.0  71.3 169.4  89.5  99.1  43.9 159.3 153.1 114.9  40.0  48.1  46.8
0.18  44.8 158.4   0.0 159.0 172.8  21.0 107.9 131.4  36.3 114.9  54.9  78.7 153.2 102.7 124.4  57.5 160.1  72.5 101.0 114.5  61.0 154.9 199.5 122.2  51.1 182.0  88.3 166.7  99.6  45.4 196.7 162.5  14.9 104.3   9.2 153.5  84.9 122.6 154.0  81.6 105.3 121.8  65.2 149.4  12.3  69.1  78.5 117.7  64.1  13.4  45.7 198.1 118.0 122.9
0.88 131.0 127.5 159.0   0.0 230.6 166.2  54.1  42.0 174.9 111.3 126.5 143.4 149.3 152.9 147.9 126.1 114.1  86.6  62.0  52.7 137.7  62.6 144.0 201.9 109.8 108.0 156.9  92.8 155.6 186.0 136.9  51.6 145.2 173.9 166.6  78.9 146.8  40.8  16.4  78.2  64.4 208.8 101.2  56.4 170.7 119.3 161.8 103.4 109.9 164.5 143.8 151.9 139.6  91.1
0.26 143.5 115.6 172.8 230.6   0.0 193.2 187.5 188.8 140.0 119.5 137.7 105.7  88.7  84.5  82.7 135.5 130.7 186.8 211.5 223.2 123.2 176.7 136.6  51.2 167.3 155.2  90.9 156.7  84.3 136.6 140.8 191.3 178.1  71.2 178.6 160.9  99.2 194.4 238.7 181.2 172.6  54.1 204.1 179.3 177.8 132.2  96.5 127.2 212.0 160.6 132.9 126.3  91.3 139.6
0.84  64.0 177.5  21.0 166.2 193.2   0.0 118.1 142.7  54.5 133.6  74.0  99.5 173.4 123.5 145.0  76.8 178.3  80.5 105.5 118.1  81.4 169.0 218.3 142.3  64.0 199.1 109.3 183.2 120.5  61.7 215.1 175.4  24.9 125.1  14.8 169.1 105.7 132.6 159.3  91.5 117.8 141.5  66.7 163.0  16.9  88.0  99.4 135.7  61.9  32.6  66.4 217.3 138.3 139.9
0.39  77.0 102.0 107.9  54.1 187.5 118.1   0.0  25.5 121.1  70.4  72.5  91.9 116.5 105.2 106.1  72.3  93.2  38.3  32.5  38.7  84.3  58.1 132.2 152.9  57.2 101.1 106.3  83.0 107.0 132.1 126.4  59.9  95.1 124.7 116.2  66.1  96.1  14.7  55.1  26.6  15.2 159.0  60.2  50.5 120.0  66.2 109.7  64.3  71.3 112.0  89.8 136.6  96.9  55.9
0.24  96.4  90.4 131.4  42.0 188.8 142.7  25.5   0.0 140.9  69.4  90.1 103.0 109.7 111.1 106.1  89.3  78.9  63.6  54.0  54.8  99.5  35.0 114.7 160.1  80.3  81.0 115.8  63.3 113.9 151.4 108.3  34.6 119.1 132.2 139.9  46.6 105.8  14.0  50.5  51.4  26.9 167.2  85.6  27.0 143.6  80.7 121.6  61.6  96.5 134.2 107.9 120.7  97.7  49.7
0.84  44.5 145.5  36.3 174.9 140.0  54.5 121.1 140.9   0.0 105.4  51.5  59.6 134.6  79.9 104.2  53.0 150.6  92.3 123.2 137.3  47.7 157.4 186.9  88.8  66.4 175.6  63.6 162.6  75.8  11.5 185.3 167.6  47.4  75.3  39.7 152.1  64.1 135.3 173.0  97.4 114.0  87.3  93.4 153.4  38.2  63.9  51.7 110.5  95.3  22.8  34.2 183.5  99.8 119.1
0.13  70.1  44.1 114.9 111.3 119.5 133.6  70.4  69.4 105.4   0.0  60.0  48.7  48.2  45.4  36.8  57.4  45.6  82.9  99.0 108.4  57.9  63.8  84.7  93.6  76.3  70.3  55.6  58.7  49.2 112.7  81.8  77.7 109.4  67.2 124.0  52.2  47.7  75.4 119.3  72.6  55.2 101.6 106.5  63.8 126.2  45.8  65.7   8.3 117.4 110.4  72.9  84.0  28.3  21.5
0.34  10.1 103.6  54.9 126.5 137.7  74.0  72.5  90.1  51.5  60.0   0.0  32.2 100.1  56.0  73.4   2.8 105.4  53.0  82.7  96.5  15.1 106.2 144.7  92.5  29.8 128.1  46.9 113.7  54.6  61.5 141.8 116.2  50.6  66.8  64.0 101.8  38.9  85.9 126.7  52.7  63.4  96.2  66.6 102.0  66.2  14.3  43.9  63.1  74.3  51.1  17.8 143.4  65.7  69.6
0.24  39.4  86.1  78.7 143.4 105.7  99.5  91.9 103.0  59.6  48.7  32.2   0.0  75.7  24.6  46.0  29.9  92.2  82.1 109.5 122.4  18.9 108.8 127.4  62.7  61.6 118.4  15.4 107.4  22.6  65.3 126.0 121.4  78.7  35.4  86.9  99.8   6.8 102.9 146.8  78.6  79.2  67.8  98.4 106.8  87.9  27.7  18.7  55.4 106.5  70.4  33.0 123.9  40.5  66.6
0.56 109.8  26.9 153.2 149.3  88.7 173.4 116.5 109.7 134.6  48.2 100.1  75.7   0.0  55.5  30.6  97.3  42.0 131.0 146.6 155.1  92.3  90.5  58.0  85.1 122.0  67.2  71.9  68.1  60.0 138.7  59.4 104.9 150.7  69.6 161.8  74.0  70.6 118.8 160.1 120.8 101.6  94.3 154.2  94.4 163.1  87.3  84.5  52.5 164.9 145.8 107.8  51.4  35.3  61.1
0.69  63.8  71.5 102.7 152.9  84.5 123.5 105.2 111.1  79.9  45.4  56.0  24.6  55.5   0.0  24.9  53.4  81.0 102.4 127.3 139.3  43.4 109.1 111.2  49.1  84.4 108.6  16.5 100.8   4.8  83.3 110.9 123.0 103.2  21.9 110.6  97.0  17.9 114.0 158.7  96.8  90.9  56.5 120.8 108.9 111.3  48.2  29.0  53.6 129.6  93.5  57.3 106.1  23.5  66.6
0.56  82.5  48.4 124.4 147.9  82.7 145.0 106.1 106.1 104.2  36.8  73.4  46.0  30.6  24.9   0.0  70.6  59.9 112.1 132.7 143.2  63.6  96.6  86.8  62.4  98.6  87.6  41.3  82.6  29.5 108.1  86.9 111.1 123.2  41.3 132.8  82.2  40.4 112.0 156.1 103.9  91.0  71.2 133.3  98.1 133.9  62.2  53.8  44.6 143.2 116.3  78.7  81.3   9.4  57.1
0.46  12.8 100.9  57.5 126.1 135.5  76.8  72.3  89.3  53.0  57.4   2.8  29.9  97.3  53.4  70.6   0.0 102.8  54.3  83.6  97.3  13.6 104.5 142.0  90.8  31.8 125.7  44.7 111.4  52.2  62.7 139.2 114.7  53.4  64.7  66.6  99.9  36.5  85.5 126.8  53.3  62.8  94.6  68.7 100.4  68.8  11.8  42.3  60.6  76.6  53.4  18.9 140.6  62.9  67.4
0.17 115.4  15.3 160.1 114.1 130.7 178.3  93.2  78.9 150.6  45.6 105.4  92.2  42.0  81.0  59.9 102.8   0.0 118.5 125.6 130.9 103.3  52.1  41.1 121.8 118.2  27.8  95.3  26.2  85.7 157.3  37.0  65.7 153.8 100.6 169.3  35.3  89.7  90.8 126.9 106.2  80.3 130.8 143.4  57.7 171.6  91.1 107.0  42.6 154.9 156.0 118.5  43.7  57.6  41.1
0.55  52.6 123.5  72.5  86.6 186.8  80.5  38.3  63.6  92.3  82.9  53.0  82.1 131.0 102.4 112.1  54.3 118.5   0.0  31.0  45.2  67.8  93.9 159.4 144.5  26.2 132.3  97.5 114.6 102.6 103.7 154.5  97.6  58.5 117.6  80.0  98.4  88.1  52.4  81.9  13.1  42.1 148.8  25.0  86.8  84.1  54.7  96.5  80.2  36.5  78.7  66.7 161.8 102.8  77.5
0.82  83.3 133.9 101.0  62.0 211.5 105.5  32.5  54.0 123.2  99.0  82.7 109.5 146.6 127.3 132.7  83.6 125.6  31.0   0.0  14.2  97.0  88.7 164.7 172.1  57.2 133.2 124.8 115.2 128.1 134.6 158.9  87.7  86.3 144.4 107.6  98.2 114.9  40.0  53.8  30.9  45.8 177.0  39.4  80.8 111.9  81.8 125.3  94.1  48.0 108.6  97.4 169.1 123.3  87.3
0.25  97.4 140.4 114.5  52.7 223.2 118.1  38.7  54.8 137.3 108.4  96.5 122.4 155.1 139.3 143.2  97.3 130.9  45.2  14.2   0.0 110.7  89.6 168.7 185.0  71.4 135.7 137.7 117.9 140.4 148.8 162.5  86.2  99.8 157.1 120.9 101.0 127.7  41.1  42.0  44.1  53.5 190.2  51.4  81.6 125.2  94.9 138.7 102.7  58.4 122.5 111.5 173.9 133.8  94.6
0.19  20.6  99.4  61.0 137.7 123.2  81.4  84.3  99.5  47.7  57.9  15.1  18.9  92.3  43.4  63.6  13.6 103.3  67.8  97.0 110.7   0.0 111.4 140.9  77.5  44.8 128.0  32.4 115.0  41.3  55.9 138.7 122.6  60.0  52.0  69.5 104.9  25.6  96.9 139.1  66.6  73.6  81.1  81.5 108.1  70.9  18.8  28.8  62.8  88.9  53.9  15.6 138.4  57.0  71.7
0.36 114.5  66.4 154.9  62.6 176.7 169.0  58.1  35.0 157.4  63.8 106.2 108.8  90.5 109.1  96.6 104.5  52.1  93.9  88.7  89.6 111.4   0.0  82.3 157.0 105.1  47.2 118.5  30.5 113.0 166.8  75.5  14.6 144.4 131.0 163.9  16.9 109.6  49.0  76.5  80.9  52.1 165.2 117.6   8.0 167.2  93.7 127.2  55.6 129.0 155.2 123.2  89.7  90.0  42.8
0.25 154.7  41.5 199.5 144.0 136.6 218.3 132.2 114.7 186.9  84.7 144.7 127.4  58.0 111.2  86.8 142.0  41.1 159.4 164.7 168.7 140.9  82.3   0.0 142.7 159.1  36.1 127.2  51.9 115.9 192.5   7.3  92.5 194.0 127.3 208.6  68.0 123.6 127.7 158.6 146.9 120.3 151.9 184.3  89.7 210.7 130.5 139.5  83.0 195.8 194.5 156.4  11.3  88.3  82.2
0.35  96.6 109.1 122.2 201.9  51.2 142.3 152.9 160.1  88.8  93.6  92.5  62.7  85.1  49.1  62.4  90.8 121.8 144.5 172.1 185.0  77.5 157.0 142.7   0.0 122.3 149.4  47.4 145.0  46.3  85.6 144.5 171.2 128.3  28.2 127.7 143.7  57.4 162.5 207.1 141.2 139.1   9.2 158.9 157.4 126.7  90.4  48.9 101.9 165.7 109.7  84.7 134.7  67.3 115.1
0.69  27.1 120.0  51.1 109.8 167.3  64.0  57.2  80.3  66.4  76.3  29.8  61.6 122.0  84.4  98.6  31.8 118.2  26.2  57.2  71.4  44.8 105.1 159.1 122.3   0.0 136.7  76.6 120.1  83.6  77.8 155.2 111.8  39.4  96.5  59.7 105.5  68.1  71.9 106.8  31.6  54.4 125.7  36.8  99.1  63.3  36.7  73.5  76.3  45.2  54.8  41.1 159.7  90.0  78.0
0.87 137.9  40.8 182.0 108.0 155.2 199.1 101.1  81.0 175.6  70.3 128.1 118.4  67.2 108.6  87.6 125.7  27.8 132.3 133.2 135.7 128.0  47.2  36.1 149.4 136.7   0.0 122.6  18.0 113.3 183.0  29.0  56.4 174.3 128.4 191.2  35.0 116.4  94.6 122.8 119.3  91.0 158.5 157.1  54.8 193.9 113.9 134.0  65.3 168.7 179.2 142.6  45.1  85.3  59.2
0.50  52.9  86.9  88.3 156.9  90.9 109.3 106.3 115.8  63.6  55.6  46.9  15.4  71.9  16.5  41.3  44.7  95.3  97.5 124.8 137.7  32.4 118.5 127.2  47.4  76.6 122.6   0.0 113.4  12.2  66.8 126.6 131.7  90.3  20.1  95.8 107.8  10.2 116.8 161.0  93.9  93.1  52.8 113.4 117.3  96.2  43.1  12.5  63.3 121.2  78.4  43.9 122.4  38.9  75.6
0.45 123.2  41.5 166.7  92.8 156.7 183.2  83.0  63.3 162.6  58.7 113.7 107.4  68.1 100.8  82.6 111.4  26.2 114.6 115.2 117.9 115.0  30.5  51.9 145.0 120.1  18.0 113.4   0.0 105.3 170.6  45.2  41.9 158.3 121.8 175.9  17.0 106.2  76.8 107.0 101.6  73.1 153.7 139.4  37.8 178.7  99.7 124.1  52.4 151.0 164.6 129.0  59.2  78.4  44.0
0.83  61.9  76.3  99.6 155.6  84.3 120.5 107.0 113.9  75.8  49.2  54.6  22.6  60.0   4.8  29.5  52.2  85.7 102.6 128.1 140.4  41.3 113.0 115.9  46.3  83.6 113.3  12.2 105.3   0.0  78.9 115.7 126.7 100.7  18.4 107.4 101.1  15.8 116.3 160.9  97.5  93.0  53.4 120.2 112.6 107.9  48.0  24.6  57.4 128.7  90.1  54.5 110.8  28.2  70.3
0.43  55.2 151.3  45.4 186.0 136.6  61.7 132.1 151.4  11.5 112.7  61.5  65.3 138.7  83.3 108.1  62.7 157.3 103.7 134.6 148.8  55.9 166.8 192.5  85.6  77.8 183.0  66.8 170.6  78.9   0.0 191.2 177.4  57.7  75.7  47.2 160.8  68.9 146.2 184.3 108.7 124.6  83.0 104.7 163.1  44.8  73.1  54.4 118.2 106.2  32.1  43.8 188.5 104.5 127.5
0.18 151.9  39.9 196.7 136.9 140.8 215.1 126.4 108.3 185.3  81.8 141.8 126.0  59.4 110.9  86.9 139.2  37.0 154.5 158.9 162.5 138.7  75.5   7.3 144.5 155.2  29.0 126.6  45.2 115.7 191.2   0.0  85.4 190.7 127.9 205.8  61.6 122.5 121.5 151.7 141.9 114.8 153.7 179.4  82.9 208.0 127.6 138.9  79.5 191.0 192.1 154.1  17.8  87.7  77.6
0.15 123.9  80.3 162.5  51.6 191.3 175.4  59.9  34.6 167.6  77.7 116.2 121.4 104.9 123.0 111.1 114.7  65.7  97.6  87.7  86.2 122.6  14.6  92.5 171.2 111.8  56.4 131.7  41.9 126.7 177.4  85.4   0.0 151.2 144.9 171.4  31.0 122.6  48.0  66.7  85.0  57.6 179.3 120.1  14.6 174.8 104.4 140.0  69.4 131.1 163.9 133.6 100.7 104.4  56.5
0.77  40.9 153.4  14.9 145.2 178.1  24.9  95.1 119.1  47.4 109.4  50.6  78.7 150.7 103.2 123.2  53.4 153.8  58.5  86.3  99.8  60.0 144.4 194.0 128.3  39.4 174.3  90.3 158.3 100.7  57.7 190.7 151.2   0.0 107.9  21.4 144.3  85.3 109.7 139.6  68.5  93.7 129.0  50.3 138.5  25.6  64.1  82.0 111.2  49.5  25.9  46.3 193.3 116.0 115.1
0.60  72.3  89.7 104.3 173.9  71.2 125.1 124.7 132.2  75.3  67.2  66.8  35.4  69.6  21.9  41.3  64.7 100.6 117.6 144.4 157.1  52.0 131.0 127.3  28.2  96.5 128.4  20.1 121.8  18.4  75.7 127.9 144.9 107.9   0.0 111.1 118.6  29.6 134.4 178.9 113.6 110.9  35.0 133.3 130.8 110.9  62.9  25.9  75.5 140.9  93.2  62.0 121.0  43.4  88.5
0.90  54.0 167.4   9.2 166.6 178.6  14.8 116.2 139.9  39.7 124.0  64.0  86.9 161.8 110.6 132.8  66.6 169.3  80.0 107.6 120.9  69.5 163.9 208.6 127.7  59.7 191.2  95.8 175.9 107.4  47.2 205.8 171.4  21.4 111.1   0.0 162.6  93.0 130.8 161.0  89.7 114.0 126.8  70.6 158.3   4.3  78.3  85.6 126.8  68.1  18.0  54.1 207.1 126.5 132.1
0.14 111.0  49.5 153.5  78.9 160.9 169.1  66.1  46.6 152.1  52.2 101.8  99.8  74.0  97.0  82.2  99.9  35.3  98.4  98.2 101.0 104.9  16.9  68.0 143.7 105.5  35.0 107.8  17.0 101.1 160.8  61.6  31.0 144.3 118.6 162.6   0.0  99.6  59.9  92.2  85.3  56.6 152.1 123.0  22.6 165.6  88.4 117.5  44.6 134.6 152.3 118.1  74.4  76.4  33.4
0.13  46.1  82.6  84.9 146.8  99.2 105.7  96.1 105.8  64.1  47.7  38.9   6.8  70.6  17.9  40.4  36.5  89.7  88.1 114.9 127.7  25.6 109.6 123.6  57.4  68.1 116.4  10.2 106.2  15.8  68.9 122.5 122.6  85.3  29.6  93.0  99.6   0.0 106.6 150.8  84.0  82.9  63.0 104.9 108.1  93.8  33.4  17.9  55.0 113.1  76.1  39.4 119.6  35.7  66.9
0.47  91.0 101.3 122.6  40.8 194.4 132.6  14.7  14.0 135.3  75.4  85.9 102.9 118.8 114.0 112.0  85.5  90.8  52.4  40.0  41.1  96.9  49.0 127.7 162.5  71.9  94.6 116.8  76.8 116.3 146.2 121.5  48.0 109.7 134.4 130.8  59.9 106.6   0.0  44.7  41.2  23.8 169.1  72.9  41.0 134.7  78.4 121.2  68.3  83.7 126.6 103.5 133.3 103.1  57.7
0.89 130.1 139.6 154.0  16.4 238.7 159.3  55.1  50.5 173.0 119.3 126.7 146.8 160.1 158.7 156.1 126.8 126.9  81.9  53.8  42.0 139.1  76.5 158.6 207.1 106.8 122.8 161.0 107.0 160.9 184.3 151.7  66.7 139.6 178.9 161.0  92.2 150.8  44.7   0.0  75.6  68.0 213.5  92.9  69.7 165.2 121.2 164.8 111.8 100.5 160.6 143.5 166.1 147.3 100.2
0.42  54.8 111.8  81.6  78.2 181.2  91.5  26.6  51.4  97.4  72.6  52.7  78.6 120.8  96.8 103.9  53.3 106.2  13.1  30.9  44.1  66.6  80.9 146.9 141.2  31.6 119.3  93.9 101.6  97.5 108.7 141.9  85.0  68.5 113.6  89.7  85.3  84.0  41.2  75.6   0.0  28.9 146.2  37.8  73.9  93.6  50.9  94.5  69.1  49.4  86.3  68.6 149.7  94.5  65.4
0.45  69.5  88.1 105.3  64.4 172.6 117.8  15.2  26.9 114.0  55.2  63.4  79.2 101.6  90.9  91.0  62.8  80.3  42.1  45.8  53.5  73.6  52.1 120.3 139.1  54.4  91.0  93.1  73.1  93.0 124.6 114.8  57.6  93.7 110.9 114.0  56.6  82.9  23.8  68.0  28.9   0.0 145.5  66.5  45.4 117.6  55.0  97.5  49.3  78.0 107.5  81.2 124.0  81.8  41.5
0.45  99.4 118.2 121.8 208.8  54.1 141.5 159.0 167.2  87.3 101.6  96.2  67.8  94.3  56.5  71.2  94.6 130.8 148.8 177.0 190.2  81.1 165.2 151.9   9.2 125.7 158.5  52.8 153.7  53.4  83.0 153.7 179.3 129.0  35.0 126.8 152.1  63.0 169.1 213.5 146.2 145.5   0.0 162.0 165.3 125.5  95.3  52.3 109.9 168.3 109.0  86.8 143.8  75.8 123.0
0.83  62.6 148.0  65.2 101.2 204.1  66.7  60.2  85.6  93.4 106.5  66.6  98.4 154.2 120.8 133.3  68.7 143.4  25.0  39.4  51.4  81.5 117.6 184.3 158.9  36.8 157.1 113.4 139.4 120.2 104.7 179.4 120.1  50.3 133.3  70.6 123.0 104.9  72.9  92.9  37.8  66.5 162.0   0.0 110.3  74.9  72.7 110.0 104.4  11.6  75.1  75.8 186.6 124.3 102.3
0.84 109.9  71.3 149.4  56.4 179.3 163.0  50.5  27.0 153.4  63.8 102.0 106.8  94.4 108.9  98.1 100.4  57.7  86.8  80.8  81.6 108.1   8.0  89.7 157.4  99.1  54.8 117.3  37.8 112.6 163.1  82.9  14.6 138.5 130.8 158.3  22.6 108.1  41.0  69.7  73.9  45.4 165.3 110.3   0.0 161.7  90.0 125.4  55.4 121.6 150.2 119.3  96.6  91.0  42.4
0.35  56.2 169.4  12.3 170.7 177.8  16.9 120.0 143.6  38.2 126.2  66.2  87.9 163.1 111.3 133.9  68.8 171.6  84.1 111.9 125.2  70.9 167.2 210.7 126.7  63.3 193.9  96.2 178.7 107.9  44.8 208.0 174.8  25.6 110.9   4.3 165.6  93.8 134.7 165.2  93.6 117.6 125.5  74.9 161.7   0.0  80.5  85.6 129.2  72.4  17.9  55.4 208.9 127.8 134.8
0.27  24.3  89.5  69.1 119.3 132.2  88.0  66.2  80.7  63.9  45.8  14.3  27.7  87.3  48.2  62.2  11.8  91.1  54.7  81.8  94.9  18.8  93.7 130.5  90.4  36.7 113.9  43.1  99.7  48.0  73.1 127.6 104.4  64.1  62.9  78.3  88.4  33.4  78.4 121.2  50.9  55.0  95.3  72.7  90.0  80.5   0.0  44.0  48.8  81.8  65.3  29.7 129.4  53.8  55.7
0.82  47.7  99.1  78.5 161.8  96.5  99.4 109.7 121.6  51.7  65.7  43.9  18.7  84.5  29.0  53.8  42.3 107.0  96.5 125.3 138.7  28.8 127.2 139.5  48.9  73.5 134.0  12.5 124.1  24.6  54.4 138.9 140.0  82.0  25.9  85.6 117.5  17.9 121.2 164.8  94.5  97.5  52.3 110.0 125.4  85.6  44.0   0.0  72.9 116.8  67.8  36.4 134.9  51.2  84.7
0.44  73.0  43.9 117.7 103.4 127.2 135.7  64.3  61.6 110.5   8.3  63.1  55.4  52.5  53.6  44.6  60.6  42.6  80.2  94.1 102.7  62.8  55.6  83.0 101.9  76.3  65.3  63.3  52.4  57.4 118.2  79.5  69.4 111.2  75.5 126.8  44.6  55.0  68.3 111.8  69.1  49.3 109.9 104.4  55.4 129.2  48.8  72.9   0.0 115.6 114.0  77.2  83.4  36.4  13.1
0.28  69.1 159.3  64.1 109.9 212.0  61.9  71.3  96.5  95.3 117.4  74.3 106.5 164.9 129.6 143.2  76.6 154.9  36.5  48.0  58.4  88.9 129.0 195.8 165.7  45.2 168.7 121.2 151.0 128.7 106.2 191.0 131.1  49.5 140.9  68.1 134.6 113.1  83.7 100.5  49.4  78.0 168.3  11.6 121.6  72.4  81.8 116.8 115.6   0.0  75.3  81.5 198.0 134.3 113.8
0.74  41.5 153.1  13.4 164.5 160.6  32.6 112.0 134.2  22.8 110.4  51.1  70.4 145.8  93.5 116.3  53.4 156.0  78.7 108.6 122.5  53.9 155.2 194.5 109.7  54.8 179.2  78.4 164.6  90.1  32.1 192.1 163.9  25.9  93.2  18.0 152.3  76.1 126.6 160.6  86.3 107.5 109.0  75.1 150.2  17.9  65.3  67.8 114.0  75.3   0.0  38.3 192.3 110.5 120.6
0.37  14.1 114.9  45.7 143.8 132.9  66.4  89.8 107.9  34.2  72.9  17.8  33.0 107.8  57.3  78.7  18.9 118.5  66.7  97.4 111.5  15.6 123.2 156.4  84.7  41.1 142.6  43.9 129.0  54.5  43.8 154.1 133.6  46.3  62.0  54.1 118.1  39.4 103.5 143.5  68.6  81.2  86.8  75.8 119.3  55.4  29.7  36.4  77.2  81.5  38.3   0.0 154.0  72.4  85.2
0.86 153.4  40.0 198.1 151.9 126.3 217.3 136.6 120.7 183.5  84.0 143.4 123.9  51.4 106.1  81.3 140.6  43.7 161.8 169.1 173.9 138.4  89.7  11.3 134.7 159.7  45.1 122.4  59.2 110.8 188.5  17.8 100.7 193.3 121.0 207.1  74.4 119.6 133.3 166.1 149.7 124.0 143.8 186.6  96.6 208.9 129.4 134.9  83.4 198.0 192.3 154.0   0.0  84.0  84.3
0.78  75.1  48.1 118.0 139.6  91.3 138.3  96.9  97.7  99.8  28.3  65.7  40.5  35.3  23.5   9.4  62.9  57.6 102.8 123.3 133.8  57.0  90.0  88.3  67.3  90.0  85.3  38.9  78.4  28.2 104.5  87.7 104.4 116.0  43.4 126.5  76.4  35.7 103.1 147.3  94.5  81.8  75.8 124.3  91.0 127.8  53.8  51.2  36.4 134.3 110.5  72.4  84.0   0.0  49.3
0.28  79.1  46.8 122.9  91.1 139.6 139.9  55.9  49.7 119.1  21.5  69.6  66.6  61.1  66.6  57.1  67.4  41.1  77.5  87.3  94.6  71.7  42.8  82.2 115.1  78.0  59.2  75.6  44.0  70.3 127.5  77.6  56.5 115.1  88.5 132.1  33.4  66.9  57.7 100.2  65.4  41.5 123.0 102.3  42.4 134.8  55.7  84.7  13.1 113.8 120.6  85.2  84.3  49.3   0.0
