34
6
0.57   0.0 185.7  46.1 184.0 161.8  42.2  84.3 118.3 143.9 101.9 139.4  74.5  34.7 140.0 139.3 128.1 156.8 143.8  88.2 127.4 148.7  44.4 138.2 144.5 102.3 107.6  58.2  83.6  88.0 163.9 140.0 158.1 145.9 142.0
0.40 185.7   0.0 140.5  30.9 160.0 144.3 173.5 181.1  88.7  88.8  51.3 187.1 183.6 119.8 149.1 175.0  80.0  88.4 183.9  58.3 128.1 143.6  80.9 135.7  84.9 142.4 165.8 103.9 159.8  67.4  49.0  48.7 127.4 139.8
0.77  46.1 140.5   0.0 141.4 147.9  15.9  71.7 102.4 100.9  55.8  93.3  87.5  47.8 116.1 109.5 108.1 112.9 100.7  96.1  82.2 126.8  20.6 103.1 125.3  56.3  77.8  46.3  42.8  67.5 126.7  96.6 112.0 124.0 124.2
0.41 184.0  30.9 141.4   0.0 133.1 141.7 185.9 198.2 111.4  97.1  66.0 173.2 187.6  95.4 170.5 193.8 105.2 111.1 167.8  62.8 102.2 140.0  60.0 110.5  90.4 159.0 173.8 100.4 172.9  40.1  45.0  72.8 102.0 114.9
0.16 161.8 160.0 147.9 133.1   0.0 134.9 219.2 247.5 201.0 153.1 156.6  99.7 188.1  42.9 241.7 250.4 203.8 200.6  85.3 136.8  32.5 129.9  82.6  27.0 143.4 215.0 194.1 118.9 212.8  93.1 124.5 178.3  33.8  25.4
0.88  42.2 144.3  15.9 141.7 134.9   0.0  86.4 117.8 113.5  64.8 100.0  71.7  55.1 105.7 125.3 123.9 124.7 113.3  80.2  86.2 115.8   5.1  97.7 113.4  63.0  93.7  59.9  41.4  83.0 122.7  97.9 120.5 112.9 112.0
0.10  84.3 173.5  71.7 185.9 219.2  86.4   0.0  34.1  97.3  89.1 122.5 152.7  51.0 185.1  63.0  44.3 111.5  97.3 163.8 123.5 196.3  91.4 164.5 195.7  97.1  38.7  27.6 105.0  14.3 183.7 143.1 129.7 193.5 195.0
0.37 118.3 181.1 102.4 198.2 247.5 117.8  34.1   0.0  95.7 105.8 132.4 186.0  84.7 211.0  43.0  13.5 108.7  95.9 196.7 138.4 222.5 122.8 186.1 222.8 115.1  39.2  61.2 130.0  35.0 202.4 158.8 133.7 219.9 222.7
0.80 143.9  88.7 100.9 111.4 201.0 113.5  97.3  95.7   0.0  53.2  49.0 180.6 126.4 158.5  60.5  87.8  14.4   0.4 184.7  65.5 170.0 116.0 122.2 174.0  60.8  60.0 100.8  91.6  83.0 128.4  82.9  40.0 168.0 175.9
0.60 101.9  88.8  55.8  97.1 153.1  64.8  89.1 105.8  53.2   0.0  38.6 128.1  95.0 112.2  89.7 104.4  61.9  52.9 131.6  34.4 123.9  66.2  81.6 126.4   9.9  67.7  77.4  38.6  76.8  96.6  54.1  56.3 121.6 127.7
0.76 139.4  51.3  93.3  66.0 156.6 100.0 122.5 132.4  49.0  38.6   0.0 155.0 133.6 113.7 105.3 127.8  48.0  48.6 155.5  20.7 124.7 100.4  75.2 129.8  37.1  93.3 114.6  64.1 108.9  79.4  34.3  23.6 123.0 132.4
0.81  74.5 187.1  87.5 173.2  99.7  71.7 152.7 186.0 180.6 128.1 155.0   0.0 107.8  95.0 197.0 193.6 190.0 180.4  15.1 136.2  99.0  67.6 114.6  91.6 122.5 165.2 125.1  91.7 152.2 140.2 138.4 178.2  96.6  87.4
0.16  34.7 183.6  47.8 187.6 188.1  55.1  51.0  84.7 126.4  95.0 133.6 107.8   0.0 160.8 110.2  95.3 140.3 126.4 120.7 126.4 170.8  59.6 150.8 167.9  98.8  80.0  28.1  90.6  57.3 174.6 142.7 148.4 167.9 166.2
0.76 140.0 119.8 116.1  95.4  42.9 105.7 185.1 211.0 158.5 112.2 113.7  95.0 160.8   0.0 201.7 212.8 161.0 158.2  84.5  93.9  11.7 101.2  40.2  16.4 102.3 176.6 161.9  81.0 177.2  55.6  81.7 135.4   9.5  20.0
0.74 139.3 149.1 109.5 170.5 241.7 125.3  63.0  43.0  60.5  89.7 105.3 197.0 110.2 201.7   0.0  31.2  71.2  60.8 205.2 116.7 213.4 129.7 170.6 215.5  99.7  32.2  82.4 123.2  53.1 182.2 136.5 100.4 211.0 216.3
0.21 128.1 175.0 108.1 193.8 250.4 123.9  44.3  13.5  87.8 104.4 127.8 193.6  95.3 212.8  31.2   0.0 100.0  88.0 203.6 135.7 224.4 128.7 185.7 225.2 114.1  36.8  70.1 131.9  41.4 200.6 156.0 126.8 221.8 225.4
0.20 156.8  80.0 112.9 105.2 203.8 124.7 111.5 108.7  14.4  61.9  48.0 190.0 140.3 161.0  71.2 100.0   0.0  14.3 193.2  67.1 172.2 126.9 123.1 176.9  68.1  74.0 115.0  99.4  97.3 126.3  82.1  32.4 170.4 179.2
0.38 143.8  88.4 100.7 111.1 200.6 113.3  97.3  95.9   0.4  52.9  48.6 180.4 126.4 158.2  60.8  88.0  14.3   0.0 184.4  65.1 169.6 115.8 121.8 173.6  60.5  60.2 100.8  91.3  83.1 128.0  82.6  39.7 167.6 175.6
0.83  88.2 183.9  96.1 167.8  85.3  80.2 163.8 196.7 184.7 131.6 155.5  15.1 120.7  84.5 205.2 203.6 193.2 184.4   0.0 135.9  87.2  75.6 108.2  79.2 125.1 173.8 136.3  93.8 162.4 132.9 135.9 179.0  85.0  74.8
0.66 127.4  58.3  82.2  62.8 136.8  86.2 123.5 138.4  65.5  34.4  20.7 136.2 126.4  93.9 116.7 135.7  67.1  65.1 135.9   0.0 105.1  85.8  56.7 109.8  27.8  99.5 111.1  47.0 110.9  65.5  20.3  44.1 103.3 112.2
0.85 148.7 128.1 126.8 102.2  32.5 115.8 196.3 222.5 170.0 123.9 124.7  99.0 170.8  11.7 213.4 224.4 172.2 169.6  87.2 105.1   0.0 111.2  50.2   9.3 114.1 188.2 172.8  92.6 188.6  62.0  92.1 146.0   2.9  14.3
0.78  44.4 143.6  20.6 140.0 129.9   5.1  91.4 122.8 116.0  66.2 100.4  67.6  59.6 101.2 129.7 128.7 126.9 115.8  75.6  85.8 111.2   0.0  94.4 108.6  63.7  98.2  65.0  40.0  87.9 119.8  96.6 121.4 108.3 107.1
0.45 138.2  80.9 103.1  60.0  82.6  97.7 164.5 186.1 122.2  81.6  75.2 114.6 150.8  40.2 170.6 185.7 123.1 121.8 108.2  56.7  50.2  94.4   0.0  56.5  71.7 148.9 145.1  61.1 154.3  26.5  42.0  95.9  48.9  60.0
0.54 144.5 135.7 125.3 110.5  27.0 113.4 195.7 222.8 174.0 126.4 129.8  91.6 167.9  16.4 215.5 225.2 176.9 173.6  79.2 109.8   9.3 108.6  56.5   0.0 116.7 189.4 171.5  93.3 188.5  70.5  98.0 151.6   8.6   5.0
0.68 102.3  84.9  56.3  90.4 143.4  63.0  97.1 115.1  60.8   9.9  37.1 122.5  98.8 102.3  99.7 114.1  68.1  60.5 125.1  27.8 114.1  63.7  71.7 116.7   0.0  77.3  83.4  31.3  85.3  87.5  46.3  57.7 111.8 118.0
0.59 107.6 142.4  77.8 159.0 215.0  93.7  38.7  39.2  60.0  67.7  93.3 165.2  80.0 176.6  32.2  36.8  74.0  60.2 173.8  99.5 188.2  98.2 148.9 189.4  77.3   0.0  51.9  96.1  25.3 164.0 119.8  95.8 185.7 189.8
0.35  58.2 165.8  46.3 173.8 194.1  59.9  27.6  61.2 100.8  77.4 114.6 125.1  28.1 161.9  82.4  70.1 115.0 100.8 136.3 111.1 172.8  65.0 145.1 171.5  83.4  51.9   0.0  84.2  29.9 166.4 129.4 126.6 170.0 170.5
0.84  83.6 103.9  42.8 100.4 118.9  41.4 105.0 130.0  91.6  38.6  64.1  91.7  90.6  81.0 123.2 131.9  99.4  91.3  93.8  47.0  92.6  40.0  61.1  93.3  31.3  96.1  84.2   0.0  96.3  84.0  56.6  86.8  90.0  93.7
0.24  88.0 159.8  67.5 172.9 212.8  83.0  14.3  35.0  83.0  76.8 108.9 152.2  57.3 177.2  53.1  41.4  97.3  83.1 162.4 110.9 188.6  87.9 154.3 188.5  85.3  25.3  29.9  96.3   0.0 172.5 130.9 115.5 185.9 188.2
0.13 163.9  67.4 126.7  40.1  93.1 122.7 183.7 202.4 128.4  96.6  79.4 140.2 174.6  55.6 182.2 200.6 126.3 128.0 132.9  65.5  62.0 119.8  26.5  70.5  87.5 164.0 166.4  84.0 172.5   0.0  45.8  95.7  61.9  74.9
0.39 140.0  49.0  96.6  45.0 124.5  97.9 143.1 158.8  82.9  54.1  34.3 138.4 142.7  81.7 136.5 156.0  82.1  82.6 135.9  20.3  92.1  96.6  42.0  98.0  46.3 119.8 129.4  56.6 130.9  45.8   0.0  54.0  90.7 101.1
0.74 158.1  48.7 112.0  72.8 178.3 120.5 129.7 133.7  40.0  56.3  23.6 178.2 148.4 135.4 100.4 126.8  32.4  39.7 179.0  44.1 146.0 121.4  95.9 151.6  57.7  95.8 126.6  86.8 115.5  95.7  54.0   0.0 144.5 154.5
0.42 145.9 127.4 124.0 102.0  33.8 112.9 193.5 219.9 168.0 121.6 123.0  96.6 167.9   9.5 211.0 221.8 170.4 167.6  85.0 103.3   2.9 108.3  48.9   8.6 111.8 185.7 170.0  90.0 185.9  61.9  90.7 144.5   0.0  13.4
0.12 142.0 139.8 124.2 114.9  25.4 112.0 195.0 222.7 175.9 127.7 132.4  87.4 166.2  20.0 216.3 225.4 179.2 175.6  74.8 112.2  14.3 107.1  60.0   5.0 118.0 189.8 170.5  93.7 188.2  74.9 101.1 154.5  13.4   0.0
