38
7
0.88   0.0 132.1  97.6  53.5  68.6 134.7 162.9  85.3  63.5  80.7  96.9  87.2 159.0 119.8 144.3  41.7 112.2  93.2  75.7  57.9  79.9 168.1  99.5  47.0  34.3  93.7 103.2  46.9  94.8  82.3  95.7 145.8  40.5  93.9 151.7  81.8  12.7  27.4
0.68 132.1   0.0  58.4  90.8 105.7  24.0  32.1 142.6 150.0 182.1 204.5 193.5  52.1 168.9 169.5 157.8 104.6  41.9  62.8 172.0  98.1 119.8 186.3 105.9 156.7 210.2  47.9 138.4 100.8  98.6  37.4 128.7  95.0 166.5  32.2 131.2 144.7 150.9
0.33  97.6  58.4   0.0  80.3  49.9  46.1  88.7 143.1  96.0 128.3 151.0 140.2  63.0 110.5 113.3 110.9  49.2  26.8  25.0 122.7  40.4  84.7 129.7  57.4 129.4 159.1  73.4  87.6  42.5 106.7  32.7  79.8  57.3 109.0  61.3 133.0 108.9 122.6
0.22  53.5  90.8  80.3   0.0  82.6 101.2 118.2  62.9 103.9 128.9 147.7 137.3 130.4 150.8 167.9  92.6 116.8  62.0  55.7 109.1  87.3 164.1 143.6  63.8  68.2 146.5  52.3  86.7 101.2  34.7  61.1 152.0  42.3 131.9 117.3  53.3  65.0  63.3
0.35  68.6 105.7  49.9  82.6   0.0  96.0 137.2 140.5  46.3  78.5 101.2  90.4 110.2  70.9  85.3  66.0  43.8  65.6  46.0  75.2  13.0 100.5  80.6  22.3 102.8 110.0 104.2  40.4  26.6 116.7  71.5  77.3  41.1  61.2 111.1 133.0  76.3  96.0
0.64 134.7  24.0  46.1 101.2  96.0   0.0  45.5 158.3 142.0 174.3 197.0 186.1  30.8 153.2 150.6 154.6  86.3  41.8  59.8 167.5  86.2  96.0 175.6 101.1 162.9 204.6  67.1 132.7  85.6 115.5  40.6 107.0  95.0 154.6  17.0 147.0 147.0 156.5
0.21 162.9  32.1  88.7 118.2 137.2  45.5   0.0 163.4 182.0 214.1 236.6 225.5  59.5 198.2 196.1 189.8 131.8  74.0  94.9 204.1 129.0 136.4 217.8 138.0 185.7 242.3  68.8 170.5 130.2 119.2  69.4 151.5 126.7 197.5  39.8 152.1 175.5 180.2
0.37  85.3 142.6 143.1  62.9 140.5 158.3 163.4   0.0 148.5 164.7 178.0 169.5 188.8 202.9 224.2 125.2 178.4 122.7 118.6 140.1 147.5 227.0 184.5 119.1  69.7 170.5  95.5 131.3 162.1  44.3 120.5 213.8  99.7 178.8 173.0  11.4  89.5  71.0
0.79  63.5 150.0  96.0 103.9  46.3 142.0 182.0 148.5   0.0  32.3  55.0  44.2 156.1  58.1  86.1  33.0  79.3 108.6  87.7  33.6  57.8 134.6  40.0  46.1  91.2  64.2 140.2  17.5  66.0 137.9 113.9 104.0  65.1  30.4 157.3 144.1  63.1  85.7
0.86  80.7 182.1 128.3 128.9  78.5 174.3 214.1 164.7  32.3   0.0  22.7  12.1 188.0  66.2  97.4  39.4 107.8 140.5 119.5  25.5  89.6 160.3  23.7  77.0  99.5  34.3 169.7  44.9  96.4 161.4 145.7 127.4  93.9  36.1 189.6 162.2  75.2  95.7
0.13  96.9 204.5 151.0 147.7 101.2 197.0 236.6 178.0  55.0  22.7   0.0  11.1 210.5  80.3 111.1  55.5 129.2 162.8 141.9  39.1 112.2 180.1  33.5  99.1 109.9  18.1 190.7  66.6 118.6 179.0 168.0 146.4 114.9  53.5 212.3 176.7  89.3 107.3
0.11  87.2 193.5 140.2 137.3  90.4 186.1 225.5 169.5  44.2  12.1  11.1   0.0 200.0  74.8 106.1  45.5 119.7 151.7 130.8  29.5 101.7 171.7  29.0  88.0 102.4  23.0 179.7  55.6 108.5 169.0 156.9 138.5 103.9  46.1 201.5 167.8  80.3  99.3
0.88 159.0  52.1  63.0 130.4 110.2  30.8  59.5 188.8 156.1 188.0 210.5 200.0   0.0 156.1 147.3 173.7  87.7  69.0  83.4 184.9  98.4  78.0 185.5 120.4 189.2 220.2  97.7 149.7  93.0 146.2  69.4  98.1 118.6 163.4  21.1 177.6 170.9 182.6
0.29 119.8 168.9 110.5 150.8  70.9 153.2 198.2 202.9  58.1  66.2  80.3  74.8 156.1   0.0  31.3  90.3  68.5 132.9 115.5  85.2  72.9 106.3  46.8  86.9 149.2  97.3 174.6  73.1  68.1 185.5 139.1  71.4 108.6  31.1 164.8 197.2 120.9 143.5
0.15 144.3 169.5 113.3 167.9  85.3 150.6 196.1 224.2  86.1  97.4 111.1 106.1 147.3  31.3   0.0 119.0  64.9 138.6 124.5 115.5  82.5  85.2  77.7 105.3 175.6 128.4 183.6  98.9  72.4 201.9 144.9  51.9 126.0  61.9 159.5 217.4 147.0 169.5
0.16  41.7 157.8 110.9  92.6  66.0 154.6 189.8 125.2  33.0  39.4  55.5  45.5 173.7  90.3 119.0   0.0 106.5 116.2  95.6  16.5  79.0 163.3  60.2  53.6  61.5  54.6 137.8  26.1  90.9 123.5 120.4 134.6  63.7  60.3 171.1 122.8  35.8  57.0
0.29 112.2 104.6  49.2 116.8  43.8  86.3 131.8 178.4  79.3 107.8 129.2 119.7  87.7  68.5  64.9 106.5   0.0  75.6  65.1 112.3  32.5  57.1 100.6  65.3 146.4 141.9 121.7  80.4  17.4 148.2  81.7  35.4  79.8  78.1  96.7 169.7 120.0 139.6
0.58  93.2  41.9  26.8  62.0  65.6  41.8  74.0 122.7 108.6 140.5 162.8 151.7  69.0 132.9 138.6 116.2  75.6   0.0  21.0 130.2  60.1 109.3 145.7  64.0 121.1 168.4  46.5  96.5  66.5  83.2   6.3 106.7  54.2 126.8  58.7 112.0 105.6 114.8
0.15  75.7  62.8  25.0  55.7  46.0  59.8  94.9 118.6  87.7 119.5 141.9 130.8  83.4 115.5 124.5  95.6  65.1  21.0   0.0 109.4  42.8 108.5 125.4  43.1 106.1 147.4  59.5  75.6  52.5  84.1  26.2  99.1  35.4 107.0  76.7 108.8  87.7  99.4
0.18  57.9 172.0 122.7 109.1  75.2 167.5 204.1 140.1  33.6  25.5  39.1  29.5 184.9  85.2 115.5  16.5 112.3 130.2 109.4   0.0  87.9 168.1  48.5  66.5  74.0  38.7 153.8  35.2  98.1 139.9 134.7 137.5  78.9  54.1 183.6 138.3  50.8  70.4
0.84  79.9  98.1  40.4  87.3  13.0  86.2 129.0 147.5  57.8  89.6 112.2 101.7  98.4  72.9  82.5  79.0  32.5  60.1  42.8  87.9   0.0  88.4  89.4  32.9 114.2 121.9 102.2  53.3  15.1 120.4  66.3  67.3  48.0  68.6 100.6 139.3  88.3 107.2
0.60 168.1 119.8  84.7 164.1 100.5  96.0 136.4 227.0 134.6 160.3 180.1 171.7  78.0 106.3  85.2 163.3  57.1 109.3 108.5 168.1  88.4   0.0 148.5 121.2 202.3 194.6 153.7 137.3  74.0 191.4 113.9  34.9 132.7 126.7  96.6 217.2 176.6 195.4
0.56  99.5 186.3 129.7 143.6  80.6 175.6 217.8 184.5  40.0  23.7  33.5  29.0 185.5  46.8  77.7  60.2 100.6 145.7 125.4  48.5  89.4 148.5   0.0  85.4 121.5  50.7 179.8  57.0  92.5 177.3 151.5 114.2 105.1  22.5 189.7 181.2  95.8 117.2
0.38  47.0 105.9  57.4  63.8  22.3 101.1 138.0 119.1  46.1  77.0  99.1  88.0 120.4  86.9 105.3  53.6  65.3  64.0  43.1  66.5  32.9 121.2  85.4   0.0  81.3 104.4  94.4  32.5  47.9  98.5  69.0  99.4  21.7  70.1 117.5 112.1  55.8  74.4
0.26  34.3 156.7 129.4  68.2 102.8 162.9 185.7  69.7  91.2  99.5 109.9 102.4 189.2 149.2 175.6  61.5 146.4 121.1 106.1  74.0 114.2 202.3 121.5  81.3   0.0 101.2 120.4  76.7 129.1  85.1 122.5 179.9  72.3 120.9 179.7  70.9  28.6   7.0
0.49  93.7 210.2 159.1 146.5 110.0 204.6 242.3 170.5  64.2  34.3  18.1  23.0 220.2  97.3 128.4  54.6 141.9 168.4 147.4  38.7 121.9 194.6  50.7 104.4 101.2   0.0 192.3  72.1 129.9 175.9 173.1 161.4 117.6  69.1 220.4 170.3  84.3  99.6
0.47 103.2  47.9  73.4  52.3 104.2  67.1  68.8  95.5 140.2 169.7 190.7 179.7  97.7 174.6 183.6 137.8 121.7  46.5  59.5 153.8 102.2 153.7 179.8  94.4 120.4 192.3   0.0 124.9 111.3  51.2  40.8 153.2  75.8 163.6  79.5  84.1 115.5 115.6
0.42  46.9 138.4  87.6  86.7  40.4 132.7 170.5 131.3  17.5  44.9  66.6  55.6 149.7  73.1  98.9  26.1  80.4  96.5  75.6  35.2  53.3 137.3  57.0  32.5  76.7  72.1 124.9   0.0  64.8 120.5 101.5 109.4  49.1  47.4 148.6 126.7  48.2  70.8
0.36  94.8 100.8  42.5 101.2  26.6  85.6 130.2 162.1  66.0  96.4 118.6 108.5  93.0  68.1  72.4  90.9  17.4  66.5  52.5  98.1  15.1  74.0  92.5  47.9 129.1 129.9 111.3  64.8   0.0 133.5  72.8  52.2  62.9  70.5  98.3 153.6 102.8 122.2
0.13  82.3  98.6 106.7  34.7 116.7 115.5 119.2  44.3 137.9 161.4 179.0 169.0 146.2 185.5 201.9 123.5 148.2  83.2  84.1 139.9 120.4 191.4 177.3  98.5  85.1 175.9  51.2 120.5 133.5   0.0  79.9 183.0  76.9 166.4 129.5  32.9  91.9  82.6
0.13  95.7  37.4  32.7  61.1  71.5  40.6  69.4 120.5 113.9 145.7 168.0 156.9  69.4 139.1 144.9 120.4  81.7   6.3  26.2 134.7  66.3 113.9 151.5  69.0 122.5 173.1  40.8 101.5  72.8  79.9   0.0 112.4  57.7 132.7  57.3 109.6 108.3 116.3
0.48 145.8 128.7  79.8 152.0  77.3 107.0 151.5 213.8 104.0 127.4 146.4 138.5  98.1  71.4  51.9 134.6  35.4 106.7  99.1 137.5  67.3  34.9 114.2  99.4 179.9 161.4 153.2 109.4  52.2 183.0 112.4   0.0 115.1  92.8 112.9 205.0 152.7 173.1
0.71  40.5  95.0  57.3  42.3  41.1  95.0 126.7  99.7  65.1  93.9 114.9 103.9 118.6 108.6 126.0  63.7  79.8  54.2  35.4  78.9  48.0 132.7 105.1  21.7  72.3 117.6  75.8  49.1  62.9  76.9  57.7 115.1   0.0  91.1 112.0  91.9  52.3  65.5
0.79  93.9 166.5 109.0 131.9  61.2 154.6 197.5 178.8  30.4  36.1  53.5  46.1 163.4  31.1  61.9  60.3  78.1 126.8 107.0  54.1  68.6 126.7  22.5  70.1 120.9  69.1 163.6  47.4  70.5 166.4 132.7  92.8  91.1   0.0 168.3 174.1  93.1 115.6
0.67 151.7  32.2  61.3 117.3 111.1  17.0  39.8 173.0 157.3 189.6 212.3 201.5  21.1 164.8 159.5 171.1  96.7  58.7  76.7 183.6 100.6  96.6 189.7 117.5 179.7 220.4  79.5 148.6  98.3 129.5  57.3 112.9 112.0 168.3   0.0 161.6 164.0 173.4
0.86  81.8 131.2 133.0  53.3 133.0 147.0 152.1  11.4 144.1 162.2 176.7 167.8 177.6 197.2 217.4 122.8 169.7 112.0 108.8 138.3 139.3 217.2 181.2 112.1  70.9 170.3  84.1 126.7 153.6  32.9 109.6 205.0  91.9 174.1 161.6   0.0  87.5  71.1
0.73  12.7 144.7 108.9  65.0  76.3 147.0 175.5  89.5  63.1  75.2  89.3  80.3 170.9 120.9 147.0  35.8 120.0 105.6  87.7  50.8  88.3 176.6  95.8  55.8  28.6  84.3 115.5  48.2 102.8  91.9 108.3 152.7  52.3  93.1 164.0  87.5   0.0  22.7
0.44  27.4 150.9 122.6  63.3  96.0 156.5 180.2  71.0  85.7  95.7 107.3  99.3 182.6 143.5 169.5  57.0 139.6 114.8  99.4  70.4 107.2 195.4 117.2  74.4   7.0  99.6 115.6  70.8 122.2  82.6 116.3 173.1  65.5 115.6 173.4  71.1  22.7   0.0
