48
9
0.35   0.0  57.4 123.3 159.5 125.5 180.5 142.3 135.8  82.4  21.5 180.9 132.3 120.6 176.1 125.5  83.6 158.2  34.4  93.4 117.7 109.1 139.6 177.0  27.5 217.0 151.0 196.4 152.1 113.1  78.8 109.4  79.3 181.1  47.8  87.9 230.7  92.8 177.2  71.8 208.7 112.8 170.3 110.8 160.1  33.7 145.8  80.8  29.7
0.52  57.4   0.0  71.3 152.5 113.8 139.4 115.6 136.7  85.8  78.8 164.8 135.8 144.6 152.8 137.6  98.1 115.8  91.2  59.5 148.2  70.4 104.6 195.8  69.3 195.4  94.2 184.3 156.4 100.1  39.5 117.3 106.7 179.9  74.6 128.7 202.7  63.3 190.4  63.5 181.2 146.8 164.8  53.6 109.1  90.5  95.4 109.3  35.2
0.43 123.3  71.3   0.0 132.4  97.8  75.1  77.2 130.2 101.1 143.3 130.2 132.8 163.5 110.7 144.4 119.4  52.3 157.6  46.6 173.7  36.1  56.2 200.9 124.0 150.1  40.1 152.3 149.7  88.1  47.6 124.7 138.0 162.3 117.1 168.6 149.0  53.1 189.2  81.2 129.9 176.5 144.2  33.8  37.7 153.1  24.3 140.9  94.4
0.20 159.5 152.5 132.4   0.0  38.9 104.9  58.0  28.5  77.1 165.6  31.9  34.7  82.1  48.0  53.8  80.5 103.4 179.5  98.5  99.0  98.7  80.5  82.8 136.7  69.3 169.7  38.2  30.4  52.5 116.6  55.6  97.8  30.0 114.7 124.1  93.8  92.5  65.8  92.1  76.5 108.2  12.4 159.1 136.6 165.7 129.8  98.9 138.9
0.46 125.5 113.8  97.8  38.9   0.0  90.3  35.5  33.1  45.6 134.7  55.4  37.0  80.2  54.3  53.7  56.3  80.5 149.3  60.1  95.3  62.4  53.7 104.7 105.6  92.2 136.8  72.0  51.9  13.7  77.7  40.5  77.8  67.7  84.7 109.3 109.7  53.8  91.7  55.1  88.6 102.2  51.3 121.9 109.3 136.8  99.8  79.9 102.4
0.59 180.5 139.4  75.1 104.9  90.3   0.0  54.8 119.3 123.6 197.1  85.3 124.9 170.5  61.5 143.4 140.1  23.7 212.4  87.2 185.4  71.6  43.2 187.2 171.4  87.8  92.8 105.3 132.9  91.1 103.4 130.4 162.3 130.4 156.1 195.2  78.3  88.4 170.6 115.9  63.3 191.9 112.8 108.5  49.8 203.8  54.4 164.9 151.1
0.61 142.3 115.6  77.2  58.0  35.5  54.8   0.0  66.0  72.6 155.4  53.5  71.0 115.7  37.3  88.9  87.4  46.6 170.7  56.1 130.6  48.5  22.6 136.3 127.4  79.8 112.5  75.3  81.8  37.5  76.1  75.7 109.7  87.3 109.0 142.2  88.8  52.9 121.3  71.4  66.9 137.3  68.8 107.4  78.7 159.9  71.9 112.1 115.1
0.83 135.8 136.7 130.2  28.5  33.1 119.3  66.0   0.0  54.4 140.0  59.3   6.6  55.5  70.5  26.7  53.9 112.3 153.3  89.5  72.2  94.4  86.2  71.6 111.5  97.5 169.6  66.2  20.2  42.4 104.6  28.0  69.7  45.3  89.4  95.7 120.9  82.7  59.0  73.6 102.3  81.0  36.1 152.4 142.2 139.1 132.9  70.7 118.1
0.88  82.4  85.8 101.1  77.1  45.6 123.6  72.6  54.4   0.0  89.5 100.2  51.9  63.7  99.5  51.9  18.5 107.0 104.0  54.5  72.7  67.5  80.9 110.4  60.4 137.7 140.6 114.3  72.6  36.0  61.4  31.6  39.5  99.6  39.1  72.3 155.0  48.1 104.6  23.4 133.6  75.6  88.0 113.3 126.1  91.2 113.2  42.3  63.8
0.64  21.5  78.8 143.3 165.6 134.7 197.1 155.4 140.0  89.5   0.0 189.7 135.6 116.0 187.2 125.9  86.2 175.4  15.4 110.2 110.2 126.5 155.1 172.7  29.1 226.9 172.2 203.5 154.4 123.3  97.5 112.4  76.3 184.5  50.9  76.7 242.5 108.7 175.2  84.0 220.7 103.8 175.6 132.2 179.6  12.8 165.2  77.0  48.9
0.55 180.9 164.8 130.2  31.9  55.4  85.3  53.5  59.3 100.2 189.7   0.0  65.8 114.0  23.8  85.4 107.4  90.5 204.2 106.4 130.8 101.5  74.2 110.2 160.6  38.6 163.6  22.1  61.4  68.1 126.2  84.6 126.7  47.2 139.2 154.7  61.9 101.7  91.8 110.1  45.2 140.0  32.6 160.9 125.5 191.2 121.9 128.1 157.3
0.58 132.3 135.8 132.8  34.7  37.0 124.9  71.0   6.6  51.9 135.6  65.8   0.0  49.0  77.0  20.2  49.5 117.0 148.7  90.8  65.7  96.8  90.6  68.2 107.4 103.9 172.5  72.0  20.7  44.7 105.1  23.2  64.1  49.0  85.3  89.4 127.4  83.9  57.1  72.4 108.9  74.4  41.5 153.8 146.2 134.4 136.5  65.0 115.7
0.89 120.6 144.6 163.5  82.1  80.2 170.5 115.7  55.5  63.7 116.0 114.0  49.0   0.0 125.9  28.9  47.2 159.4 125.6 117.3  16.9 128.4 132.2  56.8  93.1 151.1 203.5 116.5  55.5  81.6 124.9  40.9  41.3  84.8  74.7  49.0 175.8 110.5  60.7  86.6 157.8  26.5  85.5 177.0 184.5 110.4 172.8  39.8 115.1
0.86 176.1 152.8 110.7  48.0  54.3  61.5  37.3  70.5  99.5 187.2  23.8  77.0 125.9   0.0  97.1 110.4  67.6 202.2  93.3 142.5  85.5  54.6 130.3 158.5  42.6 142.0  44.7  78.2  64.1 113.4  91.2 131.5  69.7 138.3 161.9  55.5  89.8 112.5 104.3  34.2 150.8  53.1 142.7 102.7 190.3 100.1 133.4 150.1
0.42 125.5 137.6 144.4  53.8  53.7 143.4  88.9  26.7  51.9 125.9  85.4  20.2  28.9  97.1   0.0  42.4 134.0 137.8  99.8  45.6 108.4 107.0  58.8  99.1 123.1 184.4  89.6  30.4  57.9 111.3  20.8  50.6  61.4  77.7  71.7 147.2  92.9  53.2  75.0 129.0  54.5  58.6 162.2 161.4 122.9 150.7  50.8 113.1
0.38  83.6  98.1 119.4  80.5  56.3 140.1  87.4  53.9  18.5  86.2 107.4  49.5  47.2 110.4  42.4   0.0 124.5  99.4  72.8  54.6  86.0  97.9  98.3  58.1 145.8 158.8 118.7  68.7  49.9  78.2  26.2  22.3  98.4  36.1  55.1 165.4  66.5  95.2  39.8 144.6  57.2  89.8 130.2 144.5  85.4 131.7  24.8  71.1
0.31 158.2 115.8  52.3 103.4  80.5  23.7  46.6 112.3 107.0 175.4  90.5 117.0 159.4  67.6 134.0 124.5   0.0 190.7  65.2 173.2  49.1  27.2 182.9 150.7 102.0  75.7 112.2 128.4  77.9  80.3 118.6 146.4 131.5 136.8 179.2  97.5  67.3 167.7  96.3  79.6 178.8 113.1  86.1  35.1 182.8  34.3 149.1 128.7
0.65  34.4  91.2 157.6 179.5 149.3 212.4 170.7 153.3 104.0  15.4 204.2 148.7 125.6 202.2 137.8  99.4 190.7   0.0 125.5 118.1 141.7 170.5 181.9  43.8 241.6 185.2 217.4 166.9 138.2 112.3 125.5  87.4 197.4  65.0  82.7 257.6 124.0 185.7  99.3 235.8 110.8 189.1 144.8 194.2  15.2 179.8  87.8  63.4
0.17  93.4  59.5  46.6  98.5  60.1  87.2  56.1  89.5  54.5 110.2 106.4  90.8 117.3  93.3  99.8  72.8  65.2 125.5   0.0 127.1  16.5  47.1 157.7  85.9 135.9  86.3 126.8 109.6  47.6  20.1  79.5  91.8 127.7  74.3 123.2 143.6   7.0 147.9  35.5 122.0 129.9 110.9  63.0  74.7 117.7  60.9  94.7  64.0
0.65 117.7 148.2 173.7  99.0  95.3 185.4 130.6  72.2  72.7 110.2 130.8  65.7  16.9 142.5  45.6  54.6 173.2 118.1 127.1   0.0 139.5 146.0  64.8  90.5 168.0 213.3 133.2  72.1  95.4 132.6  55.0  41.5 100.9  75.0  37.1 192.7 120.6  72.6  94.3 174.5  10.2 102.3 184.6 196.8 103.0 184.6  39.1 116.4
0.61 109.1  70.4  36.1  98.7  62.4  71.6  48.5  94.4  67.5 126.5 101.5  96.8 128.4  85.5 108.4  86.0  49.1 141.7  16.5 139.5   0.0  34.2 164.8 102.4 127.5  76.1 122.9 114.0  52.1  32.1  89.0 106.1 128.6  90.5 138.0 132.6  20.4 153.4  50.9 111.4 143.0 110.9  60.5  59.2 134.1  45.8 109.0  79.6
0.66 139.6 104.6  56.2  80.5  53.7  43.2  22.6  86.2  80.9 155.1  74.2  90.6 132.2  54.6 107.0  97.9  27.2 170.5  47.1 146.0  34.2   0.0 157.4 128.8  95.2  90.1  96.3 103.2  50.7  65.8  91.3 120.0 109.9 113.0 152.9  98.5  46.8 143.0  72.9  77.6 151.7  91.4  88.2  56.5 161.3  49.3 122.7 110.7
0.78 177.0 195.8 200.9  82.8 104.7 187.2 136.3  71.6 110.4 172.7 110.2  68.2  56.8 130.3  58.8  98.3 182.9 181.9 157.7  64.8 164.8 157.4   0.0 149.6 139.4 240.6 101.7  54.6 112.9 170.0  79.6  97.7  64.9 130.3 101.8 167.3 150.8  19.0 133.7 154.6  73.8  77.7 220.5 213.7 166.7 204.5  96.4 169.1
0.55  27.5  69.3 124.0 136.7 105.6 171.4 127.4 111.5  60.4  29.1 160.6 107.4  93.1 158.5  99.1  58.1 150.7  43.8  85.9  90.5 102.4 128.8 149.6   0.0 197.8 156.9 174.4 126.7  94.4  76.6  84.3  51.9 156.4  22.1  62.7 213.8  83.4 150.2  56.3 192.1  86.0 146.9 119.0 158.5  32.6 144.2  53.3  34.2
0.80 217.0 195.4 150.1  69.3  92.2  87.8  79.8  97.5 137.7 226.9  38.6 103.9 151.1  42.6 123.1 145.8 102.0 241.6 135.9 168.0 127.5  95.2 139.4 197.8   0.0 177.7  37.7  96.8 103.9 156.0 123.2 165.2  74.6 176.8 193.1  28.3 132.4 120.3 145.4  25.5 177.4  66.3 183.1 135.8 228.9 136.2 166.7 191.9
0.31 151.0  94.2  40.1 169.7 136.8  92.8 112.5 169.6 140.6 172.2 163.6 172.5 203.5 142.0 184.4 158.8  75.7 185.2  86.3 213.3  76.1  90.1 240.6 156.9 177.7   0.0 185.7 188.8 127.8  83.5 164.8 176.6 199.5 153.1 206.3 171.1  92.9 228.6 119.8 154.8 215.8 181.1  40.9  43.1 183.2  41.9 179.5 124.5
0.49 196.4 184.3 152.3  38.2  72.0 105.3  75.3  66.2 114.3 203.5  22.1  72.0 116.5  44.7  89.6 118.7 112.2 217.4 126.8 133.2 122.9  96.3 101.7 174.4  37.7 185.7   0.0  61.2  85.5 146.3  93.7 135.8  36.8 152.6 161.1  65.7 121.8  82.6 127.1  55.3 143.0  31.1 182.7 147.3 203.8 143.9 136.9 174.3
0.14 152.1 156.4 149.7  30.4  51.9 132.9  81.8  20.2  72.6 154.4  61.4  20.7  55.5  78.2  30.4  68.7 128.4 166.9 109.6  72.1 114.0 103.2  54.6 126.7  96.8 188.8  61.2   0.0  62.4 124.8  42.7  80.5  31.0 104.8 101.7 122.7 102.8  39.9  93.0 106.5  82.0  30.5 172.5 159.7 152.3 151.1  80.9 136.3
0.73 113.1 100.1  88.1  52.5  13.7  91.1  37.5  42.4  36.0 123.3  68.1  44.7  81.6  64.1  57.9  49.9  77.9 138.2  47.6  95.4  52.1  50.7 112.9  94.4 103.9 127.8  85.5  62.4   0.0  64.4  40.8  72.1  80.7  74.3 104.7 119.6  41.0 101.4  42.0  98.0 101.2  64.8 110.2 103.6 126.2  92.8  74.5  89.2
0.52  78.8  39.5  47.6 116.6  77.7 103.4  76.1 104.6  61.4  97.5 126.2 105.1 124.9 113.4 111.3  78.2  80.3 112.3  20.1 132.6  32.1  65.8 170.0  76.6 156.0  83.5 146.3 124.8  64.4   0.0  90.5  93.9 145.2  69.9 122.9 163.3  24.5 161.7  38.4 141.8 133.9 129.0  52.1  82.3 106.5  67.9  96.8  49.1
0.47 109.4 117.3 124.7  55.6  40.5 130.4  75.7  28.0  31.6 112.4  84.6  23.2  40.9  91.2  20.8  26.2 118.6 125.5  79.5  55.0  89.0  91.3  79.6  84.3 123.2 164.8  93.7  42.7  40.8  90.5   0.0  42.2  72.2  62.2  70.8 144.7  72.6  73.0  54.3 124.8  61.7  64.1 141.5 143.8 111.2 132.5  43.6  94.4
0.79  79.3 106.7 138.0  97.8  77.8 162.3 109.7  69.7  39.5  76.3 126.7  64.1  41.3 131.5  50.6  22.3 146.4  87.4  91.8  41.5 106.1 120.0  97.7  51.9 165.2 176.6 135.8  80.5  72.1  93.9  42.2   0.0 111.4  33.8  32.9 186.0  86.0  99.0  56.8 165.5  40.6 105.6 145.3 165.1  72.4 151.9   2.9  75.0
0.62 181.1 179.9 162.3  30.0  67.7 130.4  87.3  45.3  99.6 184.5  47.2  49.0  84.8  69.7  61.4  98.4 131.5 197.4 127.7 100.9 128.6 109.9  64.9 156.4  74.6 199.5  36.8  31.0  80.7 145.2  72.2 111.4   0.0 134.3 132.3 102.4 121.5  46.0 117.7  90.2 111.0  18.5 188.9 165.5 182.9 159.2 111.8 163.2
0.72  47.8  74.6 117.1 114.7  84.7 156.1 109.0  89.4  39.1  50.9 139.2  85.3  74.7 138.3  77.7  36.1 136.8  65.0  74.3  75.0  90.5 113.0 130.3  22.1 176.8 153.1 152.6 104.8  74.3  69.9  62.2  33.8 134.3   0.0  54.8 193.8  70.3 129.6  40.4 172.2  72.6 124.8 118.2 148.9  52.2 134.8  36.0  41.5
0.83  87.9 128.7 168.6 124.1 109.3 195.2 142.2  95.7  72.3  76.7 154.7  89.4  49.0 161.9  71.7  55.1 179.2  82.7 123.2  37.1 138.0 152.9 101.8  62.7 193.1 206.3 161.1 101.7 104.7 122.9  70.8  32.9 132.3  54.8   0.0 215.4 117.7 109.0  87.7 195.6  28.5 130.1 172.7 197.2  67.9 183.8  30.3  94.2
0.61 230.7 202.7 149.0  93.8 109.7  78.3  88.8 120.9 155.0 242.5  61.9 127.4 175.8  55.5 147.2 165.4  97.5 257.6 143.6 192.7 132.6  98.5 167.3 213.8  28.3 171.1  65.7 122.7 119.6 163.3 144.7 186.0 102.4 193.8 215.4   0.0 141.4 148.3 159.1  21.9 201.8  92.6 182.8 128.1 245.8 131.4 187.8 203.9
0.60  92.8  63.3  53.1  92.5  53.8  88.4  52.9  82.7  48.1 108.7 101.7  83.9 110.5  89.8  92.9  66.5  67.3 124.0   7.0 120.6  20.4  46.8 150.8  83.4 132.4  92.9 121.8 102.8  41.0  24.5  72.6  86.0 121.5  70.3 117.7 141.4   0.0 141.0  30.5 119.6 123.7 104.9  69.9  79.6 115.6  66.1  88.9  64.0
0.78 177.2 190.4 189.2  65.8  91.7 170.6 121.3  59.0 104.6 175.2  91.8  57.1  60.7 112.5  53.2  95.2 167.7 185.7 147.9  72.6 153.4 143.0  19.0 150.2 120.3 228.6  82.6  39.9 101.4 161.7  73.0  99.0  46.0 129.6 109.0 148.3 141.0   0.0 127.2 135.9  82.5  59.5 210.9 199.5 170.5 191.1  98.2 166.3
0.83  71.8  63.5  81.2  92.1  55.1 115.9  71.4  73.6  23.4  84.0 110.1  72.4  86.6 104.3  75.0  39.8  96.3  99.3  35.5  94.3  50.9  72.9 133.7  56.3 145.4 119.8 127.1  93.0  42.0  38.4  54.3  56.8 117.7  40.4  87.7 159.1  30.5 127.2   0.0 137.2  96.1 103.9  90.5 110.0  89.0  96.3  59.7  47.3
0.16 208.7 181.2 129.9  76.5  88.6  63.3  66.9 102.3 133.6 220.7  45.2 108.9 157.8  34.2 129.0 144.6  79.6 235.8 122.0 174.5 111.4  77.6 154.6 192.1  25.5 154.8  55.3 106.5  98.0 141.8 124.8 165.5  90.2 172.2 195.6  21.9 119.6 135.9 137.2   0.0 183.3  77.6 163.5 112.3 224.2 113.9 167.4 181.9
0.40 112.8 146.8 176.5 108.2 102.2 191.9 137.3  81.0  75.6 103.8 140.0  74.4  26.5 150.8  54.5  57.2 178.8 110.8 129.9  10.2 143.0 151.7  73.8  86.0 177.4 215.8 143.0  82.0 101.2 133.9  61.7  40.6 111.0  72.6  28.5 201.8 123.7  82.5  96.1 183.3   0.0 112.0 185.6 201.1  95.9 188.6  37.8 114.0
0.84 170.3 164.8 144.2  12.4  51.3 112.8  68.8  36.1  88.0 175.6  32.6  41.5  85.5  53.1  58.6  89.8 113.1 189.1 110.9 102.3 110.9  91.4  77.7 146.9  66.3 181.1  31.1  30.5  64.8 129.0  64.1 105.6  18.5 124.8 130.1  92.6 104.9  59.5 103.9  77.6 112.0   0.0 171.3 147.0 175.1 140.7 106.5 150.4
0.11 110.8  53.6  33.8 159.1 121.9 108.5 107.4 152.4 113.3 132.2 160.9 153.8 177.0 142.7 162.2 130.2  86.1 144.8  63.0 184.6  60.5  88.2 220.5 119.0 183.1  40.9 182.7 172.5 110.2  52.1 141.5 145.3 188.9 118.2 172.7 182.8  69.9 210.9  90.5 163.5 185.6 171.3   0.0  65.8 143.5  55.3 148.1  85.6
0.81 160.1 109.1  37.7 136.6 109.3  49.8  78.7 142.2 126.1 179.6 125.5 146.2 184.5 102.7 161.4 144.5  35.1 194.2  74.7 196.8  59.2  56.5 213.7 158.5 135.8  43.1 147.3 159.7 103.6  82.3 143.8 165.1 165.5 148.9 197.2 128.1  79.6 199.5 110.0 112.3 201.1 147.0  65.8   0.0 188.8  14.4 168.0 130.8
0.46  33.7  90.5 153.1 165.7 136.8 203.8 159.9 139.1  91.2  12.8 191.2 134.4 110.4 190.3 122.9  85.4 182.8  15.2 117.7 103.0 134.1 161.3 166.7  32.6 228.9 183.2 203.8 152.3 126.2 106.5 111.2  72.4 182.9  52.2  67.9 245.8 115.6 170.5  89.0 224.2  95.9 175.1 143.5 188.8   0.0 174.4  72.7  58.9
0.87 145.8  95.4  24.3 129.8  99.8  54.4  71.9 132.9 113.2 165.2 121.9 136.5 172.8 100.1 150.7 131.7  34.3 179.8  60.9 184.6  45.8  49.3 204.5 144.2 136.2  41.9 143.9 151.1  92.8  67.9 132.5 151.9 159.2 134.8 183.8 131.4  66.1 191.1  96.3 113.9 188.6 140.7  55.3  14.4 174.4   0.0 154.8 116.5
0.17  80.8 109.3 140.9  98.9  79.9 164.9 112.1  70.7  42.3  77.0 128.1  65.0  39.8 133.4  50.8  24.8 149.1  87.8  94.7  39.1 109.0 122.7  96.4  53.3 166.7 179.5 136.9  80.9  74.5  96.8  43.6   2.9 111.8  36.0  30.3 187.8  88.9  98.2  59.7 167.4  37.8 106.5 148.1 168.0  72.7 154.8   0.0  77.3
0.63  29.7  35.2  94.4 138.9 102.4 151.1 115.1 118.1  63.8  48.9 157.3 115.7 115.1 150.1 113.1  71.1 128.7  63.4  64.0 116.4  79.6 110.7 169.1  34.2 191.9 124.5 174.3 136.3  89.2  49.1  94.4  75.0 163.2  41.5  94.2 203.9  64.0 166.3  47.3 181.9 114.0 150.4  85.6 130.8  58.9 116.5  77.3   0.0
