38
7
0.21   0.0 189.7 181.6  97.1  98.9  91.0  71.3  78.3  44.3  75.3 202.9  80.5 173.6 154.2  67.4  58.1 170.7 150.9 110.4  90.3 174.4 188.4 123.2 139.0  35.6 134.3 144.6  12.7  74.7  52.3 159.8  74.9  67.9  46.0 178.6 190.9 207.1  75.7
0.13 189.7   0.0  19.8 108.5  92.8 165.5 165.7 151.5 181.4 186.1 111.8 121.2  56.6 127.8 127.2 134.5 121.4  51.1  80.1 139.8  94.7  13.6  68.6  95.9 161.0  88.5  46.1 185.6 122.0 137.4  33.7 193.0 150.9 174.2  32.8 120.0  45.5 114.4
0.27 181.6  19.8   0.0 108.5  88.7 149.6 165.1 136.9 169.2 171.5 128.2 108.7  36.8 138.0 122.8 124.7 133.8  57.4  75.4 141.2 108.4   8.3  58.4  77.4 150.9  70.8  37.5 176.4 118.5 129.3  21.9 178.4 137.5 170.8  47.7 134.8  33.9 107.9
0.88  97.1 108.5 108.5   0.0  27.2 127.0  57.1 106.6 111.4 132.8 107.9  74.9 119.4  68.6  31.0  64.1  80.7  60.2  37.6  33.3  78.4 112.6  63.3 112.2  83.3 102.0  73.7  98.8  23.3  55.8  88.8 137.4  98.1  68.3  88.0  98.5 141.1  36.5
0.78  98.9  92.8  88.7  27.2   0.0 107.7  78.1  87.8 101.7 117.9 120.3  53.7  94.4  90.7  34.4  51.3  99.5  52.4  13.3  58.9  90.1  94.1  37.1  85.0  75.8  74.8  51.7  97.0  29.8  48.6  67.5 123.5  81.2  82.1  79.8 114.3 119.5  24.0
0.45  91.0 165.5 149.6 127.0 107.7   0.0 141.3  20.5  48.4  26.8 227.5  54.1 124.6 195.6 102.0  64.9 206.5 150.2 109.9 143.7 197.5 157.8 101.9  78.0  61.8  80.5 122.5  78.5 107.8  77.1 131.9  33.5  30.4 123.0 171.0 221.9 161.9  90.6
0.38  71.3 165.7 165.1  57.1  78.1 141.3   0.0 122.3 106.4 135.7 143.0 102.2 172.2  88.9  49.7  79.7 107.1 116.6  91.1  28.9 118.2 169.5 114.8 155.0  81.2 146.2 129.2  80.0  50.0  66.3 144.7 137.8 111.2  25.6 143.7 128.4 197.0  68.5
0.85  78.3 151.5 136.9 106.6  87.8  20.5 122.3   0.0  41.1  34.6 208.0  34.7 115.7 175.2  81.7  44.6 186.2 132.2  90.9 123.5 177.9 145.0  85.4  71.5  45.4  71.3 107.0  66.5  87.4  57.2 117.8  41.5  11.3 105.4 154.3 202.0 152.8  70.1
0.46  44.3 181.4 169.2 111.4 101.7  48.4 106.4  41.1   0.0  31.1 218.9  60.5 152.8 177.3  81.0  50.4 191.4 152.6 109.5 117.1 189.0 177.0 112.8 111.1  28.3 109.4 135.4  31.7  88.5  55.6 148.5  31.7  34.3  83.9 178.1 209.8 189.1  78.5
0.75  75.3 186.1 171.5 132.8 117.9  26.8 135.7  34.6  31.1   0.0 237.9  67.5 149.0 200.7 104.2  68.7 213.4 165.2 122.8 143.5 207.7 179.6 119.7 103.2  54.8 104.5 141.5  62.7 111.1  78.0 152.5   7.1  37.2 114.2 188.2 230.5 186.3  97.2
0.40 202.9 111.8 128.2 107.9 120.3 227.5 143.0 208.0 218.9 237.9   0.0 173.5 161.5  56.4 138.9 169.9  37.7  83.7 117.9 115.7  30.2 124.8 132.8 184.2 191.1 173.8 121.4 206.0 131.2 163.3 124.8 243.2 201.5 165.1  80.4  17.9 157.1 141.1
0.19  80.5 121.2 108.7  74.9  53.7  54.1 102.2  34.7  60.5  67.5 173.5   0.0  94.4 142.9  55.0  24.9 152.9  97.8  56.2  96.8 143.4 116.4  53.1  59.1  45.6  53.8  75.5  72.1  58.9  37.3  88.1  73.8  30.5  91.6 120.9 168.0 129.6  39.4
0.19 173.6  56.6  36.8 119.4  94.4 124.6 172.2 115.7 152.8 149.0 161.5  94.4   0.0 163.0 124.7 115.6 162.0  82.8  82.0 152.5 138.8  43.8  57.4  47.2 139.8  44.5  47.9 166.2 122.5 123.6  37.7 156.1 119.0 172.5  81.8 166.1  37.3 107.0
0.51 154.2 127.8 138.0  68.6  90.7 195.6  88.9 175.2 177.3 200.7  56.4 142.9 163.0   0.0  96.7 132.4  18.8  81.1  94.6  64.0  40.6 138.0 117.4 171.0 149.0 160.3 115.8 159.3  89.6 122.8 125.8 205.0 166.6 112.7  95.9  40.1 171.4 105.1
0.42  67.4 127.2 122.8  31.0  34.4 102.0  49.7  81.7  81.0 104.2 138.9  55.0 124.7  96.7   0.0  37.1 110.5  84.3  47.5  42.1 109.4 128.4  67.7 105.3  52.7  96.6  85.4  68.0   7.7  26.2 101.3 108.4  71.9  48.3 112.3 129.0 152.6  18.8
0.22  58.1 134.5 124.7  64.1  51.3  64.9  79.7  44.6  50.4  68.7 169.9  24.9 115.6 132.4  37.1   0.0 144.8 102.4  59.3  78.9 139.8 131.9  66.4  83.6  26.5  77.6  88.7  51.7  43.3  13.4 103.1  73.5  34.8  67.0 128.4 162.0 149.1  28.8
0.33 170.7 121.4 133.8  80.7  99.5 206.5 107.1 186.2 191.4 213.4  37.7 152.9 162.0  18.8 110.5 144.8   0.0  79.3 101.0  81.2  27.8 132.7 121.5 175.2 163.2 164.4 116.3 175.1 103.0 136.2 124.3 218.1 178.4 130.4  88.7  21.4 166.3 116.6
0.48 150.9  51.1  57.4  60.2  52.4 150.2 116.6 132.2 152.6 165.2  83.7  97.8  82.8  81.1  84.3 102.4  79.3   0.0  43.2  89.7  57.3  58.6  50.2 100.6 127.8  90.2  38.1 149.4  77.8 101.0  45.1 171.3 128.0 128.2  28.1  84.9  91.2  76.3
0.22 110.4  80.1  75.4  37.6  13.3 109.9  91.1  90.9 109.5 122.8 117.9  56.2  82.0  94.6  47.5  59.3 101.0  43.2   0.0  70.5  88.1  80.9  25.7  77.2  85.0  66.6  38.4 107.7  43.1  58.9  54.2 128.8  85.7  95.4  69.3 113.8 106.2  34.8
0.69  90.3 139.8 141.2  33.3  58.9 143.7  28.9 123.5 117.1 143.5 115.7  96.8 152.5  64.0  42.1  78.9  81.2  89.7  70.5   0.0  89.8 144.8  95.9 142.2  89.3 132.5 106.9  96.1  37.9  66.7 121.9 146.9 113.3  49.4 116.1 102.1 174.1  58.1
0.68 174.4  94.7 108.4  78.4  90.1 197.5 118.2 177.9 189.0 207.7  30.2 143.4 138.8  40.6 109.4 139.8  27.8  57.3  88.1  89.8   0.0 106.6 104.5 157.1 161.3 146.5  95.4 177.0 101.7 133.4 101.2 213.1 171.3 138.7  61.9  27.6 140.0 111.0
0.46 188.4  13.6   8.3 112.6  94.1 157.8 169.5 145.0 177.0 179.6 124.8 116.4  43.8 138.0 128.4 131.9 132.7  58.6  80.9 144.8 106.6   0.0  65.5  85.6 158.2  79.1  43.8 183.5 123.8 136.0  28.7 186.5 145.4 176.2  44.9 132.4  33.6 114.1
0.85 123.2  68.6  58.4  63.3  37.1 101.9 114.8  85.4 112.8 119.7 132.8  53.1  57.4 117.4  67.7  66.4 121.5  50.2  25.7  95.9 104.5  65.5   0.0  53.8  92.8  43.0  22.6 118.0  65.1  71.0  36.7 126.3  83.4 115.9  69.1 131.6  85.4  50.9
0.75 139.0  95.9  77.4 112.2  85.0  78.0 155.0  71.5 111.1 103.2 184.2  59.1  47.2 171.0 105.3  83.6 175.2 100.6  77.2 142.2 157.1  85.6  53.8   0.0 103.6  10.7  63.3 129.7 106.0  94.9  65.2 110.3  76.9 148.5 111.6 184.5  84.3  86.5
0.50  35.6 161.0 150.9  83.3  75.8  61.8  81.2  45.4  28.3  54.8 191.1  45.6 139.8 149.0  52.7  26.5 163.2 127.8  85.0  89.3 161.3 158.2  92.8 103.6   0.0  99.2 115.1  26.5  60.3  28.0 129.4  57.7  34.3  61.3 154.3 181.7 174.3  52.0
0.84 134.3  88.5  70.8 102.0  74.8  80.5 146.2  71.3 109.4 104.5 173.8  53.8  44.5 160.3  96.6  77.6 164.4  90.2  66.6 132.5 146.5  79.1  43.0  10.7  99.2   0.0  53.3 125.6  96.9  88.1  56.7 111.6  75.2 141.0 102.3 173.9  81.8  77.8
0.44 144.6  46.1  37.5  73.7  51.7 122.5 129.2 107.0 135.4 141.5 121.4  75.5  47.9 115.8  85.4  88.7 116.3  38.1  38.4 106.9  95.4  43.8  22.6  63.3 115.1  53.3   0.0 140.0  81.4  92.3  15.8 148.2 105.6 133.6  49.7 123.0  67.9  70.4
0.41  12.7 185.6 176.4  98.8  97.0  78.5  80.0  66.5  31.7  62.7 206.0  72.1 166.2 159.3  68.0  51.7 175.1 149.4 107.7  96.1 177.0 183.5 118.0 129.7  26.5 125.6 140.0   0.0  75.7  48.7 154.8  62.5  56.5  55.5 176.7 194.9 200.5  73.2
0.29  74.7 122.0 118.5  23.3  29.8 107.8  50.0  87.4  88.5 111.1 131.2  58.9 122.5  89.6   7.7  43.3 103.0  77.8  43.1  37.9 101.7 123.8  65.1 106.0  60.3  96.9  81.4  75.7   0.0  33.3  97.2 115.5  78.0  52.4 105.9 121.4 149.1  20.2
0.73  52.3 137.4 129.3  55.8  48.6  77.1  66.3  57.2  55.6  78.0 163.3  37.3 123.6 122.8  26.2  13.4 136.2 101.0  58.9  66.7 133.4 136.0  71.0  94.9  28.0  88.1  92.3  48.7  33.3   0.0 107.5  82.2  46.7  54.3 128.0 154.3 155.7  24.6
0.46 159.8  33.7  21.9  88.8  67.5 131.9 144.7 117.8 148.5 152.5 124.8  88.1  37.7 125.8 101.3 103.1 124.3  45.1  54.2 121.9 101.2  28.7  36.7  65.2 129.4  56.7  15.8 154.8  97.2 107.5   0.0 159.3 117.5 149.5  47.2 128.6  52.4  86.1
0.18  74.9 193.0 178.4 137.4 123.5  33.5 137.8  41.5  31.7   7.1 243.2  73.8 156.1 205.0 108.4  73.5 218.1 171.3 128.8 146.9 213.1 186.5 126.3 110.3  57.7 111.6 148.2  62.5 115.5  82.2 159.3   0.0  43.4 115.6 194.7 235.5 193.4 102.2
0.81  67.9 150.9 137.5  98.1  81.2  30.4 111.2  11.3  34.3  37.2 201.5  30.5 119.0 166.6  71.9  34.8 178.4 128.0  85.7 113.3 171.3 145.4  83.4  76.9  34.3  75.2 105.6  56.5  78.0  46.7 117.5  43.4   0.0  94.1 151.4 194.7 155.6  61.8
0.81  46.0 174.2 170.8  68.3  82.1 123.0  25.6 105.4  83.9 114.2 165.1  91.6 172.5 112.7  48.3  67.0 130.4 128.2  95.4  49.4 138.7 176.2 115.9 148.5  61.3 141.0 133.6  55.5  52.4  54.3 149.5 115.6  94.1   0.0 156.1 151.4 200.9  65.5
0.70 178.6  32.8  47.7  88.0  79.8 171.0 143.7 154.3 178.1 188.2  80.4 120.9  81.8  95.9 112.3 128.4  88.7  28.1  69.3 116.1  61.9  44.9  69.1 111.6 154.3 102.3  49.7 176.7 105.9 128.0  47.2 194.7 151.4 156.1   0.0  87.5  78.1 103.5
0.36 190.9 120.0 134.8  98.5 114.3 221.9 128.4 202.0 209.8 230.5  17.9 168.0 166.1  40.1 129.0 162.0  21.4  84.9 113.8 102.1  27.6 132.4 131.6 184.5 181.7 173.9 123.0 194.9 121.4 154.3 128.6 235.5 194.7 151.4  87.5   0.0 165.5 133.4
0.30 207.1  45.5  33.9 141.1 119.5 161.9 197.0 152.8 189.1 186.3 157.1 129.6  37.3 171.4 152.6 149.1 166.3  91.2 106.2 174.1 140.0  33.6  85.4  84.3 174.3  81.8  67.9 200.5 149.1 155.7  52.4 193.4 155.6 200.9  78.1 165.5   0.0 136.3
0.65  75.7 114.4 107.9  36.5  24.0  90.6  68.5  70.1  78.5  97.2 141.1  39.4 107.0 105.1  18.8  28.8 116.6  76.3  34.8  58.1 111.0 114.1  50.9  86.5  52.0  77.8  70.4  73.2  20.2  24.6  86.1 102.2  61.8  65.5 103.5 133.4 136.3   0.0
