38
7
0.59   0.0  76.3 111.9  10.3  24.3 163.4 103.0  22.9  22.7 172.3  83.3 171.9 179.7  89.5  92.6 112.3  80.3 162.0 183.2 192.6  74.1 158.1 117.7  31.1 184.5 122.1 130.2 108.0 118.4  98.9 178.9 177.5  34.8 116.7 158.5  46.5 110.6  50.7
0.26  76.3   0.0  71.3  79.1  92.5 133.7  26.7  66.6  98.8  99.4 114.6 140.1 169.0  90.6 112.7  36.1 114.3  86.2 117.5 124.4  13.6 140.6 106.3  51.0 170.0 117.8  53.9  53.7  43.4  37.1 139.2 113.3  50.0  40.6  86.5  59.4 123.6  69.5
0.36 111.9  71.3   0.0 120.1 113.0  62.4  74.4  90.3 132.2  87.0  90.2  68.9 100.9  51.1  78.7  72.6  92.4 113.3  80.7  93.0  59.0  71.5  46.4 103.7 100.6  60.1  86.0 120.9  88.9 103.7  70.2  73.8  77.5  82.0  74.0  67.0  78.7 131.8
0.31  10.3  79.1 120.1   0.0  32.2 172.9 105.4  32.8  21.1 176.9  93.4 181.3 190.0  99.7 102.9 115.1  90.4 163.5 189.4 198.4  78.6 168.1 127.7  29.9 194.7 132.3 132.4 105.6 119.9  98.1 187.9 183.9  42.6 118.7 163.3  56.0 121.0  43.2
0.19  24.3  92.5 113.0  32.2   0.0 157.4 119.1  26.7  25.2 182.9  64.6 166.2 167.3  80.2  76.5 127.6  61.1 178.7 189.5 200.1  87.3 148.6 109.0  53.9 173.0 110.8 146.1 130.1 135.8 119.6 175.5 183.3  43.9 133.1 168.8  46.3  95.0  74.8
0.35 163.4 133.7  62.4 172.9 157.4   0.0 134.5 140.6 180.6 117.7 110.1   8.8  49.4  77.9  94.0 130.7 113.8 160.9  92.0 104.8 121.3  25.1  49.9 162.0  44.9  54.5 140.2 182.3 146.7 165.2  24.8  85.5 132.0 139.6 109.7 117.0  81.2 191.5
0.57 103.0  26.7  74.4 105.4 119.1 134.5   0.0  92.8 125.3  76.8 135.7 139.6 175.3 106.6 131.4  10.4 135.8  59.7  99.9 104.7  33.7 145.9 116.6  76.5 174.8 129.4  27.2  48.5  18.3  32.4 135.1  96.9  75.9  14.1  65.2  83.1 139.8  90.4
0.28  22.9  66.6  90.3  32.8  26.7 140.6  92.8   0.0  42.0 156.5  65.9 149.0 157.5  67.0  72.8 101.1  63.5 152.5 164.4 174.5  60.7 135.3  94.9  36.8 162.0  99.7 119.8 108.1 109.9  96.0 156.3 158.3  17.2 106.9 142.4  23.8  90.1  65.0
0.31  22.7  98.8 132.2  21.1  25.2 180.6 125.3  42.0   0.0 195.0  89.6 189.2 192.3 104.2 101.7 134.9  86.0 184.0 205.3 215.0  96.9 172.9 132.9  51.0 197.9 135.5 152.5 126.7 140.4 119.2 197.5 199.5  56.7 138.9 181.2  65.5 120.2  61.4
0.78 172.3  99.4  87.0 176.9 182.9 117.7  76.8 156.5 195.0   0.0 176.0 117.9 167.0 137.7 165.4  66.4 177.8  54.3  35.3  32.4  98.3 139.4 130.4 150.2 162.4 143.8  57.0 114.6  72.0 103.6 104.1  37.7 139.6  68.2  14.2 138.7 165.3 167.1
0.73  83.3 114.6  90.2  93.4  64.6 110.1 135.7  65.9  89.6 176.0   0.0 118.7 107.2  39.4  16.1 140.4   4.1 190.9 170.2 182.8 103.0  94.3  61.0 102.3 114.2  56.2 158.6 165.6 153.9 150.6 132.6 163.1  72.7 148.7 162.3  56.7  33.1 130.8
0.81 171.9 140.1  68.9 181.3 166.2   8.8 139.6 149.0 189.2 117.9 118.7   0.0  51.1  86.7 102.7 135.3 122.5 163.1  90.2 102.7 127.9  30.9  58.7 169.8  45.1  63.0 143.9 187.7 151.0 170.8  18.6  84.1 140.1 144.0 110.8 125.4  89.5 199.1
0.36 179.7 169.0 100.9 190.0 167.3  49.4 175.3 157.5 192.3 167.0 107.2  51.1   0.0  90.6  92.2 173.3 111.2 208.3 141.1 153.8 155.7  29.7  64.8 186.3   9.4  57.7 185.1 221.0 189.6 203.8  68.9 134.7 153.9 182.5 158.5 136.4  74.1 217.0
0.14  89.5  90.6  51.1  99.7  80.2  77.9 106.6  67.0 104.2 137.7  39.4  86.7  90.6   0.0  27.8 109.3  42.0 157.4 130.8 143.4  77.3  68.8  28.8  96.6  95.0  32.9 126.4 144.1 124.3 127.7  97.9 123.6  63.9 118.3 124.3  46.0  33.3 127.3
0.59  92.6 112.7  78.7 102.9  76.5  94.0 131.4  72.8 101.7 165.4  16.1 102.7  92.2  27.8   0.0 135.0  20.1 184.3 157.3 170.2 100.1  78.2  45.4 107.7  98.8  40.1 152.7 165.2 149.5 149.5 116.8 150.1  76.1 143.8 152.1  58.6  18.6 137.4
0.58 112.3  36.1  72.6 115.1 127.6 130.7  10.4 101.1 134.9  66.4 140.4 135.3 173.3 109.3 135.0   0.0 140.8  52.0  90.5  94.8  40.8 143.7 116.7  86.5 172.3 129.9  18.9  55.1  16.3  40.3 129.6  87.8  84.0   9.4  55.0  89.7 142.2 100.8
0.49  80.3 114.3  92.4  90.4  61.1 113.8 135.8  63.5  86.0 177.8   4.1 122.5 111.2  42.0  20.1 140.8   0.0 191.6 172.7 185.2 102.9  98.3  64.6 100.2 118.2  60.1 159.2 164.7 154.1 149.9 136.2 165.6  71.2 149.0 164.1  55.7  37.2 128.3
0.12 162.0  86.2 113.3 163.5 178.7 160.9  59.7 152.5 184.0  54.3 190.9 163.1 208.3 157.4 184.3  52.0 191.6   0.0  89.4  86.0  92.7 179.1 159.7 133.8 205.4 173.3  33.1  74.4  43.6  70.4 152.2  90.9 135.6  45.7  54.3 141.6 189.3 141.1
0.21 183.2 117.5  80.7 189.4 189.5  92.0  99.9 164.4 205.3  35.3 170.2  90.2 141.1 130.8 157.3  90.5 172.7  89.4   0.0  13.4 112.5 115.9 116.5 165.7 135.3 128.7  86.5 143.5 100.3 130.4  74.1   7.3 148.7  94.9  38.0 143.4 153.2 187.0
0.30 192.6 124.4  93.0 198.4 200.1 104.8 104.7 174.5 215.0  32.4 182.8 102.7 153.8 143.4 170.2  94.8 185.2  86.0  13.4   0.0 120.6 129.0 129.7 173.7 147.8 142.0  88.2 145.8 102.7 133.8  86.1  20.6 158.4  98.1  40.0 154.1 166.4 193.6
0.35  74.1  13.6  59.0  78.6  87.3 121.3  33.7  60.7  96.9  98.3 103.0 127.9 155.7  77.3 100.1  40.8 102.9  92.7 112.5 120.6   0.0 127.4  92.7  53.2 156.8 104.2  59.6  67.2  51.8  50.4 128.0 107.6  43.5  47.5  84.7  49.5 110.4  76.4
0.12 158.1 140.6  71.5 168.1 148.6  25.1 145.9 135.3 172.9 139.4  94.3  30.9  29.7  68.8  78.2 143.7  98.3 179.1 115.9 129.0 127.4   0.0  40.4 161.4  29.4  38.6 155.5 192.0 159.9 174.8  49.2 109.2 129.6 152.9 130.2 112.9  62.6 191.9
0.34 117.7 106.3  46.4 127.7 109.0  49.9 116.6  94.9 132.9 130.4  61.0  58.7  64.8  28.8  45.4 116.7  64.6 159.7 116.5 129.7  92.7  40.4   0.0 121.8  68.0  13.7 131.6 159.5 132.8 142.4  71.6 109.2  89.6 126.1 118.4  72.6  37.0 152.4
0.44  31.1  51.0 103.7  29.9  53.9 162.0  76.5  36.8  51.0 150.2 102.3 169.8 186.3  96.6 107.7  86.5 100.2 133.8 165.7 173.7  53.2 161.4 121.8   0.0 189.7 129.2 103.2  76.9  90.3  68.3 173.6 160.8  32.7  89.4 137.0  50.8 124.0  30.7
0.31 184.5 170.0 100.6 194.7 173.0  44.9 174.8 162.0 197.9 162.4 114.2  45.1   9.4  95.0  98.8 172.3 118.2 205.4 135.3 147.8 156.8  29.4  68.0 189.7   0.0  62.5 183.3 221.3 188.5 204.1  62.1 129.2 157.6 181.4 154.6 140.3  81.1 220.3
0.50 122.1 117.8  60.1 132.3 110.8  54.5 129.4  99.7 135.5 143.8  56.2  63.0  57.7  32.9  40.1 129.9  60.1 173.3 128.7 142.0 104.2  38.6  13.7 129.2  62.5   0.0 145.0 171.3 145.9 154.3  78.2 121.5  96.6 139.2 131.9  78.9  27.0 159.9
0.76 130.2  53.9  86.0 132.4 146.1 140.2  27.2 119.8 152.5  57.0 158.6 143.9 185.1 126.4 152.7  18.9 159.2  33.1  86.5  88.2  59.6 155.5 131.6 103.2 183.3 145.0   0.0  57.6  15.3  47.0 136.0  85.3 102.7  13.8  48.7 108.6 159.0 114.4
0.35 108.0  53.7 120.9 105.6 130.1 182.3  48.5 108.1 126.7 114.6 165.6 187.7 221.0 144.1 165.2  55.1 164.7  74.4 143.5 145.8  67.2 192.0 159.5  76.9 221.3 171.3  57.6   0.0  43.3  17.2 183.6 141.6  94.8  48.8 106.1 108.9 177.0  72.5
0.22 118.4  43.4  88.9 119.9 135.8 146.7  18.3 109.9 140.4  72.0 153.9 151.0 189.6 124.3 149.5  16.3 154.1  43.6 100.3 102.7  51.8 159.9 132.8  90.3 188.5 145.9  15.3  43.3   0.0  31.7 144.7  98.5  93.3   7.1  62.9 101.2 157.4  99.7
0.33  98.9  37.1 103.7  98.1 119.6 165.2  32.4  96.0 119.2 103.6 150.6 170.8 203.8 127.7 149.5  40.3 149.9  70.4 130.4 133.8  50.4 174.8 142.4  68.3 204.1 154.3  47.0  17.2  31.7   0.0 167.2 128.0  81.5  35.7  93.9  94.3 160.7  70.9
0.69 178.9 139.2  70.2 187.9 175.5  24.8 135.1 156.3 197.5 104.1 132.6  18.6  68.9  97.9 116.8 129.6 136.2 152.2  74.1  86.1 128.0  49.2  71.6 173.6  62.1  78.2 136.0 183.6 144.7 167.2   0.0  68.5 145.7 137.8  98.6 132.5 105.1 201.9
0.73 177.5 113.3  73.8 183.9 183.3  85.5  96.9 158.3 199.5  37.7 163.1  84.1 134.7 123.6 150.1  87.8 165.6  90.9   7.3  20.6 107.6 109.2 109.2 160.8 129.2 121.5  85.3 141.6  98.5 128.0  68.5   0.0 142.9  92.8  37.7 137.1 146.0 182.7
0.13  34.8  50.0  77.5  42.6  43.9 132.0  75.9  17.2  56.7 139.6  72.7 140.1 153.9  63.9  76.1  84.0  71.2 135.6 148.7 158.4  43.5 129.6  89.6  32.7 157.6  96.6 102.7  94.8  93.3  81.5 145.7 142.9   0.0  90.0 125.6  18.1  91.7  63.4
0.67 116.7  40.6  82.0 118.7 133.1 139.6  14.1 106.9 138.9  68.2 148.7 144.0 182.5 118.3 143.8   9.4 149.0  45.7  94.9  98.1  47.5 152.9 126.1  89.4 181.4 139.2  13.8  48.8   7.1  35.7 137.8  92.8  90.0   0.0  58.1  96.9 151.3 101.0
0.20 158.5  86.5  74.0 163.3 168.8 109.7  65.2 142.4 181.2  14.2 162.3 110.8 158.5 124.3 152.1  55.0 164.1  54.3  38.0  40.0  84.7 130.2 118.4 137.0 154.6 131.9  48.7 106.1  62.9  93.9  98.6  37.7 125.6  58.1   0.0 124.5 152.6 154.9
0.71  46.5  59.4  67.0  56.0  46.3 117.0  83.1  23.8  65.5 138.7  56.7 125.4 136.4  46.0  58.6  89.7  55.7 141.6 143.4 154.1  49.5 112.9  72.6  50.8 140.3  78.9 108.6 108.9 101.2  94.3 132.5 137.1  18.1  96.9 124.5   0.0  73.7  81.4
0.31 110.6 123.6  78.7 121.0  95.0  81.2 139.8  90.1 120.2 165.3  33.1  89.5  74.1  33.3  18.6 142.2  37.2 189.3 153.2 166.4 110.4  62.6  37.0 124.0  81.1  27.0 159.0 177.0 157.4 160.7 105.1 146.0  91.7 151.3 152.6  73.7   0.0 154.2
0.89  50.7  69.5 131.8  43.2  74.8 191.5  90.4  65.0  61.4 167.1 130.8 199.1 217.0 127.3 137.4 100.8 128.3 141.1 187.0 193.6  76.4 191.9 152.4  30.7 220.3 159.9 114.4  72.5  99.7  70.9 201.9 182.7  63.4 101.0 154.9  81.4 154.2   0.0
