38
7
0.13   0.0  83.6  79.8 125.8 156.7 127.3 146.6 215.7 137.9 230.2 129.3 112.7 137.5  56.1  61.4 191.7 106.2 147.7  41.2  31.6 184.7 136.4 171.1  66.8 123.1  97.3 104.0 129.5 158.8 147.6 149.1 114.2  69.4  71.6 186.6 175.3 187.8  57.9
0.51  83.6   0.0 111.0  82.3 110.2  53.8  91.7 162.9 162.4 164.2  46.7  52.1  55.7  63.1  22.3 170.9  31.8  64.2  99.1  54.7 126.6  55.8  93.0 116.9 104.1 113.6  37.0 151.0 151.3  86.0 150.1 111.1 121.7 120.5 115.7 177.9 147.0  34.8
0.21  79.8 111.0   0.0  89.7 112.9 164.7 113.9 167.5  59.0 195.1 153.1 100.1 162.5  48.2  97.2 121.9 142.6 159.9  41.0  73.1 146.5 140.1 162.8  24.1  65.6  21.6 146.1  49.9  85.0 121.8  72.5  47.0  27.2  22.7 163.7  96.8 132.6  77.3
0.61 125.8  82.3  89.7   0.0  31.3 122.3  24.3  90.0 113.2 108.1  99.3  33.0 107.0  70.9  89.0  90.0 106.7  92.3 110.5  97.0  60.2  70.0  78.5 110.4  35.6  75.9 115.4 102.1  78.5  32.9  83.7  55.1 114.7 110.9  74.1 108.0  66.1  74.6
0.17 156.7 110.2 112.9  31.3   0.0 143.6  21.4  58.9 122.7  82.4 118.3  58.2 124.6 101.3 119.2  71.8 130.9 105.2 138.9 128.3  33.9  84.3  78.1 135.4  48.6  95.4 140.4 113.0  74.5  33.7  85.3  70.2 139.4 135.2  60.7 103.7  36.9 105.8
0.31 127.3  53.8 164.7 122.3 143.6   0.0 122.4 185.8 215.1 174.0  26.8  89.3  25.3 116.8  70.9 211.9  22.5  50.5 150.5 103.6 148.8  62.6  93.6 170.0 151.1 166.7  23.6 203.6 198.2 112.1 199.3 161.5 174.7 173.8 125.1 226.3 179.7  88.1
0.43 146.6  91.7 113.9  24.3  21.4 122.4   0.0  72.0 133.4  84.7  96.9  39.8 103.2  93.2 103.1  92.8 110.5  83.9 134.1 116.5  38.2  62.9  60.2 134.6  55.7  99.3 120.1 122.9  91.1  13.2  99.7  76.8 139.0 135.2  50.4 120.9  57.4  92.2
0.60 215.7 162.9 167.5  90.0  58.9 185.8  72.0   0.0 163.4  44.1 159.0 111.7 162.9 160.2 175.1  79.2 178.0 139.0 196.8 186.9  37.2 123.3  98.9 191.1 102.0 148.0 188.1 156.0 105.6  77.2 121.1 121.5 194.6 190.2  66.8 127.9  37.8 163.5
0.48 137.9 162.4  59.0 113.2 122.7 215.1 133.4 163.4   0.0 200.5 199.2 136.6 208.3 103.2 152.3  95.0 194.0 200.3  97.4 131.5 155.0 178.5 191.7  73.3  78.0  48.9 199.0  11.6  58.8 145.0  42.5  58.5  72.6  68.9 182.5  51.1 125.6 131.6
0.50 230.2 164.2 195.1 108.1  82.4 174.0  84.7  44.1 200.5   0.0 147.7 118.4 149.2 177.8 180.8 122.4 171.6 123.9 218.6 199.4  48.7 114.3  80.6 217.3 130.8 177.8 181.8 192.0 145.0  82.7 159.5 152.1 221.4 217.3  49.6 169.6  77.6 173.9
0.21 129.3  46.7 153.1  99.3 118.3  26.8  96.9 159.0 199.2 147.7   0.0  67.0   9.4 106.9  68.3 187.9  28.4  25.7 145.4 101.4 122.1  35.8  67.6 161.9 130.5 151.9  37.3 187.6 176.9  86.0 179.4 143.2 166.7 165.2  98.5 205.7 153.9  80.5
0.34 112.7  52.1 100.1  33.0  58.2  89.3  39.8 111.7 136.6 118.4  67.0   0.0  75.2  65.1  63.8 122.9  74.0  63.7 108.6  81.4  76.3  41.9  63.8 116.0  63.8  92.6  82.9 125.1 109.9  36.2 113.0  78.7 120.9 117.9  74.0 138.8  95.1  55.5
0.40 137.5  55.7 162.5 107.0 124.6  25.3 103.2 162.9 208.3 149.2   9.4  75.2   0.0 116.3  77.0 195.0  33.9  25.3 154.6 110.1 126.3  40.8  68.6 171.2 138.9 161.1  41.4 196.7 185.0  91.8 188.0 152.1 176.1 174.5 100.6 214.0 159.7  89.7
0.48  56.1  63.1  48.2  70.9 101.3 116.8  93.2 160.2 103.2 177.8 106.9  65.1 116.3   0.0  49.4 138.0  94.6 117.0  43.6  32.7 130.8  99.5 128.5  55.2  68.0  55.0  97.9  92.5 108.1  96.3 101.4  63.0  60.1  58.3 137.6 129.2 131.7  29.2
0.62  61.4  22.3  97.2  89.0 119.2  70.9 103.1 175.1 152.3 180.8  68.3  63.8  77.0  49.4   0.0 173.4  48.5  86.5  79.6  33.3 140.0  76.8 113.3  99.7 103.7 103.6  49.8 141.4 149.4  99.7 145.8 106.3 104.2 103.6 133.5 173.9 155.0  20.9
0.83 191.7 170.9 121.9  90.0  71.8 211.9  92.8  79.2  95.0 122.4 187.9 122.9 195.0 138.0 173.4   0.0 196.6 176.7 160.5 170.4  89.1 155.3 148.7 145.5  70.7 100.4 205.2  91.2  38.3 105.5  54.3  77.9 147.5 142.9 125.2  50.6  46.9 155.1
0.77 106.2  31.8 142.6 106.7 130.9  22.5 110.5 178.0 194.0 171.6  28.4  74.0  33.9  94.6  48.5 196.6   0.0  53.6 128.1  81.4 140.9  57.3  93.2 147.5 132.8 145.4  10.2 182.6 180.2 101.7 180.1 141.7 152.2 151.3 122.0 207.6 167.7  65.7
0.36 147.7  64.2 159.9  92.3 105.2  50.5  83.9 139.0 200.3 123.9  25.7  63.7  25.3 117.0  86.5 176.7  53.6   0.0 158.5 117.9 102.9  22.3  43.3 171.9 126.5 155.2  62.9 188.7 170.7  71.5 175.6 142.4 176.9 174.7  75.5 200.3 138.7  94.1
0.39  41.2  99.1  41.0 110.5 138.9 150.5 134.1 196.8  97.4 218.6 145.4 108.6 154.6  43.6  79.6 160.5 128.1 158.5   0.0  47.5 170.6 142.3 172.1  25.7  97.0  61.2 128.8  89.7 124.8 138.7 113.2  82.9  28.7  30.5 180.4 137.8 164.7  65.0
0.20  31.6  54.7  73.1  97.0 128.3 103.6 116.5 186.9 131.5 199.4 101.4  81.4 110.1  32.7  33.3 170.4  81.4 117.9  47.5   0.0 154.7 105.3 139.6  70.0  99.9  85.1  81.5 121.5 140.8 116.7 133.7  95.6  74.2  74.4 155.1 161.3 161.1  26.3
0.38 184.7 126.6 146.5  60.2  33.9 148.8  38.2  37.2 155.0  48.7 122.1  76.3 126.3 130.8 140.0  89.1 140.9 102.9 170.6 154.7   0.0  86.3  65.1 168.7  82.6 129.4 150.9 145.8 102.8  40.7 115.6 104.0 172.8 168.7  36.7 130.2  42.8 130.2
0.32 136.4  55.8 140.1  70.0  84.3  62.6  62.9 123.3 178.5 114.3  35.8  41.9  40.8  99.5  76.8 155.3  57.3  22.3 142.3 105.3  86.3   0.0  37.6 153.7 104.2 134.2  67.5 167.0 148.4  51.1 153.2 120.4 158.7 156.2  64.7 178.0 119.0  79.9
0.81 171.1  93.0 162.8  78.5  78.1  93.6  60.2  98.9 191.7  80.6  67.6  63.8  68.6 128.5 113.3 148.7  93.2  43.3 172.1 139.6  65.1  37.6   0.0 179.8 113.8 152.6 103.2 180.7 151.2  47.4 159.7 133.5 184.6 181.5  32.9 180.9 105.6 113.5
0.90  66.8 116.9  24.1 110.4 135.4 170.0 134.6 191.1  73.3 217.3 161.9 116.0 171.2  55.2  99.7 145.5 147.5 171.9  25.7  70.0 168.7 153.7 179.8   0.0  89.1  45.5 149.4  66.7 108.1 141.4  94.7  71.0   4.9   4.8 183.6 117.1 156.5  82.2
0.81 123.1 104.1  65.6  35.6  48.6 151.1  55.7 102.0  78.0 130.8 130.5  63.8 138.9  68.0 103.7  70.7 132.8 126.5  97.0  99.9  82.6 104.2 113.8  89.1   0.0  47.0 140.3  67.2  47.4  67.1  49.2  21.6  92.7  88.3 105.6  75.3  67.9  84.7
0.77  97.3 113.6  21.6  75.9  95.4 166.7  99.3 148.0  48.9 177.8 151.9  92.6 161.1  55.0 103.6 100.4 145.4 155.2  61.2  85.1 129.4 134.2 152.6  45.5  47.0   0.0 150.2  37.7  63.8 108.7  52.1  26.5  48.1  43.5 149.7  78.0 112.2  82.8
0.77 104.0  37.0 146.1 115.4 140.4  23.6 120.1 188.1 199.0 181.8  37.3  82.9  41.4  97.9  49.8 205.2  10.2  62.9 128.8  81.5 150.9  67.5 103.2 149.4 140.3 150.2   0.0 187.7 187.6 111.6 186.9 148.1 154.0 153.4 132.1 214.6 177.2  68.8
0.47 129.5 151.0  49.9 102.1 113.0 203.6 122.9 156.0  11.6 192.0 187.6 125.1 196.7  92.5 141.4  91.2 182.6 188.7  89.7 121.5 145.8 167.0 180.7  66.7  67.2  37.7 187.7   0.0  53.5 134.3  37.1  47.3  66.6  62.6 172.3  52.1 118.3 120.5
0.62 158.8 151.3  85.0  78.5  74.5 198.2  91.1 105.6  58.8 145.0 176.9 109.9 185.0 108.1 149.4  38.3 180.2 170.7 124.8 140.8 102.8 148.4 151.2 108.1  47.4  63.8 187.6  53.5   0.0 104.2  16.4  45.2 109.9 105.3 134.9  29.8  68.2 129.5
0.63 147.6  86.0 121.8  32.9  33.7 112.1  13.2  77.2 145.0  82.7  86.0  36.2  91.8  96.3  99.7 105.5 101.7  71.5 138.7 116.7  40.7  51.1  47.4 141.4  67.1 108.7 111.6 134.3 104.2   0.0 112.3  87.6 146.0 142.4  42.2 134.0  68.0  91.3
0.27 149.1 150.1  72.5  83.7  85.3 199.3  99.7 121.1  42.5 159.5 179.4 113.0 188.0 101.4 145.8  54.3 180.1 175.6 113.2 133.7 115.6 153.2 159.7  94.7  49.2  52.1 186.9  37.1  16.4 112.3   0.0  39.5  96.0  91.5 146.0  28.1  83.5 125.3
0.45 114.2 111.1  47.0  55.1  70.2 161.5  76.8 121.5  58.5 152.1 143.2  78.7 152.1  63.0 106.3  77.9 141.7 142.4  82.9  95.6 104.0 120.4 133.5  71.0  21.6  26.5 148.1  47.3  45.2  87.6  39.5   0.0  74.1  69.5 127.0  67.6  85.8  85.8
0.68  69.4 121.7  27.2 114.7 139.4 174.7 139.0 194.6  72.6 221.4 166.7 120.9 176.1  60.1 104.2 147.5 152.2 176.9  28.7  74.2 172.8 158.7 184.6   4.9  92.7  48.1 154.0  66.6 109.9 146.0  96.0  74.1   0.0   4.6 188.1 117.7 159.7  86.9
0.56  71.6 120.5  22.7 110.9 135.2 173.8 135.2 190.2  68.9 217.3 165.2 117.9 174.5  58.3 103.6 142.9 151.3 174.7  30.5  74.4 168.7 156.2 181.5   4.8  88.3  43.5 153.4  62.6 105.3 142.4  91.5  69.5   4.6   0.0 184.5 113.4 155.2  85.8
0.58 186.6 115.7 163.7  74.1  60.7 125.1  50.4  66.8 182.5  49.6  98.5  74.0 100.6 137.6 133.5 125.2 122.0  75.5 180.4 155.1  36.7  64.7  32.9 183.6 105.6 149.7 132.1 172.3 134.9  42.2 146.0 127.0 188.1 184.5   0.0 163.5  79.4 129.0
0.32 175.3 177.9  96.8 108.0 103.7 226.3 120.9 127.9  51.1 169.6 205.7 138.8 214.0 129.2 173.9  50.6 207.6 200.3 137.8 161.3 130.2 178.0 180.9 117.1  75.3  78.0 214.6  52.1  29.8 134.0  28.1  67.6 117.7 113.4 163.5   0.0  92.1 153.4
0.24 187.8 147.0 132.6  66.1  36.9 179.7  57.4  37.8 125.6  77.6 153.9  95.1 159.7 131.7 155.0  46.9 167.7 138.7 164.7 161.1  42.8 119.0 105.6 156.5  67.9 112.2 177.2 118.3  68.2  68.0  83.5  85.8 159.7 155.2  79.4  92.1   0.0 140.3
0.56  57.9  34.8  77.3  74.6 105.8  88.1  92.2 163.5 131.6 173.9  80.5  55.5  89.7  29.2  20.9 155.1  65.7  94.1  65.0  26.3 130.2  79.9 113.5  82.2  84.7  82.8  68.8 120.5 129.5  91.3 125.3  85.8  86.9  85.8 129.0 153.4 140.3   0.0
