44
8
0.43   0.0 174.5  71.9  46.7 184.4 107.0 119.8 168.6 164.6 142.1 201.4  22.1 107.8  24.6 105.5 110.8  98.9 160.6 176.9  80.9 149.4  29.8 148.8 199.1  47.2 117.0  60.6  72.6 162.7 155.2  37.0  54.9 133.8  51.2 144.8  77.6  41.9   9.2 136.5  11.0 154.2 200.8  82.8 133.1
0.40 174.5   0.0 164.5 130.8  31.0 121.4  68.5 119.1  41.8 111.0  29.9 152.5 150.7 193.8  69.9 150.6 105.2  45.1  25.9 102.8  76.7 144.7  59.0  25.0 147.1 140.7 186.8 147.5  11.8 144.7 138.2 129.7  45.9 127.8  74.5 111.2 216.4 180.9  48.3 185.1  68.9  31.0 164.4  59.2
0.24  71.9 164.5   0.0  84.2 161.8  53.6 135.8 205.3 138.3 179.3 184.1  69.1  39.6  67.1  99.8 165.6 134.1 133.4 156.0  64.5 109.7  67.5 117.7 189.0 102.9  52.3 130.9 129.1 153.7 202.4  74.5  46.6 118.5  88.5 167.0  55.0  97.0  80.5 116.9  73.3 173.7 182.4 145.1 146.8
0.43  46.7 130.8  84.2   0.0 144.4  93.8  73.1 126.8 127.1 100.1 158.9  25.9 107.2  70.0  64.7  81.5  54.9 123.7 136.5  52.7 120.0  20.7 114.8 154.8  24.5 111.1  65.7  46.5 119.1 119.3  11.6  41.5  93.8   5.0  98.6  55.3  87.1  51.3  98.2  57.7 107.8 158.8  64.9  86.4
0.25 184.4  31.0 161.8 144.4   0.0 112.8  92.6 149.8  23.8 140.3  24.6 163.1 141.0 201.0  79.8 176.3 128.6  28.8   8.2 106.2  59.3 155.1  45.1  39.1 163.8 129.1 205.2 168.4  35.5 174.4 149.9 134.3  50.8 142.3 104.0 113.0 226.2 191.8  48.1 194.3  99.3  22.0 186.6  85.8
0.71 107.0 121.4  53.6  93.8 112.8   0.0 113.5 189.9  89.0 166.7 136.5  93.4  29.3 112.1  70.4 169.4 126.4  84.0 108.1  45.2  57.1  87.5  67.7 144.4 117.9  22.0 156.1 139.2 112.1 196.1  89.5  55.2  77.5  96.0 144.6  39.2 142.0 116.2  73.3 112.8 148.6 134.4 158.4 121.0
0.52 119.8  68.5 135.8  73.1  92.6 113.5   0.0  77.0  85.6  56.7  98.4  98.4 139.5 142.5  43.4  83.8  36.7  84.8  84.6  73.4 101.0  91.7  86.1  88.8  83.3 135.4 120.1  79.6  58.6  90.0  83.3  90.7  55.1  68.8  31.7  82.9 159.8 124.2  63.0 130.8  38.0  99.4  96.0  13.3
0.61 168.6 119.1 205.3 126.8 149.8 189.9  77.0   0.0 152.2  26.7 143.7 151.5 214.7 193.2 120.4  72.1  72.2 153.0 143.5 147.5 175.1 147.5 158.6 126.4 121.9 211.8 139.2 100.8 115.3  34.0 138.4 158.7 128.2 121.9  49.0 156.5 200.6 169.2 136.1 178.8  50.9 146.2 103.7  73.1
0.11 164.6  41.8 138.3 127.1  23.8  89.0  85.6 152.2   0.0 138.7  47.9 143.8 117.2 179.9  62.8 168.6 119.5   4.9  20.1  84.9  36.6 135.8  21.3  59.0 148.2 105.5 190.3 155.9  39.0 173.0 131.4 112.8  34.4 125.6 103.9  90.9 206.1 172.4  29.0 174.1 101.4  45.5 174.9  82.2
0.56 142.1 111.0 179.3 100.1 140.3 166.7  56.7  26.7 138.7   0.0 138.6 124.8 190.5 166.6  98.9  52.5  45.6 138.7 133.2 123.3 157.5 120.7 142.0 123.4  95.6 188.4 115.7  75.8 104.8  34.3 111.7 132.7 111.0  95.2  36.5 131.9 174.8 142.9 119.0 152.3  43.6 140.6  81.3  56.6
0.19 201.4  29.9 184.1 158.9  24.6 136.5  98.4 143.7  47.9 138.6   0.0 179.5 165.0 219.4  95.9 180.1 135.1  52.7  28.4 125.9  83.9 171.6  69.1  19.4 176.2 153.4 216.3 177.4  40.6 171.6 165.6 153.6  68.5 156.2 102.2 133.4 243.3 208.1  67.9 211.6  95.4   3.4 194.3  88.8
0.64  22.1 152.5  69.1  25.9 163.1  93.4  98.4 151.5 143.8 124.8 179.5   0.0  99.7  44.2  83.7  99.8  80.2 139.8 155.4  61.4 130.7   8.0 128.8 177.1  35.0 106.7  63.8  61.8 140.7 141.3  15.1  38.5 112.3  30.7 124.5  59.7  63.8  28.7 115.4  32.8 133.6 179.1  76.3 111.7
0.30 107.8 150.7  39.6 107.2 141.0  29.3 139.5 214.7 117.2 190.5 165.0  99.7   0.0 106.3  97.4 187.1 147.9 112.3 136.7  67.3  83.3  95.6  95.9 173.5 129.7  14.3 163.5 153.7 141.4 218.0 100.2  65.7 106.7 110.4 171.0  58.7 136.3 116.8 102.6 110.9 175.7 162.8 171.8 148.0
0.65  24.6 193.8  67.1  70.0 201.0 112.1 142.5 193.2 179.9 166.6 219.4  44.2 106.3   0.0 123.9 134.4 123.2 175.6 193.8  95.1 160.6  50.9 162.5 218.6  71.7 117.7  78.4  96.5 182.0 179.4  59.3  67.2 151.0  74.7 168.6  89.7  30.2  26.0 152.9  15.2 177.8 218.6 105.2 155.8
0.53 105.5  69.9  99.8  64.7  79.8  70.4  43.4 120.4  62.8  98.9  95.9  83.7  97.4 123.9   0.0 113.7  65.0  59.7  72.0  35.4  63.8  75.8  53.4  94.9  85.4  92.4 127.6  94.9  58.2 130.6  70.2  60.3  29.1  62.9  74.2  44.8 147.4 112.4  33.9 115.7  78.3  95.4 114.5  50.6
0.36 110.8 150.6 165.6  81.5 176.3 169.4  83.8  72.1 168.6  52.5 180.1  99.8 187.1 134.4 113.7   0.0  49.4 167.2 168.4 124.3 177.5  98.9 165.5 167.6  65.0 189.0  68.7  38.4 141.7  47.2  91.2 122.2 135.8  77.5  81.4 130.5 135.1 108.6 143.1 119.3  90.9 181.5  32.9  91.4
0.15  98.9 105.2 134.1  54.9 128.6 126.4  36.7  72.2 119.5  45.6 135.1  80.2 147.9 123.2  65.0  49.4   0.0 117.9 120.6  81.5 128.6  75.6 116.2 124.9  54.9 147.4  86.1  44.2  95.3  70.1  66.5  87.6  86.4  49.9  48.5  89.3 134.9 100.9  93.8 109.5  58.7 136.1  59.4  47.3
0.55 160.6  45.1 133.4 123.7  28.8  84.0  84.8 153.0   4.9 138.7  52.7 139.8 112.3 175.6  59.7 167.2 117.9   0.0  24.7  80.5  32.3 131.9  16.4  63.4 145.1 100.7 187.3 153.5  41.3 173.0 127.7 108.4  32.0 122.3 104.4  86.4 202.0 168.4  25.8 170.0 102.4  50.4 172.6  82.1
0.29 176.9  25.9 156.0 136.5   8.2 108.1  84.6 143.5  20.1 133.2  28.4 155.4 136.7 193.8  72.0 168.4 120.6  24.7   0.0  99.3  56.6 147.4  41.0  39.2 155.7 125.3 197.1 160.2  28.4 167.3 142.1 127.2  43.1 134.3  97.0 106.3 218.7 184.1  41.0 186.8  92.7  26.4 178.4  78.2
0.33  80.9 102.8  64.5  52.7 106.2  45.2  73.4 147.5  84.9 123.3 125.9  61.4  67.3  95.1  35.4 124.3  81.5  80.5  99.3   0.0  69.3  53.8  68.0 127.7  77.1  65.9 118.1  95.7  91.4 151.4  52.1  28.0  57.6  53.8 105.1   9.6 121.7  89.2  58.3  89.8 110.8 124.8 115.3  83.3
0.65 149.4  76.7 109.7 120.0  59.3  57.1 101.0 175.1  36.6 157.5  83.9 130.7  83.3 160.6  63.8 177.5 128.6  32.3  56.6  69.3   0.0 123.1  18.1  95.6 143.6  70.6 185.6 157.3  71.0 190.9 121.0  94.6  46.9 119.8 126.2  71.8 189.0 158.0  39.1 157.5 126.2  81.2 177.1 102.1
0.76  29.8 144.7  67.5  20.7 155.1  87.5  91.7 147.5 135.8 120.7 171.6   8.0  95.6  50.9  75.8  98.9  75.6 131.9 147.4  53.8 123.1   0.0 120.9 169.3  35.4 101.8  68.7  61.7 132.9 138.9   9.1  32.3 104.3  25.6 118.6  52.6  71.7  36.7 107.4  40.4 127.5 171.1  77.7 104.9
0.76 148.8  59.0 117.7 114.8  45.1  67.7  86.1 158.6  21.3 142.0  69.1 128.8  95.9 162.5  53.4 165.5 116.2  16.4  41.0  68.0  18.1 120.9   0.0  79.1 137.3  84.3 179.6 148.3  52.9 175.8 117.5  95.4  31.0 113.9 109.5  72.8 189.7 157.0  23.1 157.8 109.0  66.8 167.9  85.9
0.76 199.1  25.0 189.0 154.8  39.1 144.4  88.8 126.4  59.0 123.4  19.4 177.1 173.5 218.6  94.9 167.6 124.9  63.4  39.2 127.7  95.6 169.3  79.1   0.0 170.0 162.8 208.7 168.4  36.7 155.5 162.6 154.7  70.6 151.6  87.6 136.1 240.9 205.3  72.2 209.7  79.8  22.7 184.3  77.7
0.72  47.2 147.1 102.9  24.5 163.8 117.9  83.3 121.9 148.2  95.6 176.2  35.0 129.7  71.7  85.4  65.0  54.9 145.1 155.7  77.1 143.6  35.4 137.3 170.0   0.0 134.5  42.4  26.8 135.7 108.1  29.5  64.2 114.1  23.8 103.0  79.7  80.2  47.3 119.3  57.0 113.0 176.4  42.4  96.3
0.88 117.0 140.7  52.3 111.1 129.1  22.0 135.4 211.8 105.5 188.4 153.4 106.7  14.3 117.7  92.4 189.0 147.4 100.7 125.3  65.9  70.6 101.8  84.3 162.8 134.5   0.0 170.4 157.3 132.0 217.3 105.3  70.3  98.1 113.8 166.6  58.7 147.9 126.2  93.3 121.1 170.5 151.0 176.0 142.9
0.21  60.6 186.8 130.9  65.7 205.2 156.1 120.1 139.2 190.3 115.7 216.3  63.8 163.5  78.4 127.6  68.7  86.1 187.3 197.1 118.1 185.6  68.7 179.6 208.7  42.4 170.4   0.0  42.2 175.7 115.9  66.9 100.9 156.1  65.9 133.6 119.4  69.8  53.9 161.4  64.4 143.9 216.8  35.8 132.3
0.16  72.6 147.5 129.1  46.5 168.4 139.2  79.6 100.8 155.9  75.8 177.4  61.8 153.7  96.5  94.9  38.4  44.2 153.5 160.2  95.7 157.3  61.7 148.3 168.4  26.8 157.3  42.2   0.0 136.9  83.1  54.7  88.0 121.6  43.5  91.4 100.1 100.0  70.9 127.9  81.4 101.7 178.1  19.9  91.2
0.33 162.7  11.8 153.7 119.1  35.5 112.1  58.6 115.3  39.0 104.8  40.6 140.7 141.4 182.0  58.2 141.7  95.3  41.3  28.4  91.4  71.0 132.9  52.9  36.7 135.7 132.0 175.7 136.9   0.0 138.9 126.4 118.1  35.3 116.1  68.6  99.9 204.6 169.1  38.8 173.2  64.4  41.2 154.2  50.6
0.19 155.2 144.7 202.4 119.3 174.4 196.1  90.0  34.0 173.0  34.3 171.6 141.3 218.0 179.4 130.6  47.2  70.1 173.0 167.3 151.4 190.9 138.9 175.8 155.5 108.1 217.3 115.9  83.1 138.9   0.0 130.3 156.6 144.8 114.6  70.4 159.3 182.1 154.0 152.7 164.4  76.2 173.8  80.1  90.9
0.87  37.0 138.2  74.5  11.6 149.9  89.5  83.3 138.4 131.4 111.7 165.6  15.1 100.2  59.3  70.2  91.2  66.5 127.7 142.1  52.1 121.0   9.1 117.5 162.6  29.5 105.3  66.9  54.7 126.4 130.3   0.0  34.9  99.1  16.5 109.7  52.6  78.3  42.7 102.7  47.9 118.7 165.3  71.8  96.5
0.57  54.9 129.7  46.6  41.5 134.3  55.2  90.7 158.7 112.8 132.7 153.6  38.5  65.7  67.2  60.3 122.2  87.6 108.4 127.2  28.0  94.6  32.3  95.4 154.7  64.2  70.3 100.9  88.0 118.1 156.6  34.9   0.0  85.2  44.9 121.4  22.9  94.5  63.8  86.2  62.9 128.6 152.6 106.1 102.5
0.36 133.8  45.9 118.5  93.8  50.8  77.5  55.1 128.2  34.4 111.0  68.5 112.3 106.7 151.0  29.1 135.8  86.4  32.0  43.1  57.6  46.9 104.3  31.0  70.6 114.1  98.1 156.1 121.6  35.3 144.8  99.1  85.2   0.0  91.9  79.3  65.6 175.6 141.0   7.9 143.8  79.7  67.6 140.7  55.3
0.50  51.2 127.8  88.5   5.0 142.3  96.0  68.8 121.9 125.6  95.2 156.2  30.7 110.4  74.7  62.9  77.5  49.9 122.3 134.3  53.8 119.8  25.6 113.9 151.6  23.8 113.8  65.9  43.5 116.1 114.6  16.5  44.9  91.9   0.0  93.9  57.1  91.0  55.3  96.6  62.2 103.1 156.1  62.4  82.2
0.78 144.8  74.5 167.0  98.6 104.0 144.6  31.7  49.0 103.9  36.5 102.2 124.5 171.0 168.6  74.2  81.4  48.5 104.4  97.0 105.1 126.2 118.6 109.5  87.6 103.0 166.6 133.6  91.4  68.6  70.4 109.7 121.4  79.3  93.9   0.0 114.5 182.6 147.9  87.1 155.7  10.3 104.2 103.3  24.4
0.59  77.6 111.2  55.0  55.3 113.0  39.2  82.9 156.5  90.9 131.9 133.4  59.7  58.7  89.7  44.8 130.5  89.3  86.4 106.3   9.6  71.8  52.6  72.8 136.1  79.7  58.7 119.4 100.1  99.9 159.3  52.6  22.9  65.6  57.1 114.5   0.0 117.4  86.3  65.5  85.8 120.3 132.1 119.4  92.9
0.23  41.9 216.4  97.0  87.1 226.2 142.0 159.8 200.6 206.1 174.8 243.3  63.8 136.3  30.2 147.4 135.1 134.9 202.0 218.7 121.7 189.0  71.7 189.7 240.9  80.2 147.9  69.8 100.0 204.6 182.1  78.3  94.5 175.6  91.0 182.6 117.4   0.0  35.8 178.2  32.0 192.4 242.8 103.0 173.1
0.57   9.2 180.9  80.5  51.3 191.8 116.2 124.2 169.2 172.4 142.9 208.1  28.7 116.8  26.0 112.4 108.6 100.9 168.4 184.1  89.2 158.0  36.7 157.0 205.3  47.3 126.2  53.9  70.9 169.1 154.0  42.7  63.8 141.0  55.3 147.9  86.3  35.8   0.0 144.1  10.9 157.5 207.7  79.1 137.5
0.69 136.5  48.3 116.9  98.2  48.1  73.3  63.0 136.1  29.0 119.0  67.9 115.4 102.6 152.9  33.9 143.1  93.8  25.8  41.0  58.3  39.1 107.4  23.1  72.2 119.3  93.3 161.4 127.9  38.8 152.7 102.7  86.2   7.9  96.6  87.1  65.5 178.2 144.1   0.0 146.3  87.3  66.6 147.2  63.1
0.55  11.0 185.1  73.3  57.7 194.3 112.8 130.8 178.8 174.1 152.3 211.6  32.8 110.9  15.2 115.7 119.3 109.5 170.0 186.8  89.8 157.5  40.4 157.8 209.7  57.0 121.1  64.4  81.4 173.2 164.4  47.9  62.9 143.8  62.2 155.7  85.8  32.0  10.9 146.3   0.0 165.1 211.0  90.1 144.1
0.18 154.2  68.9 173.7 107.8  99.3 148.6  38.0  50.9 101.4  43.6  95.4 133.6 175.7 177.8  78.3  90.9  58.7 102.4  92.7 110.8 126.2 127.5 109.0  79.8 113.0 170.5 143.9 101.7  64.4  76.2 118.7 128.6  79.7 103.1  10.3 120.3 192.4 157.5  87.3 165.1   0.0  97.6 113.5  27.7
0.45 200.8  31.0 182.4 158.8  22.0 134.4  99.4 146.2  45.5 140.6   3.4 179.1 162.8 218.6  95.4 181.5 136.1  50.4  26.4 124.8  81.2 171.1  66.8  22.7 176.4 151.0 216.8 178.1  41.2 173.8 165.3 152.6  67.6 156.1 104.2 132.1 242.8 207.7  66.6 211.0  97.6   0.0 195.2  90.2
0.23  82.8 164.4 145.1  64.9 186.6 158.4  96.0 103.7 174.9  81.3 194.3  76.3 171.8 105.2 114.5  32.9  59.4 172.6 178.4 115.3 177.1  77.7 167.9 184.3  42.4 176.0  35.8  19.9 154.2  80.1  71.8 106.1 140.7  62.4 103.3 119.4 103.0  79.1 147.2  90.1 113.5 195.2   0.0 106.6
0.39 133.1  59.2 146.8  86.4  85.8 121.0  13.3  73.1  82.2  56.6  88.8 111.7 148.0 155.8  50.6  91.4  47.3  82.1  78.2  83.3 102.1 104.9  85.9  77.7  96.3 142.9 132.3  91.2  50.6  90.9  96.5 102.5  55.3  82.2  24.4  92.9 173.1 137.5  63.1 144.1  27.7  90.2 106.6   0.0
