44
8
0.57   0.0  89.3 129.3 150.4 101.7 147.7  94.8  81.3 193.8 168.7 114.7  14.8 178.8  69.5 136.1 132.8 128.4  66.3 121.0 150.1  94.5  64.1  32.1  93.0 125.2  79.7  85.3 155.7 135.4 122.8  23.9 119.3 111.4  55.1 124.2 120.0 153.6 154.5  36.2  62.0 145.7 104.4  93.7 144.4
0.77  89.3   0.0 184.1  63.2  13.4 109.4   9.7  19.5 145.2  79.8  25.7  92.3 148.3  77.7  59.1  60.4  39.1  24.8  83.9 107.6  71.0  42.4 113.8  52.5  50.6 120.6  73.5 113.7  75.0 159.5  81.1  98.6  35.8  72.6 169.2  55.0  74.3  95.1 104.7 100.9  61.4 116.6 145.3  65.0
0.22 129.3 184.1   0.0 244.2 197.0 151.4 182.8 188.4 189.1 255.0 201.3 142.3 154.6 107.8 195.0 187.3 217.1 172.5 142.8 157.8 128.6 141.7  99.7 145.6 233.2  63.5 119.2 159.5 174.0  38.1 115.8 123.3 180.9 183.5  22.1 173.2 209.4 181.8  93.7  83.5 212.6  83.0  39.0 203.5
0.55 150.4  63.2 244.2   0.0  49.9 138.9  62.0  69.6 158.7  22.0  42.9 150.8 175.8 136.5  68.2  75.8  27.4  84.2 121.8 134.4 120.8 103.7 176.7 101.5  37.1 180.8 127.4 139.3  97.1 216.4 144.2 141.8  67.0 119.2 227.7  83.3  69.4 110.2 167.9 162.2  52.5 170.1 206.2  65.4
0.11 101.7  13.4 197.0  49.9   0.0 114.3  15.5  24.8 146.9  67.0  16.6 103.7 153.3  90.0  56.5  59.6  26.9  35.9  90.5 111.9  80.6  55.3 126.9  61.4  39.8 133.5  84.4 117.7  76.9 171.6  94.3 106.9  37.0  79.7 181.7  57.5  69.6  96.1 118.1 113.9  54.7 127.8 158.3  60.7
0.70 147.7 109.4 151.4 138.9 114.3   0.0 100.8 127.4  46.6 137.9 105.2 160.0  39.0  80.0  71.0  63.1 115.5 121.7  28.0   6.7  53.4  91.1 148.8  61.9 151.6 105.2  62.6   8.9  41.9 113.9 124.8  32.3  78.1 167.8 129.6  57.9  76.1  35.5 131.8 102.3  88.8  70.8 125.6  75.7
0.46  94.8   9.7 182.8  62.0  15.5 100.8   0.0  29.2 135.7  76.4  20.5  98.9 139.7  75.4  49.6  50.7  35.8  32.9  76.0  98.7  65.2  41.8 117.4  46.0  55.2 119.3  69.0 104.7  65.5 156.7  84.3  91.7  26.1  81.7 167.1  45.6  65.1  85.5 107.1 100.3  53.0 112.5 144.5  55.8
0.72  81.3  19.5 188.4  69.6  24.8 127.4  29.2   0.0 164.4  89.1  41.2  81.3 166.1  85.9  78.4  79.9  50.8  16.4 101.1 126.0  85.1  50.1 109.2  68.1  45.8 125.9  85.5 132.1  94.3 167.1  78.3 114.0  55.3  54.9 175.4  74.4  92.9 114.5 102.9 105.1  79.0 127.3 149.4  83.8
0.55 193.8 145.2 189.1 158.7 146.9  46.6 135.7 164.4   0.0 151.2 134.3 205.6  37.9 126.6  93.5  88.1 140.4 161.6  72.9  43.6  99.2 134.8 195.4 104.4 179.8 149.6 109.0  38.2  70.2 151.0 171.1  78.2 110.2 209.8 167.0  90.1  89.4  51.0 178.4 148.5 106.3 113.5 168.0  93.8
0.35 168.7  79.8 255.0  22.0  67.0 137.9  76.4  89.1 151.2   0.0  55.9 170.2 172.5 147.6  67.6  76.0  40.8 102.6 124.7 132.6 128.2 117.4 193.5 109.8  59.1 192.2 136.3 136.8  96.5 225.1 160.5 145.7  74.4 140.4 237.4  86.6  63.1 105.9 183.5 174.7  49.1 177.7 217.8  62.2
0.10 114.7  25.7 201.3  42.9  16.6 105.2  20.5  41.2 134.3  55.9   0.0 118.0 143.8  93.5  41.8  46.2  15.8  50.5  83.8 102.0  78.8  61.6 137.9  59.3  46.5 138.0  84.7 107.6  65.4 173.6 104.9 102.2  27.5  96.2 184.8  47.3  53.5  83.3 127.6 119.6  38.2 127.8 163.4  45.0
0.65  14.8  92.3 142.3 150.8 103.7 160.0  98.9  81.3 205.6 170.2 118.0   0.0 192.1  83.0 143.1 140.6 130.6  67.9 132.8 162.0 106.6  73.2  43.2 103.1 122.8  94.4  98.0 167.8 145.0 137.2  38.1 132.5 118.0  45.3 138.1 128.6 160.4 164.7  50.3  76.8 151.2 119.1 107.6 151.1
0.89 178.8 148.3 154.6 175.8 153.3  39.0 139.7 166.1  37.9 172.5 143.8 192.1   0.0 109.3 107.6 100.3 153.5 159.6  65.4  41.9  87.6 127.2 174.7  99.4 190.3 122.5  94.4  36.6  79.2 116.7 155.1  59.6 116.9 204.3 132.6  96.5 109.5  66.7 157.5 125.8 124.2  85.5 137.5 110.9
0.58  69.5  77.7 107.8 136.5  90.0  80.0  75.4  85.9 126.6 147.6  93.5  83.0 109.3   0.0  92.0  85.4 109.3  71.8  55.5  83.4  30.0  36.0  69.3  40.4 128.1  44.6  18.6  88.5  78.8  81.8  45.8  50.1  74.2 103.1  91.7  70.8 108.4  94.3  52.7  28.8 108.0  42.8  70.2 101.0
0.21 136.1  59.1 195.0  68.2  56.5  71.0  49.6  78.4  93.5  67.6  41.8 143.1 107.6  92.0   0.0   8.5  47.1  81.7  57.6  66.3  66.4  72.9 152.2  51.6  86.4 134.8  76.6  71.1  29.2 162.1 119.9  78.9  25.4 131.2 175.7  21.8  17.5  43.0 138.4 120.8  18.8 114.0 160.1   9.0
0.38 132.8  60.4 187.3  75.8  59.6  63.1  50.7  79.9  88.1  76.0  46.2 140.6 100.3  85.4   8.5   0.0  53.5  81.5  49.2  58.7  58.9  68.9 147.4  45.3  91.9 127.6  69.4  63.7  21.2 154.1 115.6  70.5  24.9 131.3 167.8  14.6  22.9  37.2 133.2 114.3  27.3 105.9 152.8  16.3
0.83 128.4  39.1 217.1  27.4  26.9 115.5  35.8  50.8 140.4  40.8  15.8 130.6 153.5 109.3  47.1  53.5   0.0  62.7  96.2 111.6  93.6  77.3 152.7  74.2  40.0 153.7 100.0 116.9  74.3 189.0 119.8 115.6  40.3 104.8 200.4  58.2  54.2  90.1 142.9 135.4  36.8 142.9 179.1  47.3
0.24  66.3  24.8 172.5  84.2  35.9 121.7  32.9  16.4 161.6 102.6  50.5  67.9 159.6  71.8  81.7  81.5  62.7   0.0  94.3 121.1  75.1  37.0  93.3  60.3  62.2 110.3  73.8 127.3  92.7 152.2  62.0 104.7  56.7  49.8 160.0  73.2  97.8 113.4  86.6  89.4  85.9 114.0 133.5  88.4
0.29 121.0  83.9 142.8 121.8  90.5  28.0  76.0 101.1  72.9 124.7  83.8 132.8  65.4  55.5  57.6  49.2  96.2  94.3   0.0  29.3  26.5  63.1 124.8  34.1 129.3  88.5  37.1  35.1  31.8 107.5  98.6  21.4  56.4 139.9 122.1  38.6  68.7  40.7 108.2  81.1  76.5  59.8 111.8  64.8
0.61 150.1 107.6 157.8 134.4 111.9   6.7  98.7 126.0  43.6 132.6 102.0 162.0  41.9  83.4  66.3  58.7 111.6 121.1  29.3   0.0  55.6  91.9 152.5  62.0 148.5 110.5  65.5   6.2  37.5 120.4 127.5  37.3  75.2 168.1 136.0  54.7  70.4  29.1 135.6 106.7  83.7  76.7 131.4  70.5
0.66  94.5  71.0 128.6 120.8  80.6  53.4  65.2  85.1  99.2 128.2  78.8 106.6  87.6  30.0  66.4  58.9  93.6  75.1  26.5  55.6   0.0  40.0  98.8  19.5 120.4  68.9  11.6  61.2  49.4  96.9  72.1  29.7  54.2 117.0 109.7  44.6  81.5  64.3  82.4  57.6  84.0  49.5  93.9  75.1
0.25  64.1  42.4 141.7 103.7  55.3  91.1  41.8  50.1 134.8 117.4  61.6  73.2 127.2  36.0  72.9  68.9  77.3  37.0  63.1  91.9  40.0   0.0  79.8  30.5  92.3  78.2  37.0  98.0  71.8 117.7  47.1  69.6  49.4  77.2 127.0  55.9  90.4  91.5  67.3  58.7  84.8  77.3 103.0  81.5
0.70  32.1 113.8  99.7 176.7 126.9 148.8 117.4 109.2 195.4 193.5 137.9  43.2 174.7  69.3 152.2 147.4 152.7  93.3 124.8 152.5  98.8  79.8   0.0 103.5 154.4  60.0  87.7 157.5 145.5  99.0  33.2 117.6 129.2  87.0  97.5 133.4 169.7 162.7  17.2  49.1 164.5  92.5  67.1 161.0
0.30  93.0  52.5 145.6 101.5  61.4  61.9  46.0  68.1 104.4 109.8  59.3 103.1  99.4  40.4  51.6  45.3  74.2  60.3  34.1  62.0  19.5  30.5 103.5   0.0 101.2  83.9  26.5  68.2  42.6 115.4  73.0  46.2  35.5 106.1 127.5  30.7  68.2  61.6  88.5  69.2  67.8  68.7 109.4  60.6
0.88 125.2  50.6 233.2  37.1  39.8 151.6  55.2  45.8 179.8  59.1  46.5 122.8 190.3 128.1  86.4  91.9  40.0  62.2 129.3 148.5 120.4  92.3 154.4 101.2   0.0 170.1 123.9 154.1 111.8 209.9 124.0 146.4  73.6  85.9 219.2  93.8  94.1 129.0 148.7 149.8  76.6 167.1 194.3  87.3
0.42  79.7 120.6  63.5 180.8 133.5 105.2 119.3 125.9 149.6 192.2 138.0  94.4 122.5  44.6 134.8 127.6 153.7 110.3  88.5 110.5  68.9  78.2  60.0  83.9 170.1   0.0  58.2 114.0 117.4  44.1  59.8  73.2 118.5 128.8  49.7 113.1 150.4 129.1  45.4  21.1 151.6  37.0  25.6 143.6
0.18  85.3  73.5 119.2 127.4  84.4  62.6  69.0  85.5 109.0 136.3  84.7  98.0  94.4  18.6  76.6  69.4 100.0  73.8  37.1  65.5  11.6  37.0  87.7  26.5 123.9  58.2   0.0  70.9  60.9  89.1  62.2  34.9  61.9 112.1 101.1  54.9  92.2  75.8  71.2  46.0  93.6  43.4  83.5  85.4
0.33 155.7 113.7 159.5 139.3 117.7   8.9 104.7 132.1  38.2 136.8 107.6 167.8  36.6  88.5  71.1  63.7 116.9 127.3  35.1   6.2  61.2  98.0 157.5  68.2 154.1 114.0  70.9   0.0  42.7 121.9 133.0  41.2  81.0 174.2 137.6  60.5  74.2  31.9 140.5 111.1  88.1  79.4 134.3  74.9
0.66 135.4  75.0 174.0  97.1  76.9  41.9  65.5  94.3  70.2  96.5  65.4 145.0  79.2  78.8  29.2  21.2  74.3  92.7  31.8  37.5  49.4  71.8 145.5  42.6 111.8 117.4  60.9  42.7   0.0 139.2 115.6  53.0  40.0 142.1 153.6  20.0  37.2  20.6 130.0 106.9  47.3  91.3 141.7  34.6
0.48 122.8 159.5  38.1 216.4 171.6 113.9 156.7 167.1 151.0 225.1 173.6 137.2 116.7  81.8 162.1 154.1 189.0 152.2 107.5 120.4  96.9 117.7  99.0 115.4 209.9  44.1  89.1 121.9 139.2   0.0 103.8  87.1 150.8 172.8  16.0 140.6 175.4 145.4  87.2  64.8 180.4  48.2  33.5 170.4
0.85  23.9  81.1 115.8 144.2  94.3 124.8  84.3  78.3 171.1 160.5 104.9  38.1 155.1  45.8 119.9 115.6 119.8  62.0  98.6 127.5  72.1  47.1  33.2  73.0 124.0  59.8  62.2 133.0 115.6 103.8   0.0  95.8  96.4  69.1 107.4 102.0 137.4 134.0  24.7  40.2 131.6  81.2  77.8 128.6
0.34 119.3  98.6 123.3 141.8 106.9  32.3  91.7 114.0  78.2 145.7 102.2 132.5  59.6  50.1  78.9  70.5 115.6 104.7  21.4  37.3  29.7  69.6 117.6  46.2 146.4  73.2  34.9  41.2  53.0  87.1  95.8   0.0  75.3 146.3 102.1  59.2  90.0  58.6 100.5  70.3  97.8  40.5  94.6  86.2
0.35 111.4  35.8 180.9  67.0  37.0  78.1  26.1  55.3 110.2  74.4  27.5 118.0 116.9  74.2  25.4  24.9  40.3  56.7  56.4  75.2  54.2  49.4 129.2  35.5  73.6 118.5  61.9  81.0  40.0 150.8  96.4  75.3   0.0 106.5 163.0  20.6  42.5  59.6 116.4 102.2  35.4 103.7 144.1  33.1
0.39  55.1  72.6 183.5 119.2  79.7 167.8  81.7  54.9 209.8 140.4  96.2  45.3 204.3 103.1 131.2 131.3 104.8  49.8 139.9 168.1 117.0  77.2  87.0 106.1  85.9 128.8 112.1 174.2 142.1 172.8  69.1 146.3 106.5   0.0 176.4 122.8 146.8 162.7  89.8 108.4 133.7 144.9 146.5 137.5
0.23 124.2 169.2  22.1 227.7 181.7 129.6 167.1 175.4 167.0 237.4 184.8 138.1 132.6  91.7 175.7 167.8 200.4 160.0 122.1 136.0 109.7 127.0  97.5 127.5 219.2  49.7 101.1 137.6 153.6  16.0 107.4 102.1 163.0 176.4   0.0 154.0 189.5 160.6  88.0  70.8 193.7  62.3  30.6 184.0
0.63 120.0  55.0 173.2  83.3  57.5  57.9  45.6  74.4  90.1  86.6  47.3 128.6  96.5  70.8  21.8  14.6  58.2  73.2  38.6  54.7  44.6  55.9 133.4  30.7  93.8 113.1  54.9  60.5  20.0 140.6 102.0  59.2  20.6 122.8 154.0   0.0  37.6  40.3 118.9  99.6  39.8  92.5 138.4  30.5
0.64 153.6  74.3 209.4  69.4  69.6  76.1  65.1  92.9  89.4  63.1  53.5 160.4 109.5 108.4  17.5  22.9  54.2  97.8  68.7  70.4  81.5  90.4 169.7  68.2  94.1 150.4  92.2  74.2  37.2 175.4 137.4  90.0  42.5 146.8 189.5  37.6   0.0  42.8 155.7 137.2  17.6 127.3 175.4   9.4
0.87 154.5  95.1 181.8 110.2  96.1  35.5  85.5 114.5  51.0 105.9  83.3 164.7  66.7  94.3  43.0  37.2  90.1 113.4  40.7  29.1  64.3  91.5 162.7  61.6 129.0 129.1  75.8  31.9  20.6 145.4 134.0  58.6  59.6 162.7 160.6  40.3  42.8   0.0 146.6 121.2  57.9  99.0 152.2  44.8
0.21  36.2 104.7  93.7 167.9 118.1 131.8 107.1 102.9 178.4 183.5 127.6  50.3 157.5  52.7 138.4 133.2 142.9  86.6 108.2 135.6  82.4  67.3  17.2  88.5 148.7  45.4  71.2 140.5 130.0  87.2  24.7 100.5 116.4  89.8  88.0 118.9 155.7 146.6   0.0  32.2 151.8  75.9  57.5 147.3
0.78  62.0 100.9  83.5 162.2 113.9 102.3 100.3 105.1 148.5 174.7 119.6  76.8 125.8  28.8 120.8 114.3 135.4  89.4  81.1 106.7  57.6  58.7  49.1  69.2 149.8  21.1  46.0 111.1 106.9  64.8  40.2  70.3 102.2 108.4  70.8  99.6 137.2 121.2  32.2   0.0 136.5  43.9  44.5 129.7
0.41 145.7  61.4 212.6  52.5  54.7  88.8  53.0  79.0 106.3  49.1  38.2 151.2 124.2 108.0  18.8  27.3  36.8  85.9  76.5  83.7  84.0  84.8 164.5  67.8  76.6 151.6  93.6  88.1  47.3 180.4 131.6  97.8  35.4 133.7 193.7  39.8  17.6  57.9 151.8 136.5   0.0 132.3 177.1  13.2
0.79 104.4 116.6  83.0 170.1 127.8  70.8 112.5 127.3 113.5 177.7 127.8 119.1  85.5  42.8 114.0 105.9 142.9 114.0  59.8  76.7  49.5  77.3  92.5  68.7 167.1  37.0  43.4  79.4  91.3  48.2  81.2  40.5 103.7 144.9  62.3  92.5 127.3  99.0  75.9  43.9 132.3   0.0  54.9 122.2
0.42  93.7 145.3  39.0 206.2 158.3 125.6 144.5 149.4 168.0 217.8 163.4 107.6 137.5  70.2 160.1 152.8 179.1 133.5 111.8 131.4  93.9 103.0  67.1 109.4 194.3  25.6  83.5 134.3 141.7  33.5  77.8  94.6 144.1 146.5  30.6 138.4 175.4 152.2  57.5  44.5 177.1  54.9   0.0 168.9
0.65 144.4  65.0 203.5  65.4  60.7  75.7  55.8  83.8  93.8  62.2  45.0 151.1 110.9 101.0   9.0  16.3  47.3  88.4  64.8  70.5  75.1  81.5 161.0  60.6  87.3 143.6  85.4  74.9  34.6 170.4 128.6  86.2  33.1 137.5 184.0  30.5   9.4  44.8 147.3 129.7  13.2 122.2 168.9   0.0
