34
6
0.82   0.0 144.0 139.8  67.6 123.1 110.5 108.9 148.4  92.1  70.2 130.7 115.7 113.0  72.8 144.7 170.1 116.0  79.5  47.0 152.7  12.9  86.8  86.2 116.4  68.3 103.8 179.2 121.7  30.1 193.2 113.7  72.7  50.8  31.6
0.17 144.0   0.0  57.0 109.2  24.7 174.8  53.1  73.3 167.6 158.3  70.9  96.2 173.7  79.0 190.9  68.4 183.4  99.4 182.4  44.6 139.5  63.1  60.1 181.2 204.3  60.0 201.7  29.8 166.6  70.4  33.9 155.5  97.4 163.3
0.40 139.8  57.0   0.0 132.5  43.1 132.3  92.6  17.1 130.1 127.4  17.4 138.5 130.4  99.0 141.6  30.3 140.6  69.0 166.2  20.4 130.9  87.4  80.6 138.0 186.0  36.2 147.3  37.6 153.5  55.9  70.3 123.4  89.2 148.4
0.59  67.6 109.2 132.5   0.0  97.7 163.8  58.9 147.0 147.4 127.3 131.9  48.7 165.3  33.6 194.8 160.1 171.0 102.6 114.5 136.8  73.8  47.5  53.0 170.5 135.1 100.1 223.3  99.9  97.7 174.5  75.4 128.0  65.9  98.8
0.21 123.1  24.7  43.1  97.7   0.0 150.5  50.2  60.2 143.0 133.6  52.7  96.3 149.5  64.9 167.8  64.6 159.1  74.8 159.5  40.0 117.6  50.3  45.0 157.0 181.1  35.8 180.8   6.4 144.1  76.8  27.6 130.8  74.7 140.4
0.77 110.5 174.8 132.3 163.8 150.5   0.0 172.9 127.4  18.8  40.5 115.1 202.8   3.9 147.2  34.8 154.0   8.7  77.1  91.2 152.6  98.3 151.2 145.3   6.9  97.1 114.8  72.3 144.9  93.7 183.7 162.1  37.8 101.5  87.4
0.54 108.9  53.1  92.6  58.9  50.2 172.9   0.0 109.4 160.8 145.5  99.0  46.1 173.1  36.1 197.2 114.5 181.3  97.3 153.6  89.6 108.8  23.5  27.9 179.8 175.7  71.8 217.2  55.1 136.5 122.5  22.7 144.2  75.3 135.0
0.60 148.4  73.3  17.1 147.0  60.2 127.4 109.4   0.0 127.6 127.8  17.8 155.2 125.1 113.8 132.7  26.7 135.3  72.9 170.9  31.8 138.6 103.1  96.0 132.5 189.6  47.8 134.7  54.6 159.4  56.3  87.2 123.5  98.8 153.8
0.46  92.1 167.6 130.1 147.4 143.0  18.8 160.8 127.6   0.0  21.9 113.5 188.1  21.8 133.0  53.5 154.3  24.1  68.2  73.3 149.9  80.0 138.3 132.9  24.3  81.1 107.9  90.7 137.9  75.0 183.7 151.8  19.7  87.2  68.7
0.14  70.2 158.3 127.4 127.3 133.6  40.5 145.5 127.8  21.9   0.0 111.9 169.6  43.3 115.4  75.1 154.1  45.8  60.1  55.0 146.2  58.3 122.4 117.6  46.2  67.0 100.4 111.4 129.1  54.1 182.7 138.9   4.8  70.4  47.7
0.54 130.7  70.9  17.4 131.9  52.7 115.1  99.0  17.8 113.5 111.9   0.0 143.9 113.1  99.1 124.3  42.5 123.4  55.5 153.5  37.7 120.8  89.7  82.4 120.7 172.6  31.8 131.3  46.5 141.7  70.8  77.8 107.8  81.2 136.3
0.18 115.7  96.2 138.5  48.7  96.3 202.8  46.1 155.2 188.1 169.6 143.9   0.0 203.7  55.8 230.9 160.4 210.7 132.4 162.7 135.5 120.6  56.6  64.0 209.7 183.6 114.8 255.1 101.1 145.8 166.7  68.8 169.5 101.3 146.4
0.22 113.0 173.7 130.4 165.3 149.5   3.9 173.1 125.1  21.8  43.3 113.1 203.7   0.0 148.0  31.9 151.6  10.3  76.7  94.7 150.7 100.7 151.6 145.5   7.6 100.9 113.8  68.9 143.9  96.8 181.3 161.8  40.3 102.4  90.5
0.85  72.8  79.0  99.0  33.6  64.9 147.2  36.1 113.8 133.0 115.4  99.1  55.8 148.0   0.0 175.1 126.5 155.2  77.2 118.0 103.4  73.3  16.0  19.8 154.1 140.0  67.5 200.0  66.6 100.8 141.6  45.4 114.9  45.8  99.7
0.20 144.7 190.9 141.6 194.8 167.8  34.8 197.2 132.7  53.5  75.1 124.3 230.9  31.9 175.1   0.0 157.7  32.0  99.9 125.4 161.8 132.3 176.9 170.4  30.3 129.4 132.3  38.9 161.7 128.4 187.1 183.6  72.1 130.3 122.2
0.46 170.1  68.4  30.3 160.1  64.6 154.0 114.5  26.7 154.3 154.1  42.5 160.4 151.6 126.5 157.7   0.0 161.8  97.7 195.6  24.9 161.1 113.5 107.2 158.9 214.9  66.5 156.3  60.9 183.3  29.7  91.8 149.9 119.5 178.1
0.56 116.0 183.4 140.6 171.0 159.1   8.7 181.3 135.3  24.1  45.8 123.4 210.7  10.3 155.2  32.0 161.8   0.0  85.7  93.6 160.9 104.1 159.5 153.7   3.1  97.6 123.4  70.7 153.6  97.5 191.5 170.7  43.8 109.5  91.5
0.21  79.5  99.4  69.0 102.6  74.8  77.1  97.3  72.9  68.2  60.1  55.5 132.4  76.7  77.2  99.9  97.7  85.7   0.0  98.0  86.9  68.1  77.2  70.5  83.8 117.2  40.4 122.8  69.8  86.7 124.9  85.1  56.8  37.8  81.0
0.58  47.0 182.4 166.2 114.5 159.5  91.2 153.6 170.9  73.3  55.0 153.5 162.7  94.7 118.0 125.4 195.6  93.6  98.0   0.0 182.5  44.8 130.5 128.7  95.1  22.2 133.0 163.5 156.7  17.2 221.9 155.2  59.6  85.0  19.2
0.36 152.7  44.6  20.4 136.8  40.0 152.6  89.6  31.8 149.9 146.2  37.7 135.5 150.7 103.4 161.8  24.9 160.9  86.9 182.5   0.0 144.9  89.7  83.8 158.3 202.9  49.7 166.2  36.9 168.9  40.5  67.0 142.5 102.0 164.2
0.41  12.9 139.5 130.9  73.8 117.6  98.3 108.8 138.6  80.0  58.3 120.8 120.6 100.7  73.3 132.3 161.1 104.1  68.1  44.8 144.9   0.0  85.8  84.1 104.3  67.0  95.4 166.4 115.5  27.8 185.1 111.0  60.5  43.3  26.4
0.25  86.8  63.1  87.4  47.5  50.3 151.2  23.5 103.1 138.3 122.4  89.7  56.6 151.6  16.0 176.9 113.5 159.5  77.2 130.5  89.7  85.8   0.0   7.5 158.1 152.7  59.2 199.2  52.8 113.5 127.0  29.4 121.3  52.0 111.8
0.36  86.2  60.1  80.6  53.0  45.0 145.3  27.9  96.0 132.9 117.6  82.4  64.0 145.5  19.8 170.4 107.2 153.7  70.5 128.7  83.8  84.1   7.5   0.0 152.2 150.9  51.7 192.1  46.9 111.9 121.8  27.7 116.3  47.7 109.8
0.43 116.4 181.2 138.0 170.5 157.0   6.9 179.8 132.5  24.3  46.2 120.7 209.7   7.6 154.1  30.3 158.9   3.1  83.8  95.1 158.3 104.3 158.1 152.2   0.0  99.6 121.2  68.8 151.4  98.5 188.7 168.9  43.9 108.4  92.4
0.86  68.3 204.3 186.0 135.1 181.1  97.1 175.7 189.6  81.1  67.0 172.6 183.6 100.9 140.0 129.4 214.9  97.6 117.2  22.2 202.9  67.0 152.7 150.9  99.6   0.0 153.7 168.2 178.1  39.2 241.9 177.4  71.9 106.8  41.2
0.50 103.8  60.0  36.2 100.1  35.8 114.8  71.8  47.8 107.9 100.4  31.8 114.8 113.8  67.5 132.3  66.5 123.4  40.4 133.0  49.7  95.4  59.2  51.7 121.2 153.7   0.0 147.4  30.2 119.2  89.8  53.4  97.1  53.1 114.6
0.26 179.2 201.7 147.3 223.3 180.8  72.3 217.2 134.7  90.7 111.4 131.3 255.1  68.9 200.0  38.9 156.3  70.7 122.8 163.5 166.2 166.4 199.2 192.1  68.8 168.2 147.4   0.0 174.5 165.5 183.8 200.7 107.8 157.5 159.1
0.83 121.7  29.8  37.6  99.9   6.4 144.9  55.1  54.6 137.9 129.1  46.5 101.1 143.9  66.6 161.7  60.9 153.6  69.8 156.7  36.9 115.5  52.8  46.9 151.4 178.1  30.2 174.5   0.0 141.6  75.3  32.7 126.2  72.3 137.7
0.31  30.1 166.6 153.5  97.7 144.1  93.7 136.5 159.4  75.0  54.1 141.7 145.8  96.8 100.8 128.4 183.3  97.5  86.7  17.2 168.9  27.8 113.5 111.9  98.5  39.2 119.2 165.5 141.6   0.0 208.8 138.6  58.1  69.4   6.6
0.50 193.2  70.4  55.9 174.5  76.8 183.7 122.5  56.3 183.7 182.7  70.8 166.7 181.3 141.6 187.1  29.7 191.5 124.9 221.9  40.5 185.1 127.0 121.8 188.7 241.9  89.8 183.8  75.3 208.8   0.0 101.0 178.6 142.4 203.9
0.16 113.7  33.9  70.3  75.4  27.6 162.1  22.7  87.2 151.8 138.9  77.8  68.8 161.8  45.4 183.6  91.8 170.7  85.1 155.2  67.0 111.0  29.4  27.7 168.9 177.4  53.4 200.7  32.7 138.6 101.0   0.0 137.0  71.7 136.1
0.56  72.7 155.5 123.4 128.0 130.8  37.8 144.2 123.5  19.7   4.8 107.8 169.5  40.3 114.9  72.1 149.9  43.8  56.8  59.6 142.5  60.5 121.3 116.3  43.9  71.9  97.1 107.8 126.2  58.1 178.6 137.0   0.0  69.5  51.6
0.70  50.8  97.4  89.2  65.9  74.7 101.5  75.3  98.8  87.2  70.4  81.2 101.3 102.4  45.8 130.3 119.5 109.5  37.8  85.0 102.0  43.3  52.0  47.7 108.4 106.8  53.1 157.5  72.3  69.4 142.4  71.7  69.5   0.0  65.8
0.57  31.6 163.3 148.4  98.8 140.4  87.4 135.0 153.8  68.7  47.7 136.3 146.4  90.5  99.7 122.2 178.1  91.5  81.0  19.2 164.2  26.4 111.8 109.8  92.4  41.2 114.6 159.1 137.7   6.6 203.9 136.1  51.6  65.8   0.0
