54
10
0.78   0.0 221.9  94.6 179.4  71.5 137.3 126.7 154.0  52.6 106.8 215.0 125.6 107.1 187.4 159.5  89.0 200.6 193.0 191.1 143.2 158.1  81.6 187.7 195.1  45.5  53.1 126.2  12.1 121.8 136.7  67.4 165.8  74.9 125.1  99.7  80.8  62.3 200.5 152.5 100.2 168.3 108.4 149.7 146.3 238.5 207.6  76.0 160.1 199.1 174.3 147.3  79.5 151.1 132.1
0.21 221.9   0.0 164.9 107.5 188.5  86.9 117.3 128.4 176.5 115.3   8.8 164.0 189.1 185.8 159.5 134.2  39.9  70.3  38.7  98.9 139.8 147.5  36.3 132.4 207.7 168.8 119.2 209.9 105.8 176.3 179.1  84.9 177.9 112.0 124.3 165.9 182.7  43.9 115.1 122.3 116.6 140.7 117.9 103.4  19.1  36.3 152.6 171.8  29.5 145.0 153.6 162.4 167.5 165.1
0.11  94.6 164.9   0.0 173.5  28.1  82.2 123.5 161.1  90.3  69.4 160.7  32.2  30.5  96.1  65.3  77.6 160.0 114.0 127.2 128.9  64.0  37.2 128.8 101.5  55.9  66.0  46.4  87.5 101.8  46.7  27.2  87.3  20.3  53.0  56.4 113.8  32.4 130.3  64.5  63.7  77.8 121.9 150.4  65.7 176.8 165.9  89.5  67.7 152.2  79.8  52.8  19.6  58.1  38.9
0.74 179.4 107.5 173.5   0.0 184.0 103.8  54.4  30.2 126.8 104.2  99.1 191.5 204.0 240.2 205.9 101.5  67.6 147.4 112.4  44.6 188.1 139.0 101.5 201.5 188.7 135.2 144.8 168.0  71.7 208.3 171.1 140.3 174.7 133.6 117.1 100.6 172.0 128.5 161.5 109.8 173.4  71.3  29.9 143.9 125.5  71.9 104.9 216.3  79.6 201.4 194.3 159.5 208.3 196.1
0.84  71.5 188.5  28.1 184.0   0.0 103.0 131.0 167.5  81.3  83.1 183.6  55.2  36.3 115.8  89.1  83.1 179.5 141.4 151.8 140.1  90.8  46.0 152.2 128.5  28.8  58.7  72.6  66.8 113.0  65.2  13.0 114.3  10.7  77.2  70.4 109.5  14.1 156.2  92.5  76.2 105.9 124.2 158.1  92.7 201.6 185.9  88.3  88.8 173.2 105.8  77.9  26.8  80.0  61.4
0.57 137.3  86.9  82.2 103.8 103.0   0.0  69.4 102.8  97.6  31.5  81.2  91.3 110.1 136.5 102.2  55.3  77.8  64.3  53.8  63.0  84.4  60.6  51.1 102.0 120.8  84.8  42.6 125.6  44.4 107.2  92.7  43.6  92.2  31.9  37.8  97.9  96.1  64.2  58.2  37.4  71.6  83.8  89.8  40.5 102.0  83.7  76.9 112.9  70.4  98.3  90.9  76.3 105.1  94.8
0.44 126.7 117.3 123.5  54.4 131.0  69.4   0.0  37.8  74.2  56.5 108.7 145.5 153.9 200.7 165.4  47.9  84.1 129.0 103.4  19.3 149.9  87.2  94.2 171.2 134.4  80.8 103.1 115.0  25.6 162.7 118.0 112.5 122.2  92.3  68.2  52.5 118.5 118.9 125.6  60.5 140.4  23.9  27.2 108.5 136.4  91.0  51.1 174.4  88.6 165.3 152.5 107.7 165.5 150.9
0.85 154.0 128.4 161.1  30.2 167.5 102.8  37.8   0.0 102.2  94.0 119.7 183.2 191.6 237.2 202.0  84.7  89.5 156.4 125.2  40.2 185.8 124.7 114.7 204.5 168.3 114.1 139.7 143.2  62.0 200.3 154.5 144.1 159.1 128.7 105.9  73.6 154.5 141.5 160.6  98.2 174.4  46.2  13.1 143.1 147.2  95.1  82.7 211.5  99.1 200.6 189.4 145.0 202.7 188.4
0.46  52.6 176.5  90.3 126.8  81.3  97.6  74.2 102.2   0.0  66.2 168.9 121.7 115.1 185.5 152.3  43.0 151.2 159.8 149.9  91.3 144.4  59.0 144.5 177.5  71.2  24.3 101.9  41.2  72.2 137.0  70.0 134.5  77.3  96.4  64.5  31.0  67.3 161.7 130.2  61.4 147.1  56.1  97.2 118.8 194.2 158.4  24.6 156.8 151.5 161.6 138.7  70.7 147.1 128.4
0.15 106.8 115.3  69.4 104.2  83.1  31.5  56.5  94.0  66.2   0.0 108.7  89.2  99.8 145.1 109.7  24.9  98.5  94.1  84.8  59.6  95.5  37.2  80.8 121.5  95.6  53.9  48.1  95.0  32.8 106.3  71.1  70.1  72.9  38.3  13.1  69.7  73.3  95.7  73.8   7.3  90.0  62.5  82.4  58.5 131.6 105.2  46.7 118.3  94.4 111.7  96.6  56.9 109.2  94.4
0.40 215.0   8.8 160.7  99.1 183.6  81.2 108.7 119.7 168.9 108.7   0.0 161.4 185.7 186.1 158.7 126.8  31.5  71.5  36.8  90.2 138.9 141.7  32.0 133.9 202.0 161.9 115.5 202.9  97.8 174.2 173.8  83.4 172.9 107.7 118.1 157.7 177.3  45.2 113.4 115.7 116.2 132.2 109.1 100.7  27.9  28.6 144.8 170.9  20.7 145.1 152.0 157.2 166.2 162.7
0.63 125.6 164.0  32.2 191.5  55.2  91.3 145.5 183.2 121.7  89.2 161.4   0.0  29.7  64.0  33.9 103.3 166.9 103.2 125.4 147.5  38.1  65.0 129.6  75.2  84.0  97.4  48.8 119.2 121.6  17.2  58.5  80.0  50.8  59.4  77.5 143.2  63.4 124.3  50.9  85.3  58.5 147.8 171.4  60.7 172.9 171.9 118.3  35.5 156.9  51.2  23.1  51.2  26.0   6.8
0.50 107.1 189.1  30.5 204.0  36.3 110.1 153.9 191.6 115.1  99.8 185.7  29.7   0.0  81.3  59.5 107.6 187.7 131.5 150.6 159.4  67.5  67.1 153.6 103.8  62.3  91.3  70.3 103.0 132.4  32.0  45.4 106.9  37.8  79.1  86.9 141.1  48.9 151.2  79.2  94.3  88.0 151.5 180.9  86.2 199.3 193.3 117.8  56.1 179.0  79.2  51.6  47.5  48.6  33.3
0.39 187.4 185.8  96.1 240.2 115.8 136.5 200.7 237.2 185.5 145.1 186.1  64.0  81.3   0.0  35.4 163.4 201.1 115.6 149.9 198.6  52.1 127.7 157.9  56.6 143.3 161.3  97.6 182.0 175.4  50.7 121.5 105.4 113.5 108.5 135.5 205.6 126.1 141.9  79.1 143.0  70.7 206.8 224.7  96.6 188.3 204.4 180.4  28.6 188.5  41.2  48.7 115.2  38.3  57.3
0.60 159.5 159.5  65.3 205.9  89.1 102.2 165.4 202.0 152.3 109.7 158.7  33.9  59.5  35.4   0.0 128.2 170.4  91.6 121.9 163.7  19.8  93.7 128.7  46.2 117.8 128.4  62.3 152.8 140.1  28.5  92.2  75.6  84.6  73.3 100.1 171.1  97.2 116.5  46.7 107.6  43.3 171.5 189.5  63.2 164.8 174.4 145.7  12.2 158.6  21.1  13.7  83.3  11.8  27.7
0.62  89.0 134.2  77.6 101.5  83.1  55.3  47.9  84.7  43.0  24.9 126.8 103.3 107.6 163.4 128.2   0.0 111.6 118.8 107.0  58.9 116.1  40.5 101.6 144.6  87.8  37.0  69.3  76.9  33.8 120.4  70.1  95.0  74.5  61.0  28.8  45.4  70.5 119.0  96.6  22.5 113.3  44.5  75.1  82.4 151.5 118.7  21.9 135.6 110.3 132.9 114.7  60.6 126.1 109.4
0.63 200.6  39.9 160.0  67.6 179.5  77.8  84.1  89.5 151.2  98.5  31.5 166.9 187.7 201.1 170.4 111.6   0.0  92.1  54.2  64.7 150.8 134.8  44.2 153.0 194.0 148.4 118.4 188.4  79.1 181.5 168.4  95.6 168.9 108.7 110.1 135.6 171.1  68.2 123.8 105.8 130.4 107.9  79.9 108.2  58.1   7.1 126.6 182.3  14.2 159.9 161.7 152.7 176.2 169.4
0.42 193.0  70.3 114.0 147.4 141.4  64.3 129.0 156.4 159.8  94.1  71.5 103.2 131.5 115.6  91.6 118.8  92.1   0.0  37.9 117.0  72.5 111.5  48.2  62.4 166.2 143.4  69.3 182.3 106.3 112.2 135.5  27.6 131.6  68.1  95.9 162.2 140.1  26.5  52.4  98.5  48.4 146.6 143.5  48.8  73.3  93.7 140.7 103.7  78.2  75.3  88.0 118.9 100.9 102.5
0.28 191.1  38.7 127.2 112.4 151.8  53.8 103.4 125.2 149.9  84.8  36.8 125.4 150.6 149.9 121.9 107.0  54.2  37.9   0.0  88.1 102.1 113.1  11.0  99.4 172.6 138.5  81.1 179.5  84.9 137.7 143.1  46.6 141.2  74.6  91.6 145.1 147.1  16.3  76.7  91.1  79.6 124.3 112.8  64.8  49.8  56.0 127.5 134.1  40.3 108.8 115.3 126.2 129.4 126.4
0.89 143.2  98.9 128.9  44.6 140.1  63.0  19.3  40.2  91.3  59.6  90.2 147.5 159.4 198.6 163.7  58.9  64.7 117.0  88.1   0.0 146.9  94.6  78.3 164.4 146.7  94.7 101.8 131.3  27.2 164.4 127.3 103.9 130.5  90.6  72.5  71.6 128.5 104.1 121.1  65.3 134.5  43.2  27.1 103.5 118.0  71.6  67.2 173.7  69.8 161.2 151.6 115.2 165.3 152.3
0.47 158.1 139.8  64.0 188.1  90.8  84.4 149.9 185.8 144.4  95.5 138.9  38.1  67.5  52.1  19.8 116.1 150.8  72.5 102.1 146.9   0.0  85.4 108.9  37.7 119.5 121.4  47.4 150.2 124.4  41.3  91.1  55.8  84.2  57.6  87.4 160.3  96.2  97.0  27.3  94.4  24.2 157.9 173.1  44.5 145.5 154.7 135.0  32.0 138.8  17.2  16.7  79.1  28.3  34.4
0.69  81.6 147.5  37.2 139.0  46.0  60.6  87.2 124.7  59.0  37.2 141.7  65.0  67.1 127.7  93.7  40.5 134.8 111.5 113.1  94.6  85.4   0.0 111.6 119.3  60.2  36.3  45.5  71.2  67.4  81.5  33.9  84.1  36.0  43.5  24.8  78.2  36.4 120.6  73.2  30.2  89.8  84.7 114.4  64.9 162.2 141.3  53.3  99.2 129.5 102.6  80.0  20.6  89.5  71.4
0.42 187.7  36.3 128.8 101.5 152.2  51.1  94.2 114.7 144.5  80.8  32.0 129.6 153.6 157.9 128.7 101.6  44.2  48.2  11.0  78.3 108.9 111.6   0.0 108.8 171.6 134.7  83.5 175.8  77.2 142.8 142.9  53.1 141.6  75.8  88.9 137.8 146.5  27.1  82.6  87.5  87.3 115.8 102.5  69.1  50.9  46.7 121.5 140.8  30.8 116.7 121.2 126.1 135.5 131.2
0.66 195.1 132.4 101.5 201.5 128.5 102.0 171.2 204.5 177.5 121.5 133.9  75.2 103.8  56.6  46.2 144.6 153.0  62.4  99.4 164.4  37.7 119.3 108.8   0.0 157.2 155.5  76.0 186.7 145.9  74.4 128.5  61.2 121.8  83.7 116.2 190.0 133.6  88.8  48.0 122.2  31.5 183.1 191.4  63.4 133.1 155.3 165.2  55.4 139.5  25.2  52.3 115.7  58.0  70.5
0.40  45.5 207.7  55.9 188.7  28.8 120.8 134.4 168.3  71.2  95.6 202.0  84.0  62.3 143.3 117.8  87.8 194.0 166.2 172.6 146.7 119.5  60.2 171.6 157.2   0.0  54.2  97.0  44.0 120.9  93.0  30.8 138.7  35.9  99.5  84.4 102.0  26.1 178.8 119.5  88.3 133.6 122.7 160.7 117.5 222.1 200.7  85.7 116.9 189.4 134.6 106.7  47.4 108.4  90.0
0.81  53.1 168.8  66.0 135.2  58.7  84.8  80.8 114.1  24.3  53.9 161.9  97.4  91.3 161.3 128.4  37.0 148.4 143.4 138.5  94.7 121.4  36.3 134.7 155.5  54.2   0.0  81.0  41.1  70.7 112.7  46.6 116.9  53.6  77.1  48.0  50.8  44.6 148.6 109.1  47.4 125.9  68.5 106.7  99.4 185.4 155.4  31.6 132.7 146.3 138.6 114.9  46.4 123.0 104.1
0.41 126.2 119.2  46.4 144.8  72.6  42.6 103.1 139.7 101.9  48.1 115.5  48.8  70.3  97.6  62.3  69.3 118.4  69.3  81.1 101.8  47.4  45.5  83.5  76.0  97.0  81.0   0.0 116.3  77.8  64.6  66.2  41.8  62.5  11.2  40.6 114.3  70.9  83.9  28.3  47.3  45.2 110.6 127.3  20.5 130.5 123.7  89.3  71.9 109.0  63.8  49.8  49.7  63.5  52.2
0.27  12.1 209.9  87.5 168.0  66.8 125.6 115.0 143.2  41.2  95.0 202.9 119.2 103.0 182.0 152.8  76.9 188.4 182.3 179.5 131.3 150.2  71.2 175.8 186.7  44.0  41.1 116.3   0.0 109.7 131.3  60.7 155.1  68.5 114.6  88.2  70.4  55.9 189.1 143.1  88.4 159.2  97.2 138.4 136.1 226.6 195.5  64.1 154.2 187.0 166.7 140.3  71.1 145.0 125.8
0.88 121.8 105.8 101.8  71.7 113.0  44.4  25.6  62.0  72.2  32.8  97.8 121.6 132.4 175.4 140.1  33.8  79.1 106.3  84.9  27.2 124.4  67.4  77.2 145.9 120.9  70.7  77.8 109.7   0.0 138.7 100.4  88.0 103.4  67.0  45.5  60.7 101.7  99.4 100.1  38.1 114.9  40.4  49.9  83.0 124.2  86.2  47.6 149.5  79.6 139.7 127.5  87.9 140.7 126.7
0.78 136.7 176.3  46.7 208.3  65.2 107.2 162.7 200.3 137.0 106.3 174.2  17.2  32.0  50.7  28.5 120.4 181.5 112.2 137.7 164.4  41.3  81.5 142.8  74.4  93.0 112.7  64.6 131.3 138.7   0.0  71.0  91.4  63.0  75.5  94.7 159.6  75.5 135.1  61.3 102.4  64.8 164.8 188.5  73.9 183.9 186.3 134.8  24.1 171.0  49.3  24.7  66.3  17.0  12.3
0.43  67.4 179.1  27.2 171.1  13.0  92.7 118.0 154.5  70.0  71.1 173.8  58.5  45.4 121.5  92.2  70.1 168.4 135.5 143.1 127.3  91.1  33.9 142.9 128.5  30.8  46.6  66.2  60.7 100.4  71.0   0.0 108.0   8.0  69.2  58.6  97.3   5.2 148.6  88.9  64.1 103.5 111.3 145.2  86.7 192.8 174.9  75.5  93.5 162.6 107.1  80.0  17.0  84.3  65.1
0.68 165.8  84.9  87.3 140.3 114.3  43.6 112.5 144.1 134.5  70.1  83.4  80.0 106.9 105.4  75.6  95.0  95.6  27.6  46.6 103.9  55.8  84.1  53.1  61.2 138.7 116.9  41.8 155.1  88.0  91.4 108.0   0.0 104.3  40.7  70.0 139.6 112.6  44.4  30.2  73.5  34.9 127.4 131.0  21.6  92.9  99.2 116.8  87.8  83.3  64.4  68.7  91.3  82.8  80.4
0.64  74.9 177.9  20.3 174.7  10.7  92.2 122.2 159.1  77.3  72.9 172.9  50.8  37.8 113.5  84.6  74.5 168.9 131.6 141.2 130.5  84.2  36.0 141.6 121.8  35.9  53.6  62.5  68.5 103.4  63.0   8.0 104.3   0.0  66.7  60.1 104.0  12.6 145.9  83.7  66.2  97.7 116.8 149.4  82.8 191.0 175.2  81.6  85.7 162.5  99.9  72.6  16.2  76.4  57.3
0.21 125.1 112.0  53.0 133.6  77.2  31.9  92.3 128.7  96.4  38.3 107.7  59.4  79.1 108.5  73.3  61.0 108.7  68.1  74.6  90.6  57.6  43.5  75.8  83.7  99.5  77.1  11.2 114.6  67.0  75.5  69.2  40.7  66.7   0.0  32.8 106.4  73.5  79.4  35.7  38.6  52.3 100.8 116.2  22.4 124.4 114.2  81.8  83.1  99.9  73.5  61.0  52.3  74.7  63.2
0.28  99.7 124.3  56.4 117.1  70.4  37.8  68.2 105.9  64.5  13.1 118.1  77.5  86.9 135.5 100.1  28.8 110.1  95.9  91.6  72.5  87.4  24.8  88.9 116.2  84.4  48.0  40.6  88.2  45.5  94.7  58.6  70.0  60.1  32.8   0.0  73.8  61.1 100.8  68.2   7.8  84.9  71.4  94.6  54.8 139.8 116.6  49.0 108.1 105.1 104.1  86.7  44.0  98.8  83.1
0.62  80.8 165.9 113.8 100.6 109.5  97.9  52.5  73.6  31.0  69.7 157.7 143.2 141.1 205.6 171.1  45.4 135.6 162.2 145.1  71.6 160.3  78.2 137.8 190.0 102.0  50.8 114.3  70.4  60.7 159.6  97.3 139.6 104.0 106.4  73.8   0.0  95.4 158.9 141.9  67.9 158.6  29.8  70.7 127.8 184.6 142.6  25.4 177.3 138.5 177.4 157.4  94.4 167.6 149.7
0.66  62.3 182.7  32.4 172.0  14.1  96.1 118.5 154.5  67.3  73.3 177.3  63.4  48.9 126.1  97.2  70.5 171.1 140.1 147.1 128.5  96.2  36.4 146.5 133.6  26.1  44.6  70.9  55.9 101.7  75.5   5.2 112.6  12.6  73.5  61.1  95.4   0.0 152.9  94.0  66.1 108.6 110.7 145.5  91.4 196.7 177.6  74.5  98.3 165.7 112.2  85.0  21.3  89.1  70.0
0.86 200.5  43.9 130.3 128.5 156.2  64.2 118.9 141.5 161.7  95.7  45.2 124.3 151.2 141.9 116.5 119.0  68.2  26.5  16.3 104.1  97.0 120.6  27.1  88.8 178.8 148.6  83.9 189.1  99.4 135.1 148.6  44.4 145.9  79.4 100.8 158.9 152.9   0.0  73.9 101.4  73.3 139.2 129.0  65.2  48.8  68.9 140.1 128.7  54.0 101.3 111.5 131.6 125.1 124.5
0.26 152.5 115.1  64.5 161.5  92.5  58.2 125.6 160.6 130.2  73.8 113.4  50.9  79.2  79.1  46.7  96.6 123.8  52.4  76.7 121.1  27.3  73.2  82.6  48.0 119.5 109.1  28.3 143.1 100.1  61.3  88.9  30.2  83.7  35.7  68.2 141.9  94.0  73.9   0.0  74.2  16.9 135.9 147.7  17.7 122.6 127.8 117.2  58.5 112.1  40.1  38.6  73.7  52.9  50.7
0.44 100.2 122.3  63.7 109.8  76.2  37.4  60.5  98.2  61.4   7.3 115.7  85.3  94.3 143.0 107.6  22.5 105.8  98.5  91.1  65.3  94.4  30.2  87.5 122.2  88.3  47.4  47.3  88.4  38.1 102.4  64.1  73.5  66.2  38.6   7.8  67.9  66.1 101.4  74.2   0.0  90.8  63.9  87.0  60.0 138.4 112.5  43.7 115.7 101.7 111.0  94.2  50.3 106.4  90.8
0.60 168.3 116.6  77.8 173.4 105.9  71.6 140.4 174.4 147.1  90.0 116.2  58.5  88.0  70.7  43.3 113.3 130.4  48.4  79.6 134.5  24.2  89.8  87.3  31.5 133.6 125.9  45.2 159.2 114.9  64.8 103.5  34.9  97.7  52.3  84.9 158.6 108.6  73.3  16.9  90.8   0.0 151.7 161.5  32.0 121.5 133.7 134.0  55.5 117.8  29.5  40.2  89.0  52.5  56.3
0.59 108.4 140.7 121.9  71.3 124.2  83.8  23.9  46.2  56.1  62.5 132.2 147.8 151.5 206.8 171.5  44.5 107.9 146.6 124.3  43.2 157.9  84.7 115.8 183.1 122.7  68.5 110.6  97.2  40.4 164.8 111.3 127.4 116.8 100.8  71.4  29.8 110.7 139.2 135.9  63.9 151.7   0.0  41.4 119.8 159.7 114.8  37.0 179.4 112.2 174.2 158.1 104.1 170.0 153.7
0.63 149.7 117.9 150.4  29.9 158.1  89.8  27.2  13.1  97.2  82.4 109.1 171.4 180.9 224.7 189.5  75.1  79.9 143.5 112.8  27.1 173.1 114.4 102.5 191.4 160.7 106.7 127.3 138.4  49.9 188.5 145.2 131.0 149.4 116.2  94.6  70.7 145.5 129.0 147.7  87.0 161.5  41.4   0.0 130.2 136.9  85.9  75.9 199.1  88.5 187.8 177.1 134.9 190.5 176.6
0.61 146.3 103.4  65.7 143.9  92.7  40.5 108.5 143.1 118.8  58.5 100.7  60.7  86.2  96.6  63.2  82.4 108.2  48.8  64.8 103.5  44.5  64.9  69.1  63.4 117.5  99.4  20.5 136.1  83.0  73.9  86.7  21.6  82.8  22.4  54.8 127.8  91.4  65.2  17.7  60.0  32.0 119.8 130.2   0.0 113.1 112.7 103.6  74.7  97.3  57.7  53.5  70.2  68.1  62.1
0.34 238.5  19.1 176.8 125.5 201.6 102.0 136.4 147.2 194.2 131.6  27.9 172.9 199.3 188.3 164.8 151.5  58.1  73.3  49.8 118.0 145.5 162.2  50.9 133.1 222.1 185.4 130.5 226.6 124.2 183.9 192.8  92.9 191.0 124.4 139.8 184.6 196.7  48.8 122.6 138.4 121.5 159.7 136.9 113.1   0.0  53.6 170.5 177.0  48.6 148.5 160.3 175.9 173.7 173.2
0.85 207.6  36.3 165.9  71.9 185.9  83.7  91.0  95.1 158.4 105.2  28.6 171.9 193.3 204.4 174.4 118.7   7.1  93.7  56.0  71.6 154.7 141.3  46.7 155.3 200.7 155.4 123.7 195.5  86.2 186.3 174.9  99.2 175.2 114.2 116.6 142.6 177.6  68.9 127.8 112.5 133.7 114.8  85.9 112.7  53.6   0.0 133.8 186.3  15.9 163.2 166.0 159.1 180.5 174.3
0.40  76.0 152.6  89.5 104.9  88.3  76.9  51.1  82.7  24.6  46.7 144.8 118.3 117.8 180.4 145.7  21.9 126.6 140.7 127.5  67.2 135.0  53.3 121.5 165.2  85.7  31.6  89.3  64.1  47.6 134.8  75.5 116.8  81.6  81.8  49.0  25.4  74.5 140.1 117.2  43.7 134.0  37.0  75.9 103.6 170.5 133.8   0.0 152.0 127.1 152.1 132.1  70.5 142.4 124.7
0.75 160.1 171.8  67.7 216.3  88.8 112.9 174.4 211.5 156.8 118.3 170.9  35.5  56.1  28.6  12.2 135.6 182.3 103.7 134.1 173.7  32.0  99.2 140.8  55.4 116.9 132.7  71.9 154.2 149.5  24.1  93.5  87.8  85.7  83.1 108.1 177.3  98.3 128.7  58.5 115.7  55.5 179.4 199.1  74.7 177.0 186.3 152.0   0.0 170.6  31.3  22.1  86.6   9.7  28.8
0.45 199.1  29.5 152.2  79.6 173.2  70.4  88.6  99.1 151.5  94.4  20.7 156.9 179.0 188.5 158.6 110.3  14.2  78.2  40.3  69.8 138.8 129.5  30.8 139.5 189.4 146.3 109.0 187.0  79.6 171.0 162.6  83.3 162.5  99.9 105.1 138.5 165.7  54.0 112.1 101.7 117.8 112.2  88.5  97.3  48.6  15.9 127.1 170.6   0.0 147.3 150.4 146.5 164.9 159.1
0.71 174.3 145.0  79.8 201.4 105.8  98.3 165.3 200.6 161.6 111.7 145.1  51.2  79.2  41.2  21.1 132.9 159.9  75.3 108.8 161.2  17.2 102.6 116.7  25.2 134.6 138.6  63.8 166.7 139.7  49.3 107.1  64.4  99.9  73.5 104.1 177.4 112.2 101.3  40.1 111.0  29.5 174.2 187.8  57.7 148.5 163.2 152.1  31.3 147.3   0.0  28.1  95.8  32.9  46.1
0.67 147.3 153.6  52.8 194.3  77.9  90.9 152.5 189.4 138.7  96.6 152.0  23.1  51.6  48.7  13.7 114.7 161.7  88.0 115.3 151.6  16.7  80.0 121.2  52.3 106.7 114.9  49.8 140.3 127.5  24.7  80.0  68.7  72.6  61.0  86.7 157.4  85.0 111.5  38.6  94.2  40.2 158.1 177.1  53.5 160.3 166.0 132.1  22.1 150.4  28.1   0.0  70.2  14.5  18.3
0.80  79.5 162.4  19.6 159.5  26.8  76.3 107.7 145.0  70.7  56.9 157.2  51.2  47.5 115.2  83.3  60.6 152.7 118.9 126.2 115.2  79.1  20.6 126.1 115.7  47.4  46.4  49.7  71.1  87.9  66.3  17.0  91.3  16.2  52.3  44.0  94.4  21.3 131.6  73.7  50.3  89.0 104.1 134.9  70.2 175.9 159.1  70.5  86.6 146.5  95.8  70.2   0.0  77.0  57.9
0.52 151.1 167.5  58.1 208.3  80.0 105.1 165.5 202.7 147.1 109.2 166.2  26.0  48.6  38.3  11.8 126.1 176.2 100.9 129.4 165.3  28.3  89.5 135.5  58.0 108.4 123.0  63.5 145.0 140.7  17.0  84.3  82.8  76.4  74.7  98.8 167.6  89.1 125.1  52.9 106.4  52.5 170.0 190.5  68.1 173.7 180.5 142.4   9.7 164.9  32.9  14.5  77.0   0.0  19.2
0.19 132.1 165.1  38.9 196.1  61.4  94.8 150.9 188.4 128.4  94.4 162.7   6.8  33.3  57.3  27.7 109.4 169.4 102.5 126.4 152.3  34.4  71.4 131.2  70.5  90.0 104.1  52.2 125.8 126.7  12.3  65.1  80.4  57.3  63.2  83.1 149.7  70.0 124.5  50.7  90.8  56.3 153.7 176.6  62.1 173.2 174.3 124.7  28.8 159.1  46.1  18.3  57.9  19.2   0.0
