34
6
0.53   0.0  82.3 100.4 140.7 131.0 153.5  84.4  55.6  99.4 137.0 142.8  67.5 164.9  98.0  73.4  81.6 176.7  88.9 109.6 143.6  88.8 135.4 198.0 104.6 155.7  65.5  25.3 120.2  93.7 158.9 103.3 107.9  88.4 182.8
0.52  82.3   0.0  55.5 151.8  99.2 162.0  15.7 119.2  87.8  87.8 117.7  15.0 119.2  37.1  45.7  32.6 153.2  78.8  83.9  61.9  57.1 145.8 121.3 152.0 148.8  64.7  60.9  74.5  67.8  82.0 118.3  44.0  84.1 145.9
0.46 100.4  55.5   0.0 204.2 154.7 215.1  39.8 151.7 141.8 141.5 173.2  56.0 172.4  20.8  98.7  87.8 208.6 132.0 139.3  89.3  14.4 198.3 153.8 193.7 203.7 114.0  90.8 129.4  20.0 118.7 168.7  22.5 136.6 200.2
0.15 140.7 151.8 204.2   0.0  75.5  12.9 166.5 102.0  64.7 102.9  63.1 148.3 101.9 188.4 106.2 119.9  68.2  73.0  74.8 176.6 200.4   6.0 188.2  67.2  33.1  90.8 127.5  98.7 209.9 165.0  37.9 195.8  67.8  93.5
0.31 131.0  99.2 154.7  75.5   0.0  80.1 114.9 122.7  35.1  27.4  19.1 102.7  37.1 135.3  63.5  68.2  54.0  43.3  21.5 105.3 155.6  71.0 113.3 118.3  56.6  65.5 108.0  27.5 166.2  90.0  64.6 140.1  46.3  52.1
0.54 153.5 162.0 215.1  12.9  80.1   0.0 177.0 114.7  74.3 107.4  65.3 159.2 102.5 198.9 116.7 129.7  63.3  83.3  82.5 183.6 211.7  18.2 191.0  77.7  29.4 102.4 139.9 105.0 221.3 170.1  50.5 205.9  78.6  90.4
0.60  84.4  15.7  39.8 166.5 114.9 177.0   0.0 127.0 103.0 102.7 133.4  20.7 134.0  21.9  60.4  48.2 168.9  93.7  99.6  65.9  42.1 160.6 128.7 163.2 164.3  78.0  66.3  90.0  52.8  90.3 132.3  29.9  98.7 161.2
0.26  55.6 119.2 151.7 102.0 122.7 114.7 127.0   0.0  87.7 139.1 127.4 106.7 159.8 145.0  88.0 102.9 154.9  81.3 103.5 173.7 141.7  98.0 216.6  50.8 126.0  68.2  61.5 124.0 147.8 180.3  70.5 154.8  76.9 169.3
0.60  99.4  87.8 141.8  64.7  35.1  74.3 103.0  87.7   0.0  54.0  43.4  86.2  72.1 124.9  43.2  55.4  77.6  11.1  16.9 114.5 139.6  58.9 138.6  88.5  62.8  35.1  78.4  42.0 149.7 108.2  37.8 131.7  11.5  84.5
0.83 137.0  87.8 141.5 102.9  27.4 107.4 102.7 139.1  54.0   0.0  43.6  95.0  31.5 121.1  63.9  61.7  72.1  58.0  37.1  80.7 144.7  98.3  86.5 141.9  82.7  74.4 112.2  16.7 155.4  62.8  89.0 124.3  63.1  58.8
0.89 142.8 117.7 173.2  63.1  19.1  65.3 133.4 127.4  43.4  43.6   0.0 120.3  39.4 154.1  79.5  86.0  36.2  53.9  35.8 123.5 173.6  59.6 125.7 115.0  39.1  77.7 121.1  46.5 184.1 106.3  62.1 159.0  54.7  42.0
0.53  67.5  15.0  56.0 148.3 102.7 159.2  20.7 106.7  86.2  95.0 120.3   0.0 126.4  41.5  43.0  34.6 156.4  76.1  85.2  76.8  53.7 142.3 135.4 142.5 148.6  58.4  47.0  80.3  64.0  96.0 113.1  50.4  80.6 151.7
0.33 164.9 119.2 172.4 101.9  37.1 102.5 134.0 159.8  72.1  31.5  39.4 126.4   0.0 151.8  93.3  92.8  51.1  79.6  57.1 104.6 176.1  98.7  90.7 153.3  73.9 100.1 140.7  46.7 186.7  80.1  99.7 154.5  83.1  29.6
0.22  98.0  37.1  20.8 188.4 135.3 198.9  21.9 145.0 124.9 121.1 154.1  41.5 151.8   0.0  82.3  69.8 189.2 115.6 120.9  70.2  29.3 182.5 134.8 183.5 185.9  99.6  83.6 109.5  38.7  98.7 154.1   9.9 120.6 179.8
0.73  73.4  45.7  98.7 106.2  63.5 116.7  60.4  88.0  43.2  63.9  79.5  43.0  93.3  82.3   0.0  16.4 115.7  33.4  43.8  87.1  96.5 100.2 129.7 110.8 105.7  21.8  48.4  47.2 106.6  92.5  72.7  89.7  38.4 114.9
0.15  81.6  32.6  87.8 119.9  68.2 129.7  48.2 102.9  55.4  61.7  86.0  34.6  92.8  69.8  16.4   0.0 121.9  47.0  51.5  71.2  87.6 114.0 117.4 127.2 116.1  38.2  56.4  46.2  98.1  79.0  87.9  76.3  52.8 117.3
0.46 176.7 153.2 208.6  68.2  54.0  63.3 168.9 154.9  77.6  72.1  36.2 156.4  51.1 189.2 115.7 121.9   0.0  88.6  71.9 152.3 209.5  67.8 141.0 132.4  35.1 112.6 156.0  80.0 220.1 130.4  85.0 193.6  88.3  28.8
0.67  88.9  78.8 132.0  73.0  43.3  83.3  93.7  81.3  11.1  58.0  53.9  76.1  79.6 115.6  33.4  47.0  88.6   0.0  22.5 110.4 129.3  67.0 139.7  88.4  73.6  24.1  67.5  43.8 139.2 107.2  41.8 122.8   6.6  94.3
0.89 109.6  83.9 139.3  74.8  21.5  82.5  99.6 103.5  16.9  37.1  35.8  85.2  57.1 120.9  43.8  51.5  71.9  22.5   0.0 101.9 138.8  69.3 122.0 105.2  65.2  44.0  86.7  25.9 149.2  92.9  53.3 126.8  26.6  73.4
0.57 143.6  61.9  89.3 176.6 105.3 183.6  65.9 173.7 114.5  80.7 123.5  76.8 104.6  70.2  87.1  71.2 152.3 110.4 101.9   0.0  99.5 171.2  64.6 196.8 161.8 108.8 120.7  78.7 108.6  31.1 151.8  66.9 117.0 134.2
0.33  88.8  57.1  14.4 200.4 155.6 211.7  42.1 141.7 139.6 144.7 173.6  53.7 176.1  29.3  96.5  87.6 209.5 129.3 138.8  99.5   0.0 194.4 164.1 185.5 202.2 109.6  81.8 131.5  10.7 127.7 164.0  34.5 133.4 203.0
0.78 135.4 145.8 198.3   6.0  71.0  18.2 160.6  98.0  58.9  98.3  59.6 142.3  98.7 182.5 100.2 114.0  67.8  67.0  69.3 171.2 194.4   0.0 184.0  65.6  33.0  84.9 121.8  93.6 203.9 160.1  32.3 189.8  61.8  91.9
0.18 198.0 121.3 153.8 188.2 113.3 191.0 128.7 216.6 138.6  86.5 125.7 135.4  90.7 134.8 129.7 117.4 141.0 139.7 122.0  64.6 164.1 184.0   0.0 227.1 163.5 148.4 173.3  96.6 173.2  39.5 175.1 131.3 145.8 114.7
0.19 104.6 152.0 193.7  67.2 118.3  77.7 163.2  50.8  88.5 141.9 115.0 142.5 153.3 183.5 110.8 127.2 132.4  88.4 105.2 196.8 185.5  65.6 227.1   0.0  98.4  89.1 103.7 130.6 192.8 195.5  53.8 192.7  81.9 153.7
0.41 155.7 148.8 203.7  33.1  56.6  29.4 164.3 126.0  62.8  82.7  39.1 148.6  73.9 185.9 105.7 116.1  35.1  73.6  65.2 161.8 202.2  33.0 163.5  98.4   0.0  96.3 138.1  83.6 212.3 145.4  55.6 191.9  70.8  61.2
0.32  65.5  64.7 114.0  90.8  65.5 102.4  78.0  68.2  35.1  74.4  77.7  58.4 100.1  99.6  21.8  38.2 112.6  24.1  44.0 108.8 109.6  84.9 148.4  89.1  96.3   0.0  43.4  58.1 119.0 112.4  54.7 107.9  25.5 117.3
0.88  25.3  60.9  90.8 127.5 108.0 139.9  66.3  61.5  78.4 112.2 121.1  47.0 140.7  83.6  48.4  56.4 156.0  67.5  86.7 120.7  81.8 121.8 173.3 103.7 138.1  43.4   0.0  95.5  89.2 134.3  89.6  93.4  68.2 160.0
0.81 120.2  74.5 129.4  98.7  27.5 105.0  90.0 124.0  42.0  16.7  46.5  80.3  46.7 109.5  47.2  46.2  80.0  43.8  25.9  78.7 131.5  93.6  96.6 130.6  83.6  58.1  95.5   0.0 142.2  67.2  79.2 113.7  49.6  71.6
0.46  93.7  67.8  20.0 209.9 166.2 221.3  52.8 147.8 149.7 155.4 184.1  64.0 186.7  38.7 106.6  98.1 220.1 139.2 149.2 108.6  10.7 203.9 173.2 192.8 212.3 119.0  89.2 142.2   0.0 137.3 173.2  42.3 143.1 213.6
0.43 158.9  82.0 118.7 165.0  90.0 170.1  90.3 180.3 108.2  62.8 106.3  96.0  80.1  98.7  92.5  79.0 130.4 107.2  92.9  31.1 127.7 160.1  39.5 195.5 145.4 112.4 134.3  67.2 137.3   0.0 146.0  96.7 113.6 109.0
0.50 103.3 118.3 168.7  37.9  64.6  50.5 132.3  70.5  37.8  89.0  62.1 113.1  99.7 154.1  72.7  87.9  85.0  41.8  53.3 151.8 164.0  32.3 175.1  53.8  55.6  54.7  89.6  79.2 173.2 146.0   0.0 162.0  35.5 102.5
0.20 107.9  44.0  22.5 195.8 140.1 205.9  29.9 154.8 131.7 124.3 159.0  50.4 154.5   9.9  89.7  76.3 193.6 122.8 126.8  66.9  34.5 189.8 131.3 192.7 191.9 107.9  93.4 113.7  42.3  96.7 162.0   0.0 128.1 183.0
0.45  88.4  84.1 136.6  67.8  46.3  78.6  98.7  76.9  11.5  63.1  54.7  80.6  83.1 120.6  38.4  52.8  88.3   6.6  26.6 117.0 133.4  61.8 145.8  81.9  70.8  25.5  68.2  49.6 143.1 113.6  35.5 128.1   0.0  96.0
0.69 182.8 145.9 200.2  93.5  52.1  90.4 161.2 169.3  84.5  58.8  42.0 151.7  29.6 179.8 114.9 117.3  28.8  94.3  73.4 134.2 203.0  91.9 114.7 153.7  61.2 117.3 160.0  71.6 213.6 109.0 102.5 183.0  96.0   0.0
