54
10
0.29   0.0  32.2  23.7 175.7  77.9 136.9  65.8  94.8  65.6  79.8  33.5  64.1  96.7  63.0  82.5 152.2  97.6  31.3  76.0 144.4  73.2  64.1 117.3 157.6 108.4  70.7  35.6  55.4 167.5  33.3  12.0  71.2  67.6  81.0 165.3  70.2   8.7 136.9 140.9 122.0 147.6  32.2 184.2  93.6 165.4  37.4  90.2  10.2 202.2  93.2  82.9  90.0  78.8  28.5
0.35  32.2   0.0  30.1 201.1  45.8 168.3  56.4 122.4  95.6  71.6  16.9  31.9 101.1  91.5 107.6 177.9 110.2  34.9  47.5 171.3  67.9  85.5 134.6 162.4 131.0  39.7   6.3  85.0 192.7  13.9  34.8  68.3  92.4 113.1 180.6  98.2  30.8 137.4 169.9 113.8 149.5  63.0 211.7  99.8 162.3  69.5 122.2  25.4 229.0  93.8  90.7 121.2  68.8  59.9
0.71  23.7  30.1   0.0 197.9  69.3 153.5  80.9 116.3  85.6  95.9  42.0  57.4 118.1  64.5 105.3 174.4 120.9   7.7  77.4 165.9  90.5  87.8 141.0 179.5 131.7  68.4  29.0  76.3 189.8  20.9  14.5  89.5  63.2  95.6 189.0  91.8  15.2 157.4 161.1 138.7 168.6  52.6 205.2 115.5 184.6  51.2 105.4  28.0 223.7 113.3 105.0 107.6  94.0  48.4
0.20 175.7 201.1 197.9   0.0 241.7  82.1 176.4  82.0 113.9 173.3 189.3 227.8 136.1 171.0  93.6  23.5 109.7 204.4 221.1  33.8 167.0 116.1  81.2 131.3  71.5 225.7 206.7 122.0   8.5 207.8 183.5 161.8 186.9 120.4  75.2 106.2 183.2 147.7  48.7 178.4 143.0 145.4  25.0 131.7 170.6 152.2 112.3 177.3  30.9 148.6 131.4 101.3 177.7 149.8
0.39  77.9  45.8  69.3 241.7   0.0 213.9  74.6 165.8 140.7  86.6  52.9  14.3 125.6 133.7 149.5 219.0 142.0  69.9  32.6 213.6  87.5 125.8 169.4 182.6 170.4  19.9  42.7 129.9 233.3  48.5  78.7  90.5 131.7 158.9 211.8 142.2  75.4 154.0 213.8 121.1 167.0 108.6 254.3 126.2 172.4 115.1 168.0  70.9 270.6 115.0 119.9 166.7  82.1 105.6
0.61 136.9 168.3 153.5  82.1 213.9   0.0 168.2  59.4  73.8 172.3 162.7 199.6 149.2 106.1  79.0  68.1 124.0 157.9 203.5  55.3 164.0 101.5 108.2 176.0  82.5 203.0 172.4  84.6  78.6 169.8 139.9 158.7 120.7  58.5 135.4  75.7 141.6 179.0  35.3 195.6 180.4 105.3  71.6 143.5 208.9 102.3  48.5 143.0  91.4 158.4 136.8  47.1 175.3 108.5
0.33  65.8  56.4  80.9 176.4  74.6 168.2   0.0 111.2  97.1  15.2  40.0  63.8  51.1 125.8  91.8 155.3  69.8  87.7  46.5 152.7  13.0  67.4  98.6 109.3 105.6  55.1  61.9  87.4 168.0  70.2  76.5  16.2 132.7 124.8 138.0  92.6  71.8  82.3 157.9  57.9  94.9  77.0 192.7  52.0 105.9  92.8 131.1  56.1 206.8  40.7  47.0 124.2  13.2  77.0
0.27  94.8 122.4 116.3  82.0 165.8  59.4 111.2   0.0  32.1 113.8 113.0 151.6  90.0  93.7  19.8  58.6  65.8 122.6 150.4  49.7 105.7  43.8  56.5 123.9  31.1 152.1 127.6  40.1  74.1 127.6 101.8 100.3 109.5  48.1  97.3  24.6 101.8 122.2  48.1 136.3 125.3  63.6  89.5  84.3 153.1  70.6  44.7  97.6 107.5  98.9  77.4  30.9 117.1  67.9
0.57  65.6  95.6  85.6 113.9 140.7  73.8  97.1  32.1   0.0 103.8  88.9 126.4  91.9  64.2  30.4  90.6  74.4  91.5 129.7  81.0  95.3  36.7  77.2 138.8  56.8 129.2 100.2  10.8 106.1  98.8  71.2  90.3  79.5  30.5 123.3  12.2  71.8 130.2  75.5 135.0 136.2  33.4 119.6  86.4 161.8  38.5  34.6  70.2 138.4  97.2  76.6  27.4 106.0  37.4
0.89  79.8  71.6  95.9 173.3  86.6 172.3  15.2 113.8 103.8   0.0  55.3  77.0  41.4 138.2  94.1 153.2  64.2 102.8  56.1 151.9   8.5  70.9  93.4  96.1 104.0  66.7  77.1  94.8 165.1  85.4  90.9  13.7 145.9 132.9 129.2  97.8  86.3  68.1 159.0  42.8  80.9  87.6 191.1  43.7  90.8 104.2 138.3  70.4 204.0  29.3  41.9 130.2   4.8  88.2
0.69  33.5  16.9  42.0 189.3  52.9 162.7  40.0 113.0  88.9  55.3   0.0  38.7  84.3  96.5  96.6 166.4  94.5  48.3  43.1 160.7  51.2  73.2 119.9 145.5 118.4  40.3  23.0  78.1 180.9  30.4  41.1  51.4 100.0 110.2 165.1  89.6  36.4 120.5 161.0  97.9 132.6  58.7 201.4  83.1 145.7  69.2 118.6  23.6 217.9  76.9  74.4 115.7  52.8  56.6
0.75  64.1  31.9  57.4 227.8  14.3 199.6  63.8 151.6 126.4  77.0  38.7   0.0 114.5 121.5 135.3 205.0 129.5  59.1  28.6 199.4  76.8 111.8 156.4 172.9 156.6  14.9  29.5 115.6 219.4  36.5  65.7  79.4 120.5 144.9 199.7 127.9  62.1 145.0 199.5 114.3 157.9  94.5 240.1 114.7 165.3 101.4 153.9  56.8 256.6 104.5 107.7 152.5  72.8  91.5
0.60  96.7 101.1 118.1 136.1 125.6 149.2  51.1  90.0  91.9  41.4  84.3 114.5   0.0 142.9  71.2 117.8  27.2 125.7  96.8 118.7  38.3  55.2  54.8  61.6  71.3 106.2 107.3  86.2 128.1 113.8 108.6  35.1 154.2 122.4  87.8  82.0 104.9  41.2 129.3  46.6  51.0  89.8 155.8   5.7  71.9 107.5 125.0  90.0 166.9  12.8  15.8 113.9  46.1  92.3
0.41  63.0  91.5  64.5 171.0 133.7 106.1 125.8  93.7  64.2 138.2  96.5 121.5 142.9   0.0  94.4 148.9 132.7  64.9 138.2 137.3 130.5  92.0 140.7 197.9 121.0 131.1  92.3  62.6 164.2  85.2  56.7 127.1  15.9  51.0 187.5  76.1  61.1 183.9 125.5 178.0 192.2  53.2 170.8 138.3 214.8  35.5  60.2  73.2 190.8 143.8 127.2  69.8 138.2  51.2
0.79  82.5 107.6 105.3  93.6 149.5  79.0  91.8  19.8  30.4  94.1  96.6 135.3  71.2  94.4   0.0  70.3  48.7 112.2 132.2  64.1  86.0  24.7  46.9 110.6  27.6 134.8 113.1  33.2  85.3 114.2  91.1  80.6 109.4  56.8  93.1  18.3  90.3 105.6  66.3 117.2 109.9  54.1 104.8  65.5 137.0  65.4  56.6  83.7 121.5  79.6  58.0  43.9  97.4  58.5
0.60 152.2 177.9 174.4  23.5 219.0  68.1 155.3  58.6  90.6 153.2 166.4 205.0 117.8 148.9  70.3   0.0  90.8 180.9 199.2  13.3 146.4  93.2  63.9 122.2  49.7 203.4 183.5  98.6  15.5 184.4 160.0 141.2 164.8  98.8  71.6  82.7 159.7 134.4  32.8 161.9 131.5 121.9  38.1 113.1 160.0 129.0  91.4 154.0  51.8 129.9 111.5  79.5 157.4 126.3
0.87  97.6 110.2 120.9 109.7 142.0 124.0  69.8  65.8  74.4  64.2  94.5 129.5  27.2 132.7  48.7  90.8   0.0 128.6 116.2  91.5  58.7  40.7  29.1  65.2  44.3 123.6 116.5  71.5 101.6 121.3 109.1  54.0 145.8 104.0  70.5  63.1 106.3  56.9 102.5  73.1  61.8  81.8 128.9  22.3  88.3  98.5 105.0  93.5 140.5  39.2  22.9  92.6  68.8  85.3
0.26  31.3  34.9   7.7 204.4  69.9 157.9  87.7 122.6  91.5 102.8  48.3  59.1 125.7  64.9 112.2 180.9 128.6   0.0  81.2 172.2  97.7  95.2 148.5 187.2 138.8  71.2  32.4  82.5 196.3  23.3  21.1  96.8  61.8  99.7 196.6  98.2  22.7 164.9 166.7 145.6 176.2  59.0 211.1 123.2 192.0  55.8 109.6  35.8 229.8 120.8 112.8 112.6 100.8  54.6
0.78  76.0  47.5  77.4 221.1  32.6 203.5  46.5 150.4 129.7  56.1  43.1  28.6  96.8 138.2 132.2 199.2 116.2  81.2   0.0 195.4  58.6 107.5 144.8 151.4 149.7  13.9  48.8 119.1 212.6  58.0  81.5  62.6 139.9 152.8 184.3 128.6  77.1 122.2 198.3  88.6 135.3 101.3 235.9  98.2 139.9 112.3 160.9  66.4 251.0  85.3  93.5 157.0  51.5  99.4
0.84 144.4 171.3 165.9  33.8 213.6  55.3 152.7  49.7  81.0 151.9 160.7 199.4 118.7 137.3  64.1  13.3  91.5 172.2 195.4   0.0 144.7  88.2  66.9 129.4  48.0 198.6 176.7  89.7  27.1 177.0 151.4 139.3 153.2  86.8  82.1  74.2 151.5 139.1  20.0 164.1 137.4 113.3  40.7 113.7 166.1 119.0  78.9 146.8  57.9 130.4 110.8  67.6 155.8 117.6
0.69  73.2  67.9  90.5 167.0  87.5 164.0  13.0 105.7  95.3   8.5  51.2  76.8  38.3 130.5  86.0 146.4  58.7  97.7  58.6 144.7   0.0  62.6  87.8  96.4  97.0  67.9  73.7  86.3 158.7  81.6  84.6   5.4 138.6 124.4 125.7  89.3  80.1  69.8 151.3  48.8  82.2  79.4 184.2  39.6  94.6  96.2 129.8  64.2 197.6  27.7  36.0 121.7  11.3  80.2
0.38  64.1  85.5  87.8 116.1 125.8 101.5  67.4  43.8  36.7  70.9  73.2 111.8  55.2  92.0  24.7  93.2  40.7  95.2 107.5  88.2  62.6   0.0  53.8 105.9  45.5 110.5  91.3  31.4 107.6  93.5  74.4  57.2 105.3  67.2 102.2  27.8  72.6  94.3  91.1  98.6 101.2  42.1 128.9  49.8 125.9  58.0  70.5  63.2 144.9  60.8  39.9  60.5  73.8  46.0
0.20 117.3 134.6 141.0  81.2 169.4 108.2  98.6  56.5  77.2  93.4 119.9 156.4  54.8 140.7  46.9  63.9  29.1 148.5 144.8  66.9  87.8  53.8   0.0  68.2  26.3 151.5 140.8  78.3  73.3 144.5 127.9  83.0 155.3 102.6  48.4  65.1 125.9  72.6  81.1  98.1  72.4  95.2 101.6  50.7 101.1 109.5 100.8 115.1 112.1  67.4  51.8  87.1  97.9  99.3
0.26 157.6 162.4 179.5 131.3 182.6 176.0 109.3 123.9 138.8  96.1 145.5 172.9  61.6 197.9 110.6 122.2  65.2 187.2 151.4 129.4  96.4 105.9  68.2   0.0  94.5 162.7 168.5 136.6 125.6 175.3 169.5  94.7 210.8 167.3  58.7 127.0 166.0  30.3 146.5  69.8  17.9 146.3 155.7  64.0  39.9 163.3 166.9 151.5 159.6  69.0  74.8 153.7 100.5 149.5
0.61 108.4 131.0 131.7  71.5 170.4  82.5 105.6  31.1  56.8 104.0 118.4 156.6  71.3 121.0  27.6  49.7  44.3 138.8 149.7  48.0  97.0  45.5  26.3  94.5   0.0 154.2 136.9  60.7  63.1 138.9 117.7  91.7 136.3  78.8  67.0  45.3 116.6  96.8  58.2 117.4  97.9  81.4  87.2  66.1 126.4  93.0  75.9 108.5 101.4  82.6  62.8  62.0 108.1  85.8
0.17  70.7  39.7  68.4 225.7  19.9 203.0  55.1 152.1 129.2  66.7  40.3  14.9 106.2 131.1 134.8 203.4 123.6  71.2  13.9 198.6  67.9 110.5 151.5 162.7 154.2   0.0  39.4 118.4 217.2  47.9  74.5  71.2 131.5 150.2 192.9 129.3  70.4 134.1 200.2 101.6 147.1  98.8 239.4 107.0 152.8 107.9 158.7  62.0 255.1  95.3 101.2 156.0  62.2  96.4
0.73  35.6   6.3  29.0 206.7  42.7 172.4  61.9 127.6 100.2  77.1  23.0  29.5 107.3  92.3 113.1 183.5 116.5  32.4  48.8 176.7  73.7  91.3 140.8 168.5 136.9  39.4   0.0  89.7 198.3   9.5  36.2  74.3  92.1 116.5 186.9 103.3  32.7 143.3 174.8 119.1 155.5  67.2 217.1 106.0 167.9  72.4 125.8  30.1 234.4  99.8  97.0 125.4  74.1  63.9
0.20  55.4  85.0  76.3 122.0 129.9  84.6  87.4  40.1  10.8  94.8  78.1 115.6  86.2  62.6  33.2  98.6  71.5  82.5 119.1  89.7  86.3  31.4  78.3 136.6  60.7 118.4  89.7   0.0 114.1  88.6  61.8  81.5  77.0  38.1 125.7  16.2  62.0 125.7  85.5 127.7 132.6  23.6 129.0  80.9 157.3  32.3  43.8  59.6 147.4  90.4  70.6  38.0  96.7  27.9
0.44 167.5 192.7 189.8   8.5 233.3  78.6 168.0  74.1 106.1 165.1 180.9 219.4 128.1 164.2  85.3  15.5 101.6 196.3 212.6  27.1 158.7 107.6  73.3 125.6  63.1 217.2 198.3 114.1   0.0 199.5 175.4 153.5 180.0 113.8  70.8  98.1 175.0 140.8  44.1 170.8 136.6 137.4  30.1 123.7 164.5 144.5 106.0 169.0  39.0 140.5 123.2  94.6 169.4 141.7
0.23  33.3  13.9  20.9 207.8  48.5 169.8  70.2 127.6  98.8  85.4  30.4  36.5 113.8  85.2 114.2 184.4 121.3  23.3  58.0 177.0  81.6  93.5 144.5 175.3 138.9  47.9   9.5  88.6 199.5   0.0  30.8  81.7  84.1 112.9 191.3 103.0  28.2 150.8 174.1 127.7 162.8  65.4 217.1 112.2 176.0  68.3 122.4  30.5 234.9 107.0 102.7 123.0  82.7  61.7
0.70  12.0  34.8  14.5 183.5  78.7 139.9  76.5 101.8  71.2  90.9  41.1  65.7 108.6  56.7  91.1 160.0 109.1  21.1  81.5 151.4  84.6  74.4 127.9 169.5 117.7  74.5  36.2  61.8 175.4  30.8   0.0  82.7  59.0  82.4 176.1  77.3   4.8 148.9 146.6 133.3 159.5  38.1 190.7 105.6 177.2  37.8  92.1  20.4 209.2 105.1  94.8  93.6  89.6  33.9
0.15  71.2  68.3  89.5 161.8  90.5 158.7  16.2 100.3  90.3  13.7  51.4  79.4  35.1 127.1  80.6 141.2  54.0  96.8  62.6 139.3   5.4  57.2  83.0  94.7  91.7  71.2  74.3  81.5 153.5  81.7  82.7   0.0 135.7 119.6 121.8  84.1  78.4  69.1 145.9  51.3  81.2  75.5 178.9  35.8  95.2  92.5 124.8  62.6 192.4  25.7  31.2 116.5  16.8  76.4
0.20  67.6  92.4  63.2 186.9 131.7 120.7 132.7 109.5  79.5 145.9 100.0 120.5 154.2  15.9 109.4 164.8 145.8  61.8 139.9 153.2 138.6 105.3 155.3 210.8 136.3 131.5  92.1  77.0 180.0  84.1  59.0 135.7   0.0  66.8 202.5  91.1  63.7 195.4 141.1 186.9 204.3  64.7 186.4 149.9 225.9  47.4  75.7  77.8 206.4 154.1 138.7  85.6 145.5  61.9
0.67  81.0 113.1  95.6 120.4 158.9  58.5 124.8  48.1  30.5 132.9 110.2 144.9 122.4  51.0  56.8  98.8 104.0  99.7 152.8  86.8 124.4  67.2 102.6 167.3  78.8 150.2 116.5  38.1 113.8 112.9  82.4 119.6  66.8   0.0 145.4  41.0  84.7 160.3  74.5 165.4 165.8  51.5 119.8 116.9 191.9  44.6  10.0  88.4 139.8 127.7 107.1  19.3 134.7  53.8
0.56 165.3 180.6 189.0  75.2 211.8 135.4 138.0  97.3 123.3 129.2 165.1 199.7  87.8 187.5  93.1  71.6  70.5 196.6 184.3  82.1 125.7 102.2  48.4  58.7  67.0 192.9 186.9 125.7  70.8 191.3 176.1 121.8 202.5 145.4   0.0 111.4 173.9  81.5 101.6 118.6  73.4 143.5 100.2  86.1  98.5 157.4 141.6 162.5 101.8 100.1  92.0 127.8 133.9 147.6
0.74  70.2  98.2  91.8 106.2 142.2  75.7  92.6  24.6  12.2  97.8  89.6 127.9  82.0  76.1  18.3  82.7  63.1  98.2 128.6  74.2  89.3  27.8  65.1 127.0  45.3 129.3 103.3  16.2  98.1 103.0  77.3  84.1  91.1  41.0 111.4   0.0  77.3 119.4  71.6 126.3 124.9  39.3 114.1  76.4 151.0  48.1  43.0  73.2 132.1  88.4  67.2  32.7 100.3  43.6
0.46   8.7  30.8  15.2 183.2  75.4 141.6  71.8 101.8  71.8  86.3  36.4  62.1 104.9  61.1  90.3 159.7 106.3  22.7  77.1 151.5  80.1  72.6 125.9 166.0 116.6  70.4  32.7  62.0 175.0  28.2   4.8  78.4  63.7  84.7 173.9  77.3   0.0 145.0 147.3 128.9 155.8  38.4 191.0 102.0 173.1  40.1  94.2  15.9 209.3 101.1  91.3  95.1  85.0  34.3
0.86 136.9 137.4 157.4 147.7 154.0 179.0  82.3 122.2 130.2  68.1 120.5 145.0  41.2 183.9 105.6 134.4  56.9 164.9 122.2 139.1  69.8  94.3  72.6  30.3  96.8 134.1 143.3 125.7 140.8 150.8 148.9  69.1 195.4 160.3  81.5 119.4 145.0   0.0 153.7  39.6  13.1 130.9 170.7  45.6  31.6 148.5 161.7 129.6 177.6  44.1  56.8 149.5  72.2 133.5
0.22 140.9 169.9 161.1  48.7 213.8  35.3 157.9  48.1  75.5 159.0 161.0 199.5 129.3 125.5  66.3  32.8 102.5 166.7 198.3  20.0 151.3  91.1  81.1 146.5  58.2 200.2 174.8  85.5  44.1 174.1 146.6 145.9 141.1  74.5 101.6  71.6 147.3 153.7   0.0 175.6 153.1 108.9  45.5 124.0 182.0 111.8  65.5 144.7  65.3 140.2 119.5  56.4 162.6 113.0
0.56 122.0 113.8 138.7 178.4 121.1 195.6  57.9 136.3 135.0  42.8  97.9 114.3  46.6 178.0 117.2 161.9  73.1 145.6  88.6 164.1  48.8  98.6  98.1  69.8 117.4 101.6 119.1 127.7 170.8 127.7 133.3  51.3 186.9 165.4 118.6 126.3 128.9  39.6 175.6   0.0  51.9 125.6 199.6  52.2  51.3 143.0 169.1 113.0 209.0  37.9  59.4 158.8  45.1 127.0
0.30 147.6 149.5 168.6 143.0 167.0 180.4  94.9 125.3 136.2  80.9 132.6 157.9  51.0 192.2 109.9 131.5  61.8 176.2 135.3 137.4  82.2 101.2  72.4  17.9  97.9 147.1 155.5 132.6 136.6 162.8 159.5  81.2 204.3 165.8  73.4 124.9 155.8  13.1 153.1  51.9   0.0 139.6 166.7  54.7  28.8 157.1 166.5 140.7 172.2  55.8  65.8 153.8  85.1 142.4
0.81  32.2  63.0  52.6 145.4 108.6 105.3  77.0  63.6  33.4  87.6  58.7  94.5  89.8  53.2  54.1 121.9  81.8  59.0 101.3 113.3  79.4  42.1  95.2 146.3  81.4  98.8  67.2  23.6 137.4  65.4  38.1  75.5  64.7  51.5 143.5  39.3  38.4 130.9 108.9 125.6 139.6   0.0 152.7  85.3 161.7  17.7  59.9  37.7 171.0  90.7  74.1  58.2  88.4   4.4
0.18 184.2 211.7 205.2  25.0 254.3  71.6 192.7  89.5 119.6 191.1 201.4 240.1 155.8 170.8 104.8  38.1 128.9 211.1 235.9  40.7 184.2 128.9 101.6 155.7  87.2 239.4 217.1 129.0  30.1 217.1 190.7 178.9 186.4 119.8 100.2 114.1 191.0 170.7  45.5 199.6 166.7 152.7   0.0 151.1 194.6 156.8 110.6 187.1  20.2 168.0 149.5 101.9 195.2 156.8
0.25  93.6  99.8 115.5 131.7 126.2 143.5  52.0  84.3  86.4  43.7  83.1 114.7   5.7 138.3  65.5 113.1  22.3 123.2  98.2 113.7  39.6  49.8  50.7  64.0  66.1 107.0 106.0  80.9 123.7 112.2 105.6  35.8 149.9 116.9  86.1  76.4 102.0  45.6 124.0  52.2  54.7  85.3 151.1   0.0  76.7 102.9 119.4  87.4 162.6  16.9  11.2 108.2  48.4  88.0
0.11 165.4 162.3 184.6 170.6 172.4 208.9 105.9 153.1 161.8  90.8 145.7 165.3  71.9 214.8 137.0 160.0  88.3 192.0 139.9 166.1  94.6 125.9 101.1  39.9 126.4 152.8 167.9 157.3 164.5 176.0 177.2  95.2 225.9 191.9  98.5 151.0 173.1  31.6 182.0  51.3  28.8 161.7 194.6  76.7   0.0 179.4 193.2 157.4 199.3  72.3  87.7 180.9  94.1 164.0
0.20  37.4  69.5  51.2 152.2 115.1 102.3  92.8  70.6  38.5 104.2  69.2 101.4 107.5  35.5  65.4 129.0  98.5  55.8 112.3 119.0  96.2  58.0 109.5 163.3  93.0 107.9  72.4  32.3 144.5  68.3  37.8  92.5  47.4  44.6 157.4  48.1  40.1 148.5 111.8 143.0 157.1  17.7 156.8 102.9 179.4   0.0  54.3  46.0 175.9 108.4  91.8  56.8 104.7  16.1
0.89  90.2 122.2 105.4 112.3 168.0  48.5 131.1  44.7  34.6 138.3 118.6 153.9 125.0  60.2  56.6  91.4 105.0 109.6 160.9  78.9 129.8  70.5 100.8 166.9  75.9 158.7 125.8  43.8 106.0 122.4  92.1 124.8  75.7  10.0 141.6  43.0  94.2 161.7  65.5 169.1 166.5  59.9 110.6 119.4 193.2  54.3   0.0  97.2 130.7 131.2 110.2  13.9 140.4  62.5
0.22  10.2  25.4  28.0 177.3  70.9 143.0  56.1  97.6  70.2  70.4  23.6  56.8  90.0  73.2  83.7 154.0  93.5  35.8  66.4 146.8  64.2  63.2 115.1 151.5 108.5  62.0  30.1  59.6 169.0  30.5  20.4  62.6  77.8  88.4 162.5  73.2  15.9 129.6 144.7 113.0 140.7  37.7 187.1  87.4 157.4  46.0  97.2   0.0 204.7  85.6  77.0  95.9  69.2  34.8
0.73 202.2 229.0 223.7  30.9 270.6  91.4 206.8 107.5 138.4 204.0 217.9 256.6 166.9 190.8 121.5  51.8 140.5 229.8 251.0  57.9 197.6 144.9 112.1 159.6 101.4 255.1 234.4 147.4  39.0 234.9 209.2 192.4 206.4 139.8 101.8 132.1 209.3 177.6  65.3 209.0 172.2 171.0  20.2 162.6 199.3 175.9 130.7 204.7   0.0 179.5 162.1 121.6 208.3 175.3
0.16  93.2  93.8 113.3 148.6 115.0 158.4  40.7  98.9  97.2  29.3  76.9 104.5  12.8 143.8  79.6 129.9  39.2 120.8  85.3 130.4  27.7  60.8  67.4  69.0  82.6  95.3  99.8  90.4 140.5 107.0 105.1  25.7 154.1 127.7 100.1  88.4 101.1  44.1 140.2  37.9  55.8  90.7 168.0  16.9  72.3 108.4 131.2  85.6 179.5   0.0  21.6 120.9  34.1  92.7
0.44  82.9  90.7 105.0 131.4 119.9 136.8  47.0  77.4  76.6  41.9  74.4 107.7  15.8 127.2  58.0 111.5  22.9 112.8  93.5 110.8  36.0  39.9  51.8  74.8  62.8 101.2  97.0  70.6 123.2 102.7  94.8  31.2 138.7 107.1  92.0  67.2  91.3  56.8 119.5  59.4  65.8  74.1 149.5  11.2  87.7  91.8 110.2  77.0 162.1  21.6   0.0  99.5  46.3  76.8
0.72  90.0 121.2 107.6 101.3 166.7  47.1 124.2  30.9  27.4 130.2 115.7 152.5 113.9  69.8  43.9  79.5  92.6 112.6 157.0  67.6 121.7  60.5  87.1 153.7  62.0 156.0 125.4  38.0  94.6 123.0  93.6 116.5  85.6  19.3 127.8  32.7  95.1 149.5  56.4 158.8 153.8  58.2 101.9 108.2 180.9  56.8  13.9  95.9 121.6 120.9  99.5   0.0 132.6  61.5
0.70  78.8  68.8  94.0 177.7  82.1 175.3  13.2 117.1 106.0   4.8  52.8  72.8  46.1 138.2  97.4 157.4  68.8 100.8  51.5 155.8  11.3  73.8  97.9 100.5 108.1  62.2  74.1  96.7 169.4  82.7  89.6  16.8 145.5 134.7 133.9 100.3  85.0  72.2 162.6  45.1  85.1  88.4 195.2  48.4  94.1 104.7 140.4  69.2 208.3  34.1  46.3 132.6   0.0  88.8
0.44  28.5  59.9  48.4 149.8 105.6 108.5  77.0  67.9  37.4  88.2  56.6  91.5  92.3  51.2  58.5 126.3  85.3  54.6  99.4 117.6  80.2  46.0  99.3 149.5  85.8  96.4  63.9  27.9 141.7  61.7  33.9  76.4  61.9  53.8 147.6  43.6  34.3 133.5 113.0 127.0 142.4   4.4 156.8  88.0 164.0  16.1  62.5  34.8 175.3  92.7  76.8  61.5  88.8   0.0
