38
7
0.13   0.0 128.9 145.6 166.0  32.2 151.0 177.7 181.8  49.2   7.6 197.0 195.8  49.0  60.6 220.1 219.5  94.7  48.3  73.2 128.6 139.1 228.0  50.4  72.8 181.6  60.9  75.8 136.5 129.6 170.6 149.3 125.1 125.6 181.7 145.5 138.8 149.2 173.4
0.50 128.9   0.0  45.4  46.8 124.0  75.2  91.2  67.0 124.1 124.6 113.7  72.2 106.2  68.8  92.6  92.7  51.5  98.1  92.1  53.0 135.0 117.5 102.5  65.4  75.3  87.2 124.6 102.7  73.3 123.3  51.1   3.8  62.4 103.1 106.0 135.2  23.1  55.2
0.30 145.6  45.4   0.0  80.3 150.0  31.8 132.7  99.6 154.5 143.3 154.4  55.3 136.8  87.5 103.7 105.6  91.5 103.2 128.7  22.3 179.3 146.7 133.2  98.6 111.7  89.8 160.9 147.8  39.7 168.4  94.0  45.8  32.0  57.7 151.3 179.5  57.0  87.6
0.13 166.0  46.8  80.3   0.0 154.0 112.1  55.7  20.3 149.4 160.5  75.6  72.2 133.0 109.2  57.4  55.7  73.9 142.0 112.0  95.4 129.1  70.6 129.3  94.7  31.4 132.3 141.7  93.2 116.1 100.9  28.0  50.0 105.8 133.4  92.4 129.5  24.9   8.4
0.71  32.2 124.0 150.0 154.0   0.0 161.7 156.4 167.3  17.1  25.2 174.0 194.9  22.5  62.9 210.5 209.3  80.1  68.6  48.0 136.7 108.1 210.2  25.6  59.9 164.7  77.9  43.8 109.4 142.4 143.0 133.3 120.5 136.2 193.9 118.4 107.8 141.2 160.5
0.17 151.0  75.2  31.8 112.1 161.7   0.0 164.3 131.2 169.1 150.3 186.2  74.7 152.2  99.3 130.5 133.0 115.5 104.1 148.8  26.9 205.6 177.5 149.0 118.0 143.5  90.7 179.6 175.9  22.6 198.4 125.2  74.8  25.6  32.6 180.1 205.8  88.8 119.2
0.70 177.7  91.2 132.7  55.7 156.4 164.3   0.0  44.1 146.2 170.8  22.8 126.7 133.9 132.3  92.5  88.7  85.7 168.3 108.5 144.0  92.1  58.2 131.0 106.5  29.2 162.0 129.2  59.6 164.4  50.7  40.3  92.8 153.6 188.1  53.9  92.7  75.9  51.8
0.24 181.8  67.0  99.6  20.3 167.3 131.2  44.1   0.0 161.1 175.9  60.4  83.6 145.5 126.8  51.7  48.6  87.7 160.6 122.9 115.5 128.7  50.6 142.0 109.3  15.2 151.4 150.4  93.2 136.1  93.7  34.4  70.0 125.9 150.9  90.4 129.2  45.1  12.2
0.31  49.2 124.1 154.5 149.4  17.1 169.1 146.2 161.1   0.0  42.2 162.5 196.1  18.0  69.9 206.6 205.1  76.2  82.2  38.5 143.2  91.7 201.6  21.7  58.7 157.0  90.0  26.9  95.8 151.0 128.8 126.7 120.8 143.9 201.6 104.8  91.4 139.2 155.3
0.54   7.6 124.6 143.3 160.5  25.2 150.3 170.8 175.9  42.2   0.0 189.9 192.5  41.4  57.0 215.1 214.4  88.4  49.6  65.8 127.1 131.5 221.7  42.8  66.6 175.3  61.3  68.5 129.0 129.4 163.1 143.1 120.8 124.8 181.5 138.0 131.3 144.3 167.7
0.62 197.0 113.7 154.4  75.6 174.0 186.2  22.8  60.4 162.5 189.9   0.0 144.0 151.6 154.1 102.3  98.2 107.0 190.1 126.0 166.5  96.9  54.2 148.9 127.2  45.4 184.3 143.2  69.8 186.9  48.9  63.0 115.5 176.1 208.9  62.1  97.5  97.4  70.3
0.13 195.8  72.2  55.3  72.2 194.9  74.7 126.7  83.6 196.1 192.5 144.0   0.0 178.1 135.5  60.4  63.9 123.0 156.7 164.0  77.4 198.0 117.4 174.4 137.4  98.8 143.6 196.4 162.7  91.9 173.1  98.0  75.3  86.4  79.1 163.1 198.3  63.2  75.0
0.68  49.0 106.2 136.8 133.0  22.5 152.2 133.9 145.5  18.0  41.4 151.6 178.1   0.0  53.4 189.9 188.5  59.3  71.0  25.6 126.0  90.9 187.8   3.8  40.9 142.5  76.9  32.5  88.1 134.6 122.0 111.4 102.9 127.1 184.7  97.1  90.6 121.8 139.2
0.81  60.6  68.8  87.5 109.2  62.9  99.3 132.3 126.8  69.9  57.0 154.1 135.5  53.4   0.0 161.0 160.7  47.4  36.0  57.0  73.8 126.4 175.8  50.5  31.3 129.5  32.3  83.5 108.5  81.2 140.7  97.5  65.0  74.0 131.7 116.2 126.4  90.1 117.1
0.78 220.1  92.6 103.7  57.4 210.5 130.5  92.5  51.7 206.6 215.1 102.3  60.4 189.9 161.0   0.0   4.4 130.7 190.5 169.4 124.9 180.4  61.6 186.2 150.7  64.1 179.0 198.9 144.8 143.3 143.2  83.3  96.4 135.3 139.3 141.9 180.8  71.0  52.6
0.73 219.5  92.7 105.6  55.7 209.3 133.0  88.7  48.6 205.1 214.4  98.2  63.9 188.5 160.7   4.4   0.0 129.3 190.7 167.6 126.6 177.2  57.3 184.9 149.6  60.6 179.4 196.9 141.7 145.3 139.4  80.9  96.5 137.0 142.6 138.6 177.6  70.6  50.4
0.52  94.7  51.5  91.5  73.9  80.1 115.5  85.7  87.7  76.2  88.4 107.0 123.0  59.3  47.4 130.7 129.3   0.0  83.3  41.1  89.0  90.7 133.4  55.6  21.8  86.9  78.8  73.4  65.1 104.8  95.1  54.7  49.0  94.6 146.9  71.7  90.8  63.3  80.4
0.86  48.3  98.1 103.2 142.0  68.6 104.1 168.3 160.6  82.2  49.6 190.1 156.7  71.0  36.0 190.5 190.7  83.3   0.0  84.8  83.8 156.3 210.3  69.7  65.4 164.4  13.6 103.5 142.3  82.2 175.3 132.7  94.3  79.3 134.0 150.4 156.2 120.8 150.2
0.26  73.2  92.1 128.7 112.0  48.0 148.8 108.5 122.9  38.5  65.8 126.0 164.0  25.6  57.0 169.4 167.6  41.1  84.8   0.0 121.9  71.6 163.3  23.2  30.8 118.6  86.9  32.6  63.3 134.1  97.4  88.5  89.3 125.2 181.2  72.3  71.4 104.1 117.6
0.14 128.6  53.0  22.3  95.4 136.7  26.9 144.0 115.5 143.2 127.1 166.5  77.4 126.0  73.8 124.9 126.6  89.0  83.8 121.9   0.0 179.4 164.4 122.7  91.1 126.2  70.2 152.9 150.6  20.7 174.7 104.0  51.7  10.6  59.3 155.2 179.6  70.8 103.3
0.71 139.1 135.0 179.3 129.1 108.1 205.6  92.1 128.7  91.7 131.5  96.9 198.0  90.9 126.4 180.4 177.2  90.7 156.3  71.6 179.4   0.0 148.9  90.4  96.0 117.0 157.7  65.3  35.9 195.4  49.6 101.3 133.8 185.3 236.3  38.7   0.5 135.2 130.3
0.20 228.0 117.5 146.7  70.6 210.2 177.5  58.2  50.6 201.6 221.7  54.2 117.4 187.8 175.8  61.6  57.3 133.4 210.3 163.3 164.4 148.9   0.0 184.6 155.2  46.5 201.5 186.5 117.7 184.8 102.6  78.9 120.6 174.9 193.0 111.5 149.4  95.2  62.3
0.27  50.4 102.5 133.2 129.3  25.6 149.0 131.0 142.0  21.7  42.8 148.9 174.4   3.8  50.5 186.2 184.9  55.6  69.7  23.2 122.7  90.4 184.6   0.0  37.1 139.1  74.9  34.2  86.2 131.7 120.3 107.9  99.2 124.0 181.5  95.2  90.2 118.0 135.6
0.83  72.8  65.4  98.6  94.7  59.9 118.0 106.5 109.3  58.7  66.6 127.2 137.4  40.9  31.3 150.7 149.6  21.8  65.4  30.8  91.1  96.0 155.2  37.1   0.0 108.8  63.5  62.3  77.3 103.5 110.0  76.5  62.1  94.4 150.4  85.2  96.0  81.3 101.6
0.81 181.6  75.3 111.7  31.4 164.7 143.5  29.2  15.2 157.0 175.3  45.4  98.8 142.5 129.5  64.1  60.6  86.9 164.4 118.6 126.2 117.0  46.5 139.1 108.8   0.0 156.1 144.1  82.1 146.8  79.5  32.4  77.9 136.3 164.6  78.3 117.5  55.4  25.1
0.37  60.9  87.2  89.8 132.3  77.9  90.7 162.0 151.4  90.0  61.3 184.3 143.6  76.9  32.3 179.0 179.4  78.8  13.6  86.9  70.2 157.7 201.5  74.9  63.5 156.1   0.0 109.1 140.8  68.9 172.9 125.1  83.5  65.7 120.9 148.5 157.7 110.2 140.6
0.53  75.8 124.6 160.9 141.7  43.8 179.6 129.2 150.4  26.9  68.5 143.2 196.4  32.5  83.5 198.9 196.9  73.4 103.5  32.6 152.9  65.3 186.5  34.2  62.3 144.1 109.1   0.0  74.1 163.7 105.5 116.3 121.9 155.4 212.2  82.8  65.0 135.8 146.5
0.54 136.5 102.7 147.8  93.2 109.4 175.9  59.6  93.2  95.8 129.0  69.8 162.7  88.1 108.5 144.8 141.7  65.1 142.3  63.3 150.6  35.9 117.7  86.2  77.3  82.1 140.8  74.1   0.0 168.2  34.1  65.5 102.1 157.5 205.4   9.1  36.3 100.4  94.4
0.46 129.6  73.3  39.7 116.1 142.4  22.6 164.4 136.1 151.0 129.4 186.9  91.9 134.6  81.2 143.3 145.3 104.8  82.2 134.1  20.7 195.4 184.8 131.7 103.5 146.8  68.9 163.7 168.2   0.0 193.6 124.3  71.8  11.0  52.1 173.3 195.6  91.5 123.9
0.27 170.6 123.3 168.4 100.9 143.0 198.4  50.7  93.7 128.8 163.1  48.9 173.1 122.0 140.7 143.2 139.4  95.1 175.3  97.4 174.7  49.6 102.6 120.3 110.0  79.5 172.9 105.5  34.1 193.6   0.0  76.6 123.6 182.7 225.9  25.3  50.1 115.1  99.1
0.31 149.3  51.1  94.0  28.0 133.3 125.2  40.3  34.4 126.7 143.1  63.0  98.0 111.4  97.5  83.3  80.9  54.7 132.7  88.5 104.0 101.3  78.9 107.9  76.5  32.4 125.1 116.3  65.5 124.3  76.6   0.0  52.6 113.4 150.6  65.2 101.7  38.6  30.8
0.50 125.1   3.8  45.8  50.0 120.5  74.8  92.8  70.0 120.8 120.8 115.5  75.3 102.9  65.0  96.4  96.5  49.0  94.3  89.3  51.7 133.8 120.6  99.2  62.1  77.9  83.5 121.9 102.1  71.8 123.6  52.6   0.0  60.8 103.4 105.7 134.1  26.7  58.4
0.88 125.6  62.4  32.0 105.8 136.2  25.6 153.6 125.9 143.9 124.8 176.1  86.4 127.1  74.0 135.3 137.0  94.6  79.3 125.2  10.6 185.3 174.9 124.0  94.4 136.3  65.7 155.4 157.5  11.0 182.7 113.4  60.8   0.0  57.8 162.6 185.4  81.0 113.7
0.36 181.7 103.1  57.7 133.4 193.9  32.6 188.1 150.9 201.6 181.5 208.9  79.1 184.7 131.7 139.3 142.6 146.9 134.0 181.2  59.3 236.3 193.0 181.5 150.4 164.6 120.9 212.2 205.4  52.1 225.9 150.6 103.4  57.8   0.0 209.0 236.5 112.5 139.5
0.54 145.5 106.0 151.3  92.4 118.4 180.1  53.9  90.4 104.8 138.0  62.1 163.1  97.1 116.2 141.9 138.6  71.7 150.4  72.3 155.2  38.7 111.5  95.2  85.2  78.3 148.5  82.8   9.1 173.3  25.3  65.2 105.7 162.6 209.0   0.0  39.2 101.8  92.8
0.78 138.8 135.2 179.5 129.5 107.8 205.8  92.7 129.2  91.4 131.3  97.5 198.3  90.6 126.4 180.8 177.6  90.8 156.2  71.4 179.6   0.5 149.4  90.2  96.0 117.5 157.7  65.0  36.3 195.6  50.1 101.7 134.1 185.4 236.5  39.2   0.0 135.5 130.7
0.85 149.2  23.1  57.0  24.9 141.2  88.8  75.9  45.1 139.2 144.3  97.4  63.2 121.8  90.1  71.0  70.6  63.3 120.8 104.1  70.8 135.2  95.2 118.0  81.3  55.4 110.2 135.8 100.4  91.5 115.1  38.6  26.7  81.0 112.5 101.8 135.5   0.0  33.0
0.50 173.4  55.2  87.6   8.4 160.5 119.2  51.8  12.2 155.3 167.7  70.3  75.0 139.2 117.1  52.6  50.4  80.4 150.2 117.6 103.3 130.3  62.3 135.6 101.6  25.1 140.6 146.5  94.4 123.9  99.1  30.8  58.4 113.7 139.5  92.8 130.7  33.0   0.0
