34
6
0.51   0.0  76.6  71.7 105.3  80.0   5.8   5.7 155.6  88.0  82.6 129.7 112.2  41.2  54.9 179.5 189.0 110.2 117.2 146.4   6.9 102.5  23.9 130.3 139.7  74.8  52.0  37.1  71.4 150.2 113.5 154.4 104.3  91.7 151.6
0.58  76.6   0.0 142.7 117.5  65.6  77.5  76.2 156.2 137.3   6.0  94.6  38.2  91.9 108.8 172.9 179.6 109.6  64.0 119.5  79.6 151.9  76.7  91.9  98.2  21.1  68.5  92.8  40.9 122.6  48.0 167.9  42.5 116.3 177.6
0.71  71.7 142.7   0.0 104.7 115.4  74.4  75.3 149.9  51.2 148.5 160.7 173.3  55.3  44.0 175.9 186.6 119.6 163.6 167.2  66.2  57.8  66.2 163.8 173.4 145.1 119.8  52.1 121.7 170.8 168.4 136.4 158.5  85.2 121.0
0.42 105.3 117.5 104.7   0.0  52.8 111.1 110.7  50.6  58.9 120.6  69.7 125.4  67.8  65.3  75.6  85.8  18.7  91.9  66.3  99.6  65.0  81.4  74.7  82.6 134.1 148.7  73.4  76.9  69.5 109.4  51.9 101.5  19.5  60.8
0.38  80.0  65.6 115.4  52.8   0.0  84.9  84.0  91.5  88.5  68.2  50.0  73.8  61.2  71.8 110.6 118.5  44.1  49.2  67.1  77.2 100.8  60.9  51.3  61.0  83.8 109.5  65.8  24.7  70.8  60.4 102.3  51.2  56.2 113.6
0.77   5.8  77.5  74.4 111.1  84.9   0.0   1.3 161.3  93.1  83.4 134.3 113.9  46.8  60.2 185.2 194.7 115.8 120.8 151.5  12.3 107.5  29.7 134.9 144.2  74.1  47.4  42.6  75.1 155.3 116.2 160.2 107.1  97.5 157.3
0.85   5.7  76.2  75.3 110.7  84.0   1.3   0.0 160.9  93.5  82.1 133.4 112.6  46.8  60.5 184.7 194.2 115.3 119.6 150.7  12.5 107.9  29.5 133.9 143.2  72.8  46.8  42.8  74.0 154.4 114.9 160.0 105.8  97.3 157.3
0.60 155.6 156.2 149.9  50.6  91.5 161.3 160.9   0.0  99.7 158.0  77.8 153.6 118.3 114.4  26.0  36.7  48.2 112.2  57.6 150.1  99.5 131.7  83.5  86.6 175.2 196.8 123.9 115.9  58.2 134.2  27.1 129.1  67.6  54.6
0.90  88.0 137.3  51.2  58.9  88.5  93.1  93.5  99.7   0.0 142.2 124.3 158.9  49.3  33.2 125.6 136.3  76.4 137.0 124.9  81.1  15.0  68.8 128.5 137.5 146.9 139.8  51.7 104.2 128.2 148.3  85.2 138.7  40.4  71.4
0.14  82.6   6.0 148.5 120.6  68.2  83.4  82.1 158.0 142.2   0.0  94.2  33.0  97.4 114.1 174.0 180.4 111.9  62.1 119.4  85.5 156.7  82.4  91.1  97.0  23.0  73.0  98.4  43.7 122.3  44.5 170.4  40.1 120.1 181.0
0.55 129.7  94.6 160.7  69.7  50.0 134.3 133.4  77.8 124.3  94.2   0.0  80.2 109.1 116.7  85.7  89.9  51.2  36.5  25.9 127.1 133.2 110.9   5.7  13.2 115.7 153.2 114.1  63.2  28.4  59.7  99.8  57.2  84.7 121.3
0.79 112.2  38.2 173.3 125.4  73.8 113.9 112.6 153.6 158.9  33.0  80.2   0.0 119.3 134.9 165.3 170.0 112.4  43.7 106.0 114.2 172.4 107.6  75.6  78.6  53.9 105.7 121.5  54.6 108.2  20.6 170.7  24.7 129.9 185.8
0.41  41.2  91.9  55.3  67.8  61.2  46.8  46.8 118.3  49.3  97.4 109.1 119.3   0.0  17.2 143.3 153.5  76.8 108.5 120.0  34.5  64.3  19.6 111.4 121.2  99.0  91.6   5.7  66.5 123.7 113.3 114.5 103.3  51.9 110.5
0.35  54.9 108.8  44.0  65.3  71.8  60.2  60.5 114.4  33.2 114.1 116.7 134.9  17.2   0.0 140.1 150.6  77.9 120.7 124.3  48.0  48.0  36.0 119.7 129.4 116.2 106.6  18.6  81.0 127.9 127.5 106.7 117.6  46.8  99.1
0.33 179.5 172.9 175.9  75.6 110.6 185.2 184.7  26.0 125.6 174.0  85.7 165.3 143.3 140.1   0.0  10.8  69.8 122.0  60.9 174.3 124.8 155.8  90.8  91.2 192.8 218.5 148.9 133.9  59.9 145.0  46.6 141.3  93.3  73.9
0.12 189.0 179.6 186.6  85.8 118.5 194.7 194.2  36.7 136.3 180.4  89.9 170.0 153.5 150.6  10.8   0.0  79.0 126.4  64.3 184.0 135.5 165.5  94.7  94.0 199.8 227.1 159.1 141.3  62.7 149.5  56.6 146.5 103.8  83.5
0.59 110.2 109.6 119.6  18.7  44.1 115.8 115.3  48.2  76.4 111.9  51.2 112.4  76.8  77.9  69.8  79.0   0.0  75.9  48.5 105.3  83.4  86.9  56.3  64.1 127.8 149.0  82.4  68.8  51.9  95.0  58.9  87.9  36.1  74.1
0.41 117.2  64.0 163.6  91.9  49.2 120.8 119.6 112.2 137.0  62.1  36.5  43.7 108.5 120.7 122.0 126.4  75.9   0.0  62.3 116.5 148.7 103.7  31.9  35.6  84.9 129.1 112.5  45.9  64.5  23.1 131.6  22.3 101.6 149.9
0.11 146.4 119.5 167.2  66.3  67.1 151.5 150.7  57.6 124.9 119.4  25.9 106.0 120.0 124.3  60.9  64.3  48.5  62.3   0.0 142.9 131.2 125.4  30.4  30.3 140.4 175.1 125.4  85.2   3.8  85.4  82.6  83.1  84.6 107.2
0.12   6.9  79.6  66.2  99.6  77.2  12.3  12.5 150.1  81.1  85.5 127.1 114.2  34.5  48.0 174.3 184.0 105.3 116.5 142.9   0.0  95.6  18.4 128.1 137.6  79.3  58.8  30.3  70.6 146.7 114.3 148.3 104.8  85.5 145.0
0.46 102.5 151.9  57.8  65.0 100.8 107.5 107.9  99.5  15.0 156.7 133.2 172.4  64.3  48.0 124.8 135.5  83.4 148.7 131.2  95.6   0.0  83.8 137.7 146.3 161.8 154.4  66.5 117.9 134.3 161.1  81.5 151.7  48.6  63.4
0.79  23.9  76.7  66.2  81.4  60.9  29.7  29.5 131.7  68.8  82.4 110.9 107.6  19.6  36.0 155.8 165.5  86.9 103.7 125.4  18.4  83.8   0.0 112.2 121.9  81.3  72.3  17.7  58.6 129.2 104.5 130.6  94.7  67.9 128.7
0.85 130.3  91.9 163.8  74.7  51.3 134.9 133.9  83.5 128.5  91.1   5.7  75.6 111.4 119.7  90.8  94.7  56.3  31.9  30.4 128.1 137.7 112.2   0.0   9.7 113.0 152.0 116.4  62.3  32.5  55.0 105.5  53.2  89.1 126.9
0.42 139.7  98.2 173.4  82.6  61.0 144.2 143.2  86.6 137.5  97.0  13.2  78.6 121.2 129.4  91.2  94.0  64.1  35.6  30.3 137.6 146.3 121.9   9.7   0.0 119.3 160.0 126.1  70.9  31.3  58.1 110.1  57.9  97.8 132.6
0.68  74.8  21.1 145.1 134.1  83.8  74.1  72.8 175.2 146.9  23.0 115.7  53.9  99.0 116.2 192.8 199.8 127.8  84.9 140.4  79.3 161.8  81.3 113.0 119.3   0.0  52.8  98.7  59.3 143.5  67.5 185.3  63.1 130.6 193.1
0.59  52.0  68.5 119.8 148.7 109.5  47.4  46.8 196.8 139.8  73.0 153.2 105.7  91.6 106.6 218.5 227.1 149.0 129.1 175.1  58.8 154.4  72.3 152.0 160.0  52.8   0.0  88.3  90.2 178.6 116.2 200.1 109.6 138.4 200.6
0.75  37.1  92.8  52.1  73.4  65.8  42.6  42.8 123.9  51.7  98.4 114.1 121.5   5.7  18.6 148.9 159.1  82.4 112.5 125.4  30.3  66.5  17.7 116.4 126.1  98.7  88.3   0.0  69.6 129.2 116.3 119.6 106.4  57.2 114.9
0.80  71.4  40.9 121.7  76.9  24.7  75.1  74.0 115.9 104.2  43.7  63.2  54.6  66.5  81.0 133.9 141.3  68.8  45.9  85.2  70.6 117.9  58.6  62.3  70.9  59.3  90.2  69.6   0.0  88.6  46.8 127.0  36.8  77.5 137.4
0.57 150.2 122.6 170.8  69.5  70.8 155.3 154.4  58.2 128.2 122.3  28.4 108.2 123.7 127.9  59.9  62.7  51.9  64.5   3.8 146.7 134.3 129.2  32.5  31.3 143.5 178.6 129.2  88.6   0.0  87.6  83.8  85.6  88.0 108.8
0.58 113.5  48.0 168.4 109.4  60.4 116.2 114.9 134.2 148.3  44.5  59.7  20.6 113.3 127.5 145.0 149.5  95.0  23.1  85.4 114.3 161.1 104.5  55.0  58.1  67.5 116.2 116.3  46.8  87.6   0.0 152.4  10.0 116.2 169.0
0.16 154.4 167.9 136.4  51.9 102.3 160.2 160.0  27.1  85.2 170.4  99.8 170.7 114.5 106.7  46.6  56.6  58.9 131.6  82.6 148.3  81.5 130.6 105.5 110.1 185.3 200.1 119.6 127.0  83.8 152.4   0.0 146.1  62.8  27.8
0.73 104.3  42.5 158.5 101.5  51.2 107.1 105.8 129.1 138.7  40.1  57.2  24.7 103.3 117.6 141.3 146.5  87.9  22.3  83.1 104.8 151.7  94.7  53.2  57.9  63.1 109.6 106.4  36.8  85.6  10.0 146.1   0.0 107.3 161.6
0.47  91.7 116.3  85.2  19.5  56.2  97.5  97.3  67.6  40.4 120.1  84.7 129.9  51.9  46.8  93.3 103.8  36.1 101.6  84.6  85.5  48.6  67.9  89.1  97.8 130.6 138.4  57.2  77.5  88.0 116.2  62.8 107.3   0.0  63.2
0.57 151.6 177.6 121.0  60.8 113.6 157.3 157.3  54.6  71.4 181.0 121.3 185.8 110.5  99.1  73.9  83.5  74.1 149.9 107.2 145.0  63.4 128.7 126.9 132.6 193.1 200.6 114.9 137.4 108.8 169.0  27.8 161.6  63.2   0.0
