54
10
0.72   0.0 168.5 111.5 134.3 176.9 116.0 181.4  56.2 124.0   6.7 154.5 170.6 162.7 183.4  95.4 107.8  99.6  96.5  57.8 162.9 115.7  85.5 157.4 180.9  93.2 108.1  31.2 131.4 121.6 171.6 201.9 188.6  36.8 146.7  54.7 190.3  69.1 116.4 174.9 209.2 118.4 158.4 180.5 133.9  10.3  27.3  15.6 137.4 145.1 110.7 184.5  48.0  98.9 125.6
0.81 168.5   0.0  58.5 110.7  28.9  56.5  63.9 115.6  44.5 166.7 106.9  71.2  49.7  19.4 101.6  71.7  76.1  76.0 141.1  29.6  89.0 120.1 129.5 146.0 150.7  95.6 137.3  43.7  60.9 123.1  44.1  33.0 145.0  65.2 123.7  38.7 149.3 154.9  13.1  53.0  74.5  50.6  37.9  49.8 159.6 170.2 157.1 100.1  37.3 123.6  61.5 122.5 138.8  70.7
0.42 111.5  58.5   0.0  99.5  65.9  28.4  95.1  57.2  17.7 109.1  85.5  74.0  57.9  75.8  50.3  41.9  38.5  17.9  83.6  63.2  69.2  83.6 125.5 148.2 116.2  70.7  80.7  36.5  44.1 127.8  98.1  84.8  86.5  71.5  65.3  79.6  93.4 109.1  63.5  98.5  34.5  54.3  81.4  28.2 102.2 117.0  99.3  92.6  49.3  78.8  80.7  68.3  89.3  37.0
0.74 134.3 110.7  99.5   0.0 137.4  72.2  72.6 114.3  90.0 137.3 185.0 167.1 146.4 110.8 140.7  57.9  63.6 106.8 149.6  83.9  30.7  48.9  27.2  51.7  59.0  32.5 111.7  73.5  57.6  37.5 113.2 104.5 137.0  46.7 126.8 149.1 164.5 197.6 123.7 163.4 133.8 144.5  91.0 123.3 131.2 117.8 133.1  11.2  73.8 171.3 166.1  94.0 175.5 136.5
0.71 176.9  28.9  65.9 137.4   0.0  75.2  92.2 121.3  58.4 174.0  86.2  45.9  27.5  42.1  96.8  92.1  94.3  80.4 140.7  58.4 113.3 140.7 157.5 174.7 172.6 118.9 146.4  66.0  83.8 151.8  64.6  57.0 148.8  93.1 127.0  13.8 146.1 142.8  16.6  32.6  67.5  30.5  65.2  44.7 167.2 182.8 163.9 127.2  63.7 112.6  33.0 134.1 129.9  61.5
0.13 116.0  56.5  28.4  72.2  75.2   0.0  72.2  69.1  18.7 115.2 113.2  96.3  76.9  68.4  76.3  17.2  19.7  40.8 101.6  47.1  42.7  65.5  97.5 119.9  97.6  46.0  85.0  15.5  15.8  99.4  85.9  72.7  98.9  44.3  80.1  88.7 113.7 135.4  66.4 106.3  62.8  74.3  65.1  51.3 108.0 114.6 106.5  64.6  29.5 106.0  98.4  68.3 114.7  64.8
0.20 181.4  63.9  95.1  72.6  92.2  72.2   0.0 140.6  77.7 182.0 166.9 134.6 112.7  52.5 145.4  74.3  83.1 111.3 173.8  36.6  69.6 106.8  79.9  89.6 128.6  78.3 152.1  59.1  61.1  67.6  43.9  40.0 169.8  35.1 152.1  99.2 185.8 203.9  75.6 107.6 124.8 113.0  27.7 103.5 174.9 173.2 174.6  61.9  45.9 173.1 125.1 133.8 184.5 123.6
0.51  56.2 115.6  57.2 114.3 121.3  69.1 140.6   0.0  72.0  52.9 104.5 115.1 106.5 132.1  44.1  67.7  58.8  40.9  35.6 115.3  86.8  74.1 141.1 165.8  99.4  82.1  28.4  84.0  79.7 150.4 153.0 139.6  30.0 108.8  12.6 134.5  50.2  87.6 120.6 153.4  62.8 102.2 133.6  77.8  46.3  68.7  42.6 112.7  98.4  68.7 128.4  28.6  65.7  69.9
0.69 124.0  44.5  17.7  90.0  58.4  18.7  77.7  72.0   0.0 122.3  96.9  77.7  58.2  60.1  67.8  35.8  36.3  35.1 100.6  45.6  61.2  83.1 114.6 136.2 115.5  64.6  92.8  20.2  32.5 114.9  81.3  68.0 101.9  56.4  81.2  72.2 110.8 126.2  52.1  90.4  48.7  55.6  63.8  33.3 115.2 126.3 112.8  81.7  31.8  95.6  79.9  78.2 106.8  49.2
0.25   6.7 166.7 109.1 137.3 174.0 115.2 182.0  52.9 122.3   0.0 149.0 166.2 159.1 182.0  90.4 108.0  99.6  93.6  51.6 162.3 117.4  88.7 160.9 184.6  98.2 110.0  30.3 130.6 121.7 174.7 201.1 187.8  31.0 147.5  50.0 187.3  62.5 109.7 172.6 206.2 114.3 154.7 180.1 130.6   7.2  33.8  10.5 139.8 144.5 104.7 180.7  48.2  92.5 121.5
0.37 154.5 106.9  85.5 185.0  86.2 113.2 166.9 104.5  96.9 149.0   0.0  43.0  58.9 125.1  60.4 127.3 123.0  81.8  99.5 130.3 154.7 164.1 210.7 232.9 195.3 155.7 132.3 116.5 128.6 211.7 149.4 139.7 118.1 152.7 100.8  90.7  95.5  68.4  99.7 102.8  51.8  56.8 144.0  64.7 144.3 172.4 138.9 177.8 124.6  48.2  63.2 130.9  66.6  48.5
0.44 170.6  71.2  74.0 167.1  45.9  96.3 134.6 115.1  77.7 166.2  43.0   0.0  22.0  87.4  77.3 113.0 111.6  79.7 122.9  98.6 138.9 157.6 190.5 210.4 190.1 142.2 143.3  93.9 109.7 188.0 110.5 102.4 136.9 127.8 116.2  48.1 123.6 107.7  61.4  59.8  52.3  22.8 109.0  45.9 160.3 183.1 155.7 158.2  97.7  81.1  20.5 136.2 100.1  45.2
0.76 162.7  49.7  57.9 146.4  27.5  76.9 112.7 106.5  58.2 159.1  58.9  22.0   0.0  66.9  75.0  94.0  93.6  67.5 120.5  76.6 118.9 140.3 169.2 188.8 172.9 122.8 133.6  72.9  89.4 166.3  90.7  81.7 131.5 106.1 109.9  34.8 124.0 116.4  41.0  51.4  46.2   4.4  87.6  30.2 152.7 172.3 148.6 137.2  76.0  86.9  22.8 124.2 104.9  39.3
0.36 183.4  19.4  75.8 110.8  42.1  68.4  52.5 132.1  60.1 182.0 125.1  87.4  66.9   0.0 120.7  81.3  87.2  93.6 159.2  27.3  93.7 127.8 126.1 139.9 156.8 101.2 152.2  53.6  68.7 117.2  24.7  15.0 161.9  64.2 141.0  47.0 167.9 174.3  26.0  55.5  93.9  68.4  24.8  69.3 174.9 183.0 172.7  99.7  42.7 143.1  74.8 136.4 158.1  90.1
0.32  95.4 101.6  50.3 140.7  96.8  76.3 145.4  44.1  67.8  90.4  60.4  77.3  75.0 120.7   0.0  84.5  77.4  35.6  45.8 112.7 110.3 110.1 167.8 191.8 139.2 108.7  71.9  86.7  91.4 173.1 144.7 132.0  60.1 120.5  40.9 108.1  49.4  59.1 101.9 125.9  29.3  70.6 130.4  53.1  85.1 112.1  80.0 136.0  99.6  30.6  94.1  71.4  39.0  35.8
0.65 107.8  71.7  41.9  57.9  92.1  17.2  74.3  67.7  35.8 108.0 127.3 113.0  94.0  81.3  84.5   0.0   8.9  49.5 102.5  57.0  27.4  48.7  84.3 107.8  80.5  29.2  77.9  28.2  13.9  88.6  96.0  83.1  96.0  41.2  79.8 105.5 115.9 142.9  82.5 122.8  75.9  91.3  73.5  67.5 100.9 103.0 100.3  51.8  39.2 115.0 115.6  59.9 121.4  78.9
0.29  99.6  76.1  38.5  63.6  94.3  19.7  83.1  58.8  36.3  99.6 123.0 111.6  93.6  87.2  77.4   8.9   0.0  43.2  93.7  64.0  33.0  46.9  90.5 114.4  79.4  32.7  69.4  33.6  22.1  96.0 103.1  90.1  87.1  50.1  71.0 108.0 107.2 135.3  86.0 125.8  71.3  90.6  81.1  65.7  92.4  96.1  91.7  58.6  46.1 108.0 115.8  51.6 113.6  75.0
0.25  96.5  76.0  17.9 106.8  80.4  40.8 111.3  40.9  35.1  93.6  81.8  79.7  67.5  93.6  35.6  49.5  43.2   0.0  65.8  80.7  76.1  82.4 133.6 157.2 114.0  75.5  66.5  52.2  55.9 138.0 115.9 102.7  69.4  85.0  47.8  93.8  75.7  94.7  80.0 112.7  30.7  63.4  98.9  37.7  86.8 104.8  83.4 101.3  65.8  65.8  90.1  56.9  73.9  36.2
0.35  57.8 141.1  83.6 149.6 140.7 101.6 173.8  35.6 100.6  51.6  99.5 122.9 120.5 159.2  45.8 102.5  93.7  65.8   0.0 145.8 122.4 107.4 176.3 201.0 129.1 117.6  47.3 115.6 113.7 185.9 181.7 168.4  21.8 143.3  23.0 152.7  15.4  60.3 143.6 171.0  74.3 116.1 164.2  96.1  48.5  81.1  42.6 148.2 129.9  53.5 139.9  58.9  41.3  81.2
0.16 162.9  29.6  63.2  83.9  58.4  47.1  36.6 115.3  45.6 162.3 130.3  98.6  76.6  27.3 112.7  57.0  64.0  80.7 145.8   0.0  66.6 101.6 100.7 116.6 129.8  74.4 132.0  31.7  43.5  93.7  39.1  26.2 145.3  37.3 125.6  67.8 156.4 170.0  42.5  80.1  89.8  76.6  18.4  67.4 155.1 159.9 153.6  72.9  17.9 138.9  90.7 115.1 151.5  88.0
0.54 115.7  89.0  69.2  30.7 113.3  42.7  69.6  86.8  61.2 117.4 154.7 138.9 118.9  93.7 110.3  27.4  33.0  76.1 122.4  66.6   0.0  37.3  57.5  81.5  63.2   8.7  89.2  47.4  29.8  64.0 102.3  91.2 112.1  35.1  99.4 126.0 136.8 167.7 101.3 141.9 103.3 116.6  79.0  94.0 110.8 104.4 111.6  26.2  52.0 141.0 139.7  70.7 145.8 106.3
0.76  85.5 120.1  83.6  48.9 140.7  65.5 106.8  74.1  83.1  88.7 164.1 157.6 140.3 127.8 110.1  48.7  46.9  82.4 107.4 101.6  37.3   0.0  72.4  96.5  32.6  28.6  64.9  76.4  59.5  86.1 138.8 127.1  91.8  72.4  85.8 154.2 122.7 161.4 131.1 171.5 112.9 137.2 115.4 111.7  82.8  69.6  85.2  53.1  85.2 139.4 162.6  48.8 139.3 117.9
0.34 157.4 129.5 125.5  27.2 157.5  97.5  79.9 141.1 114.6 160.9 210.7 190.5 169.2 126.1 167.8  84.3  90.5 133.6 176.3 100.7  57.5  72.4   0.0  24.7  72.6  59.7 136.9  96.7  82.2  18.7 123.5 117.2 162.9  64.4 153.6 168.1 191.2 224.7 142.6 180.8 159.9 167.7 103.6 147.9 155.2 138.4 157.6  33.0  94.2 198.4 187.7 119.7 202.7 162.3
0.45 180.9 146.0 148.2  51.7 174.7 119.9  89.6 165.8 136.2 184.6 232.9 210.4 188.8 139.9 191.8 107.8 114.4 157.2 201.0 116.6  81.5  96.5  24.7   0.0  92.9  84.2 161.3 117.3 104.3  22.9 133.3 129.2 187.5  82.7 178.3 184.3 215.9 249.1 159.0 195.4 182.7 187.6 116.0 169.2 179.1 160.8 181.7  55.9 112.9 222.4 206.0 144.3 227.1 184.7
0.48  93.2 150.7 116.2  59.0 172.6  97.6 128.6  99.4 115.5  98.2 195.3 190.1 172.9 156.8 139.2  80.5  79.4 114.0 129.1 129.8  63.2  32.6  72.6  92.9   0.0  55.6  82.5 107.4  89.9  90.3 165.1 154.3 110.4  96.7 109.8 185.9 144.4 186.7 162.3 202.9 144.7 169.7 141.8 144.2  94.1  69.7  98.2  67.9 114.6 167.3 195.1  71.3 164.9 149.9
0.18 108.1  95.6  70.7  32.5 118.9  46.0  78.3  82.1  64.6 110.0 155.7 142.2 122.8 101.2 108.7  29.2  32.7  75.5 117.6  74.4   8.7  28.6  59.7  84.2  55.6   0.0  82.4  52.9  35.1  68.3 110.7  99.3 106.2  43.7  94.7 131.8 132.3 165.1 107.5 148.2 104.0 120.3  87.3  96.7 103.5  96.0 104.6  30.9  59.1 139.3 144.1  64.0 143.0 107.5
0.32  31.2 137.3  80.7 111.7 146.4  85.0 152.1  28.4  92.8  30.3 132.3 143.3 133.6 152.2  71.9  77.9  69.4  66.5  47.3 132.0  89.2  64.9 136.9 161.3  82.5  82.4   0.0 100.4  91.5 149.2 170.9 157.6  27.9 117.9  32.4 159.9  62.3 106.9 143.9 178.8  91.0 129.4 149.8 104.2  23.1  40.4  22.6 112.9 114.3  93.4 155.9  18.6  86.3  98.0
0.38 131.4  43.7  36.5  73.5  66.0  15.5  59.1  84.0  20.2 130.6 116.5  93.9  72.9  53.6  86.7  28.2  33.6  52.2 115.6  31.7  47.4  76.4  96.7 117.3 107.4  52.9 100.4   0.0  17.8  95.6  70.5  57.2 113.9  36.4  94.7  78.9 127.1 145.6  54.9  95.5  68.8  71.2  49.8  52.1 123.4 129.5 122.0  64.3  14.3 115.3  92.8  83.7 125.6  69.3
0.74 121.6  60.9  44.1  57.6  83.8  15.8  61.1  79.7  32.5 121.7 128.6 109.7  89.4  68.7  91.4  13.9  22.1  55.9 113.7  43.5  29.8  59.5  82.2 104.3  89.9  35.1  91.5  17.8   0.0  83.6  82.3  69.6 108.7  29.8  91.5  96.7 126.6 150.5  72.5 113.2  78.5  87.2  59.7  65.8 114.6 116.8 113.8  49.3  26.1 121.4 109.9  73.6 129.5  80.4
0.41 171.6 123.1 127.8  37.5 151.8  99.4  67.6 150.4 114.9 174.7 211.7 188.0 166.3 117.2 173.1  88.6  96.0 138.0 185.9  93.7  64.0  86.1  18.7  22.9  90.3  68.3 149.2  95.6  83.6   0.0 111.4 106.7 174.2  60.2 163.0 161.4 200.5 231.3 136.1 172.6 162.2 165.2  93.4 147.6 168.7 154.1 170.6  37.8  90.4 203.6 183.3 131.3 209.5 163.8
0.43 201.9  44.1  98.1 113.2  64.6  85.9  43.9 153.0  81.3 201.1 149.4 110.5  90.7  24.7 144.7  96.0 103.1 115.9 181.7  39.1 102.3 138.8 123.5 133.3 165.1 110.7 170.9  70.5  82.3 111.4   0.0  13.4 182.9  68.6 162.5  66.3 191.1 198.9  49.7  69.3 118.4  92.6  23.4  93.8 193.9 199.0 192.3 102.1  57.0 167.7  96.0 154.1 182.4 114.7
0.66 188.6  33.0  84.8 104.5  57.0  72.7  40.0 139.6  68.0 187.8 139.7 102.4  81.7  15.0 132.0  83.1  90.1 102.7 168.4  26.2  91.2 127.1 117.2 129.2 154.3  99.3 157.6  57.2  69.6 106.7  13.4   0.0 169.5  58.6 149.2  61.3 178.0 187.0  41.0  67.9 106.2  83.1  13.7  81.9 180.6 186.1 178.9  93.3  44.0 155.7  89.7 140.9 170.0 102.9
0.10  36.8 145.0  86.5 137.0 148.8  98.9 169.8  30.0 101.9  31.0 118.1 136.9 131.5 161.9  60.1  96.0  87.1  69.4  21.8 145.3 112.1  91.8 162.9 187.5 110.4 106.2  27.9 113.9 108.7 174.2 182.9 169.5   0.0 137.2  21.9 161.6  35.5  82.0 149.4 180.3  85.7 127.1 163.6 104.4  27.0  59.2  21.2 137.1 128.2  74.0 152.4  43.2  63.1  92.9
0.32 146.7  65.2  71.5  46.7  93.1  44.3  35.1 108.8  56.4 147.5 152.7 127.8 106.1  64.2 120.5  41.2  50.1  85.0 143.3  37.3  35.1  72.4  64.4  82.7  96.7  43.7 117.9  36.4  29.8  60.2  68.6  58.6 137.2   0.0 120.9 103.9 156.3 179.7  78.3 117.2 104.9 105.0  45.5  88.2 140.6 138.1 140.5  35.6  30.2 150.1 123.6  99.4 158.9 105.6
0.26  54.7 123.7  65.3 126.8 127.0  80.1 152.1  12.6  81.2  50.0 100.8 116.2 109.9 141.0  40.9  79.8  71.0  47.8  23.0 125.6  99.4  85.8 153.6 178.3 109.8  94.7  32.4  94.7  91.5 163.0 162.5 149.2  21.9 120.9   0.0 139.8  37.6  76.9 127.7 158.5  64.5 105.5 143.9  82.6  44.4  71.8  39.5 125.3 109.0  61.0 131.0  38.5  55.3  71.7
0.85 190.3  38.7  79.6 149.1  13.8  88.7  99.2 134.5  72.2 187.3  90.7  48.1  34.8  47.0 108.1 105.5 108.0  93.8 152.7  67.8 126.0 154.2 168.1 184.3 185.9 131.8 159.9  78.9  96.7 161.4  66.3  61.3 161.6 103.9 139.8   0.0 157.4 151.1  25.6  18.9  78.8  38.7  71.6  57.2 180.6 196.5 177.1 138.6  75.4 121.7  30.5 147.9 139.5  72.4
0.57  69.1 149.3  93.4 164.5 146.1 113.7 185.8  50.2 110.8  62.5  95.5 123.6 124.0 167.9  49.4 115.9 107.2  75.7  15.4 156.4 136.8 122.7 191.2 215.9 144.4 132.3  62.3 127.1 126.6 200.5 191.1 178.0  35.5 156.3  37.6 157.4   0.0  47.3 150.6 175.1  78.7 119.6 174.6 102.1  60.7  94.0  54.8 162.8 141.1  47.5 141.8  74.3  31.4  85.1
0.46 116.4 154.9 109.1 197.6 142.8 135.4 203.9  87.6 126.2 109.7  68.4 107.7 116.4 174.3  59.1 142.9 135.3  94.7  60.3 170.0 167.7 161.4 224.7 249.1 186.7 165.1 106.9 145.6 150.5 231.3 198.9 187.0  82.0 179.7  76.9 151.1  47.3   0.0 152.1 166.2  80.8 112.7 187.0 105.1 107.9 141.0 102.0 193.8 158.0  31.3 128.0 115.4  22.2  84.2
0.70 174.9  13.1  63.5 123.7  16.6  66.4  75.6 120.6  52.1 172.6  99.7  61.4  41.0  26.0 101.9  82.5  86.0  80.0 143.6  42.5 101.3 131.1 142.6 159.0 162.3 107.5 143.9  54.9  72.5 136.1  49.7  41.0 149.4  78.3 127.7  25.6 150.6 152.1   0.0  40.7  73.4  42.9  48.7  48.8 165.6 178.3 162.8 113.1  50.0 121.2  49.6 130.1 137.4  68.5
0.65 209.2  53.0  98.5 163.4  32.6 106.3 107.6 153.4  90.4 206.2 102.8  59.8  51.4  55.5 125.9 122.8 125.8 112.7 171.0  80.1 141.9 171.5 180.8 195.4 202.9 148.2 178.8  95.5 113.2 172.6  69.3  67.9 180.3 117.2 158.5  18.9 175.1 166.2  40.7   0.0  96.8  55.6  80.0  76.0 199.5 215.3 196.0 152.6  90.3 137.7  39.6 166.7 156.0  90.1
0.25 118.4  74.5  34.5 133.8  67.5  62.8 124.8  62.8  48.7 114.3  51.8  52.3  46.2  93.9  29.3  75.9  71.3  30.7  74.3  89.8 103.3 112.9 159.9 182.7 144.7 104.0  91.0  68.8  78.5 162.2 118.4 106.2  85.7 104.9  64.5  78.8  78.7  80.8  73.4  96.8   0.0  41.8 106.4  24.8 108.2 130.9 103.8 127.0  79.5  49.5  66.6  84.9  64.3   7.2
0.65 158.4  50.6  54.3 144.5  30.5  74.3 113.0 102.2  55.6 154.7  56.8  22.8   4.4  68.4  70.6  91.3  90.6  63.4 116.1  76.6 116.6 137.2 167.7 187.6 169.7 120.3 129.4  71.2  87.2 165.2  92.6  83.1 127.1 105.0 105.5  38.7 119.6 112.7  42.9  55.6  41.8   0.0  88.4  26.3 148.4 168.2 144.3 135.4  75.0  83.0  26.7 120.2 100.8  34.9
0.10 180.5  37.9  81.4  91.0  65.2  65.1  27.7 133.6  63.8 180.1 144.0 109.0  87.6  24.8 130.4  73.5  81.1  98.9 164.2  18.4  79.0 115.4 103.6 116.0 141.8  87.3 149.8  49.8  59.7  93.4  23.4  13.7 163.6  45.5 143.9  71.6 174.6 187.0  48.7  80.0 106.4  88.4   0.0  83.1 172.9 176.5 171.6  79.8  35.6 155.8  98.3 132.6 169.0 104.0
0.76 133.9  49.8  28.2 123.3  44.7  51.3 103.5  77.8  33.3 130.6  64.7  45.9  30.2  69.3  53.1  67.5  65.7  37.7  96.1  67.4  94.0 111.7 147.9 169.2 144.2  96.7 104.2  52.1  65.8 147.6  93.8  81.9 104.4  88.2  82.6  57.2 102.1 105.1  48.8  76.0  24.8  26.3  83.1   0.0 124.0 142.4 120.3 115.0  60.0  73.8  53.0  94.2  89.1  21.0
0.70  10.3 159.6 102.2 131.2 167.2 108.0 174.9  46.3 115.2   7.2 144.3 160.3 152.7 174.9  85.1 100.9  92.4  86.8  48.5 155.1 110.8  82.8 155.2 179.1  94.1 103.5  23.1 123.4 114.6 168.7 193.9 180.6  27.0 140.6  44.4 180.6  60.7 107.9 165.6 199.5 108.2 148.4 172.9 124.0   0.0  33.5   5.9 133.5 137.3 101.0 174.4  41.1  89.8 115.4
0.22  27.3 170.2 117.0 117.8 182.8 114.6 173.2  68.7 126.3  33.8 172.4 183.1 172.3 183.0 112.1 103.0  96.1 104.8  81.1 159.9 104.4  69.6 138.4 160.8  69.7  96.0  40.4 129.5 116.8 154.1 199.0 186.1  59.2 138.1  71.8 196.5  94.0 141.0 178.3 215.3 130.9 168.2 176.5 142.4  33.5   0.0  39.3 122.7 142.1 131.8 194.9  48.6 122.2 137.9
0.88  15.6 157.1  99.3 133.1 163.9 106.5 174.6  42.6 112.8  10.5 138.9 155.7 148.6 172.7  80.0 100.3  91.7  83.4  42.6 153.6 111.6  85.2 157.6 181.7  98.2 104.6  22.6 122.0 113.8 170.6 192.3 178.9  21.2 140.5  39.5 177.1  54.8 102.0 162.8 196.0 103.8 144.3 171.6 120.3   5.9  39.3   0.0 134.9 136.0  95.2 170.2  41.2  83.9 111.0
0.34 137.4 100.1  92.6  11.2 127.2  64.6  61.9 112.7  81.7 139.8 177.8 158.2 137.2  99.7 136.0  51.8  58.6 101.3 148.2  72.9  26.2  53.1  33.0  55.9  67.9  30.9 112.9  64.3  49.3  37.8 102.1  93.3 137.1  35.6 125.3 138.6 162.8 193.8 113.1 152.6 127.0 135.4  79.8 115.0 133.5 122.7 134.9   0.0  63.4 166.6 156.4  94.7 171.9 129.4
0.84 145.1  37.3  49.3  73.8  63.7  29.5  45.9  98.4  31.8 144.5 124.6  97.7  76.0  42.7  99.6  39.2  46.1  65.8 129.9  17.9  52.0  85.2  94.2 112.9 114.6  59.1 114.3  14.3  26.1  90.4  57.0  44.0 128.2  30.2 109.0  75.4 141.1 158.0  50.0  90.3  79.5  75.0  35.6  60.0 137.3 142.1 136.0  63.4   0.0 127.3  93.6  97.2 138.6  79.0
0.74 110.7 123.6  78.8 171.3 112.6 106.0 173.1  68.7  95.6 104.7  48.2  81.1  86.9 143.1  30.6 115.0 108.0  65.8  53.5 138.9 141.0 139.4 198.4 222.4 167.3 139.3  93.4 115.3 121.4 203.6 167.7 155.7  74.0 150.1  61.0 121.7  47.5  31.3 121.2 137.7  49.5  83.0 155.8  73.8 101.0 131.8  95.2 166.6 127.3   0.0 100.8  97.3  19.1  53.0
0.62 184.5  61.5  80.7 166.1  33.0  98.4 125.1 128.4  79.9 180.7  63.2  20.5  22.8  74.8  94.1 115.6 115.8  90.1 139.9  90.7 139.7 162.6 187.7 206.0 195.1 144.1 155.9  92.8 109.9 183.3  96.0  89.7 152.4 123.6 131.0  30.5 141.8 128.0  49.6  39.6  66.6  26.7  98.3  53.0 174.4 194.9 170.2 156.4  93.6 100.8   0.0 146.9 119.7  59.4
0.12  48.0 122.5  68.3  94.0 134.1  68.3 133.8  28.6  78.2  48.2 130.9 136.2 124.2 136.4  71.4  59.9  51.6  56.9  58.9 115.1  70.7  48.8 119.7 144.3  71.3  64.0  18.6  83.7  73.6 131.3 154.1 140.9  43.2  99.4  38.5 147.9  74.3 115.4 130.1 166.7  84.9 120.2 132.6  94.2  41.1  48.6  41.2  94.7  97.2  97.3 146.9   0.0  93.7  91.6
0.64  98.9 138.8  89.3 175.5 129.9 114.7 184.5  65.7 106.8  92.5  66.6 100.1 104.9 158.1  39.0 121.4 113.6  73.9  41.3 151.5 145.8 139.3 202.7 227.1 164.9 143.0  86.3 125.6 129.5 209.5 182.4 170.0  63.1 158.9  55.3 139.5  31.4  22.2 137.4 156.0  64.3 100.8 169.0  89.1  89.8 122.2  83.9 171.9 138.6  19.1 119.7  93.7   0.0  69.0
0.21 125.6  70.7  37.0 136.5  61.5  64.8 123.6  69.9  49.2 121.5  48.5  45.2  39.3  90.1  35.8  78.9  75.0  36.2  81.2  88.0 106.3 117.9 162.3 184.7 149.9 107.5  98.0  69.3  80.4 163.8 114.7 102.9  92.9 105.6  71.7  72.4  85.1  84.2  68.5  90.1   7.2  34.9 104.0  21.0 115.4 137.9 111.0 129.4  79.0  53.0  59.4  91.6  69.0   0.0
