54
10
0.56   0.0 136.6  69.7 159.9 201.1 181.3 202.5  32.3  61.6 154.8 191.8 148.1 137.8 110.3 215.7 190.6 110.1  61.3 145.9  66.9 143.2  22.5 185.0 154.7  72.2  25.6 150.3  55.8  85.3 120.1 120.6 127.4  51.8  15.0 121.8 131.0  82.3 168.2 112.5  57.6 113.7  47.0 122.2  33.2  28.4  34.5  72.2 178.2 103.3 187.8 138.2  86.6 132.0 160.3
0.52 136.6   0.0  69.0  70.7 146.9 156.1 167.8 141.6  83.4  91.5 168.6 182.8   1.3 167.3 187.0 175.2  64.1 140.7   9.4 115.1  94.8 114.3 145.5 174.5  76.9 122.5  89.6  99.4  62.6  21.4  17.0  79.7  99.6 130.9  20.7 217.3 140.2  49.9  29.0 170.8  63.0 113.2  60.7 109.3 132.3 136.3  93.6 118.7  41.1  64.6 121.4  66.8 214.1 122.6
0.29  69.7  69.0   0.0 111.4 173.2 166.6 184.6  82.9  16.9 117.5 179.0 163.5  70.2 135.1 201.7 181.8  69.4  93.6  78.1  75.8 111.3  47.3 163.2 162.1  42.1  53.5 113.5  53.4  19.9  56.6  54.8  92.3  32.7  62.3  58.4 175.4 103.3 108.8  43.0 114.2  71.9  46.3  78.0  40.3  73.2  79.0  60.0 145.7  46.3 127.4 122.6  48.0 174.0 136.8
0.35 159.9  70.7 111.4   0.0  76.8  92.5 100.2 149.9 128.3  27.4 104.0 139.6  70.9 138.9 119.5 112.4  49.9 134.4  71.2 108.4  39.1 141.8  78.7 126.0  87.8 156.7  28.4 106.1 116.9  62.4  68.8  39.2 143.5 160.8  61.0 193.0 122.8  33.8  90.8 171.1  46.3 156.5  37.7 144.4 143.0 143.6  91.5  49.4  65.2  45.7  71.1  73.5 188.1  60.7
0.48 201.1 146.9 173.2  76.8   0.0  38.2  29.5 180.0 189.0  57.4  42.1 111.2 147.2 132.3  46.8  53.0 103.9 154.2 148.0 135.8  62.0 189.1  21.4  92.9 137.2 206.7  60.7 146.1 183.9 135.3 142.3  80.9 201.7 207.1 134.3 180.5 134.3 107.5 163.5 189.7 101.6 213.0  96.7 196.7 176.7 174.1 129.8  28.6 131.1 110.7  64.9 126.4 174.2  40.9
0.43 181.3 156.1 166.6  92.5  38.2   0.0  21.8 156.2 180.8  66.1  12.7  73.5 156.7  98.4  35.4  19.9 100.7 127.9 159.4 114.4  61.5 172.9  18.3  55.1 126.3 191.1  67.1 129.3 180.6 140.2 147.5  78.8 191.2 189.6 139.6 143.8 106.4 126.2 166.6 161.0  99.6 200.9  97.8 182.9 154.6 150.9 114.1  47.1 130.7 134.4  44.7 118.7 137.3  33.5
0.84 202.5 167.8 184.6 100.2  29.5  21.8   0.0 177.9 199.3  76.3  16.5  91.5 168.3 119.2  19.3  26.4 116.9 149.6 170.1 135.6  75.6 193.4  22.4  73.2 145.3 211.6  78.4 149.8 197.6 153.7 161.0  94.1 210.5 210.4 152.9 162.6 128.2 132.8 181.1 182.7 115.3 220.6 112.3 202.9 176.1 172.4 134.3  51.0 146.3 138.0  64.9 136.7 156.1  48.1
0.13  32.3 141.6  82.9 149.9 180.0 156.2 177.9   0.0  80.9 139.6 165.9 116.8 142.9  78.5 189.5 163.6 100.8  30.4 150.9  44.6 126.4  42.5 162.2 124.7  67.1  55.2 135.1  45.0 101.7 122.3 124.7 113.4  76.3  46.5 123.8 100.4  52.4 164.4 122.2  31.4 104.4  75.5 113.0  57.6   9.7   6.3  58.4 159.7 103.1 184.0 115.3  80.8 100.9 139.2
0.38  61.6  83.4  16.9 128.3 189.0 180.8 199.3  80.9   0.0 133.8 193.1 172.5  84.5 141.7 216.1 195.3  85.4  96.9  92.1  83.0 127.1  40.4 178.3 172.7  54.7  41.1 129.8  60.5  24.1  72.7  70.3 108.1  16.4  51.4  74.5 178.0 109.6 125.1  55.6 112.1  88.1  30.1  94.5  29.0  71.6  78.1  70.5 161.8  63.2 143.5 136.4  62.9 177.2 151.8
0.16 154.8  91.5 117.5  27.4  57.4  66.1  76.3 139.6 133.8   0.0  78.1 113.4  91.9 116.6  95.6  85.9  48.6 119.7  93.9  95.7  14.9 139.5  54.0  99.2  85.3 156.0   4.6  99.1 127.0  78.2  85.4  27.5 147.5 158.3  77.3 170.4 104.9  61.1 106.3 156.9  45.8 159.6  39.8 144.9 134.1 133.4  83.0  28.8  74.0  72.5  45.2  72.6 165.2  33.5
0.60 191.8 168.6 179.0 104.0  42.1  12.7  16.5 165.9 193.1  78.1   0.0  75.2 169.1 104.0  23.8  10.9 113.4 136.9 171.7 124.9  74.1 184.1  26.5  56.9 138.5 202.4  79.3 140.7 193.2 152.9 160.2  91.5 203.3 200.6 152.3 146.3 115.1 137.5 179.3 168.9 112.3 212.7 110.5 194.5 164.8 160.7 125.8  57.0 143.5 144.9  56.8 131.2 139.7  46.1
0.18 148.1 182.8 163.5 139.6 111.2  73.5  91.5 116.8 172.5 113.4  75.2   0.0 183.8  39.2  93.1  66.9 118.8  86.8 189.3  89.9 100.5 148.9  90.0  18.5 122.4 166.3 111.4 112.1 182.1 162.4 168.9 106.9 177.1 160.5 162.6  71.2  66.4 171.2 181.6 108.2 120.0 182.5 123.7 162.7 119.7 113.6 103.5 110.2 145.7 185.3  68.5 123.2  64.6  85.5
0.11 137.8   1.3  70.2  70.9 147.2 156.7 168.3 142.9  84.5  91.9 169.1 183.8   0.0 168.4 187.5 175.8  65.0 141.9   8.1 116.4  95.4 115.6 145.9 175.4  78.2 123.7  90.1 100.7  63.7  22.6  18.3  80.5 100.8 132.1  21.9 218.5 141.4  49.4  30.0 172.1  63.9 114.3  61.5 110.5 133.6 137.6  94.8 119.0  42.3  63.8 122.1  68.1 215.3 123.1
0.68 110.3 167.3 135.1 138.9 132.3  98.4 119.2  78.5 141.7 116.6 104.0  39.2 168.4   0.0 125.3  98.2 105.3  49.2 174.9  59.3 101.8 113.5 111.1  51.3  97.2 130.1 113.3  81.8 154.7 145.9 151.6 101.0 144.0 123.4 146.5  54.1  32.1 166.5 160.3  69.3 107.5 147.7 113.5 128.1  82.3  75.8  77.7 122.9 127.1 183.3  73.9 102.0  49.2  97.5
0.47 215.7 187.0 201.7 119.5  46.8  35.4  19.3 189.5 216.1  95.6  23.8  93.1 187.5 125.3   0.0  27.2 134.9 160.3 189.4 148.8  94.1 207.9  41.5  75.7 161.6 226.2  97.5 164.5 215.3 172.6 179.9 112.4 226.6 224.4 171.9 164.0 138.4 152.0 199.8 191.6 133.5 236.2 130.9 218.1 188.5 184.4 149.4  70.3 164.6 156.8  80.1 153.8 157.3  66.2
0.47 190.6 175.2 181.8 112.4  53.0  19.9  26.4 163.6 195.3  85.9  10.9  66.9 175.8  98.2  27.2   0.0 118.0 134.1 178.8 124.1  80.4 184.2  36.6  49.0 140.6 202.5  86.7 141.1 196.8 158.7 166.0  96.9 204.8 200.0 158.2 138.0 111.9 146.1 184.5 164.7 117.2 213.7 116.1 195.1 163.1 158.7 126.8  66.6 148.2 154.2  59.3 134.3 131.4  52.9
0.85 110.1  64.1  69.4  49.9 103.9 100.7 116.9 100.8  85.4  48.6 113.4 118.8  65.0 105.3 134.9 118.0   0.0  88.6  70.7  61.8  42.2  92.7  95.0 110.9  38.3 108.5  44.4  56.4  80.8  43.8  50.7  23.1  98.9 111.8  43.9 157.5  81.8  65.6  66.9 124.1   3.6 111.0  12.3  96.8  93.5  94.5  42.6  76.4  30.2  84.6  60.1  24.5 153.6  68.8
0.23  61.3 140.7  93.6 134.4 154.2 127.9 149.6  30.4  96.9 119.7 136.9  86.8 141.9  49.2 160.3 134.1  88.6   0.0 149.5  26.9 105.4  64.9 135.3  94.3  63.9  81.0 115.4  42.5 113.5 119.7 123.8  95.7  96.8  74.2 120.9  81.7  22.2 154.2 126.6  37.2  91.9  99.3 100.0  79.8  33.1  26.8  47.8 136.4  99.8 173.2  89.3  74.5  80.5 114.0
0.57 145.9   9.4  78.1  71.2 148.0 159.4 170.1 150.9  92.1  93.9 171.7 189.3   8.1 174.9 189.4 178.8  70.7 149.5   0.0 123.8  98.5 123.6 147.9 180.3  85.9 131.5  92.4 108.4  70.8  29.8  26.2  84.6 108.3 140.1  28.8 225.4 148.5  46.5  37.0 180.0  69.3 121.8  66.1 118.4 141.6 145.5 102.2 120.2  49.7  59.0 126.4  75.4 222.2 125.9
0.28  66.9 115.1  75.8 108.4 135.8 114.4 135.6  44.6  83.0  95.7 124.9  89.9 116.4  59.3 148.8 124.1  61.8  26.9 123.8   0.0  82.0  61.0 118.7  92.2  39.7  79.2  91.2  22.6  95.3  94.0  98.4  70.3  87.2  76.0  95.0 103.3  27.7 127.3 103.5  62.8  65.1  93.3  73.3  73.7  40.9  38.5  21.6 115.1  74.0 146.4  71.7  48.4 100.8  94.9
0.48 143.2  94.8 111.3  39.1  62.0  61.5  75.6 126.4 127.1  14.9  74.1 100.5  95.4 101.8  94.1  80.4  42.2 105.4  98.5  82.0   0.0 129.0  53.3  87.3  75.8 146.1  11.5  87.3 122.8  78.8  86.1  19.1 139.8 147.6  78.1 155.7  90.1  71.4 105.7 142.6  40.1 151.3  36.8 135.6 121.3 120.1  71.0  35.6  70.8  84.8  32.0  64.4 150.6  28.1
0.12  22.5 114.3  47.3 141.8 189.1 172.9 193.4  42.5  40.4 139.5 184.1 148.9 115.6 113.5 207.9 184.2  92.7  64.9 123.6  61.0 129.0   0.0 174.5 152.9  54.5  18.3 135.0  43.6  63.4  98.4  98.6 112.0  33.8  19.0 100.1 142.4  82.6 147.6  90.0  72.9  96.2  34.4 104.4  15.3  34.1  41.2  59.5 164.5  82.4 167.1 128.5  68.4 142.5 148.9
0.75 185.0 145.5 163.2  78.7  21.4  18.3  22.4 162.2 178.3  54.0  26.5  90.0 145.9 111.1  41.5  36.6  95.0 135.3 147.9 118.7  53.3 174.5   0.0  71.8 124.8 192.5  56.0 131.0 175.7 131.3 138.5  72.0 189.9 192.1 130.5 159.1 114.8 111.8 158.7 170.2  93.2 200.4  90.0 183.3 159.5 156.5 115.1  30.5 124.1 118.4  47.0 115.4 152.8  26.5
0.54 154.7 174.5 162.1 126.0  92.9  55.1  73.2 124.7 172.7  99.2  56.9  18.5 175.4  51.3  75.7  49.0 110.9  94.3 180.3  92.2  87.3 152.9  71.8   0.0 120.2 170.8  97.6 113.2 179.9 154.7 161.6  96.2 178.9 166.2 154.8  89.5  72.5 158.6 176.0 120.2 111.6 185.5 114.2 165.9 126.3 120.7 102.4  93.3 139.4 171.6  55.5 118.8  82.9  69.4
0.18  72.2  76.9  42.1  87.8 137.2 126.3 145.3  67.1  54.7  85.3 138.5 122.4  78.2  97.2 161.6 140.6  38.3  63.9  85.9  39.7  75.8  54.5 124.8 120.2   0.0  70.7  80.8  22.7  59.8  56.4  59.9  58.0  65.2  73.5  57.6 142.9  66.8  97.8  63.8  94.5  41.8  75.8  50.1  59.8  58.6  61.2  19.5 111.4  36.6 117.5  81.8  14.5 140.5  98.4
0.39  25.6 122.5  53.5 156.7 206.7 191.1 211.6  55.2  41.1 156.0 202.4 166.3 123.7 130.1 226.2 202.5 108.5  81.0 131.5  79.2 146.1  18.3 192.5 170.8  70.7   0.0 151.6  61.8  65.2 108.8 107.8 128.6  28.0  11.5 110.5 155.4  99.9 159.7  95.9  82.9 111.8  21.4 119.7  13.2  48.5  55.5  77.4 181.7  94.7 178.9 146.7  84.0 156.1 166.7
0.73 150.3  89.6 113.5  28.4  60.7  67.1  78.4 135.1 129.8   4.6  79.3 111.4  90.1 113.3  97.5  86.7  44.4 115.4  92.4  91.2  11.5 135.0  56.0  97.6  80.8 151.6   0.0  94.5 123.4  75.5  82.7  23.0 143.3 153.8  74.6 167.2 100.9  61.6 103.4 152.6  41.7 155.3  36.1 140.5 129.6 128.8  78.4  32.4  70.5  74.0  42.9  68.3 162.0  33.8
0.48  55.8  99.4  53.4 106.1 146.1 129.3 149.8  45.0  60.5  99.1 140.7 112.1 100.7  81.8 164.5 141.1  56.4  42.5 108.4  22.6  87.3  43.6 131.0 113.2  22.7  61.8  94.5   0.0  73.1  79.0  82.4  71.8  65.7  61.1  80.3 123.4  49.9 119.4  84.1  71.8  60.0  73.0  68.7  54.1  37.2  38.9  16.4 122.5  59.3 139.0  84.9  35.9 121.5 105.6
0.25  85.3  62.6  19.9 116.9 183.9 180.6 197.6 101.7  24.1 127.0 193.2 182.1  63.7 154.7 215.3 196.8  80.8 113.5  70.8  95.3 122.8  63.4 175.7 179.9  59.8  65.2 123.4  73.1   0.0  56.4  52.2 103.8  38.9  75.5  58.1 195.2 122.9 108.3  33.8 133.1  82.7  51.8  87.3  53.1  92.1  98.1  78.6 155.8  53.1 125.5 137.6  62.7 193.8 149.5
0.31 120.1  21.4  56.6  62.4 135.3 140.2 153.7 122.3  72.7  78.2 152.9 162.4  22.6 145.9 172.6 158.7  43.8 119.7  29.8  94.0  78.8  98.4 131.3 154.7  56.4 108.8  75.5  79.0  56.4   0.0   7.3  62.0  89.0 116.1   1.8 195.9 118.8  52.5  28.5 150.8  43.3 102.7  42.7  95.6 113.2 116.7  72.4 106.7  20.0  70.8 102.9  45.6 192.7 106.9
0.45 120.6  17.0  54.8  68.8 142.3 147.5 161.0 124.7  70.3  85.4 160.2 168.9  18.3 151.6 179.9 166.0  50.7 123.8  26.2  98.4  86.1  98.6 138.5 161.6  59.9 107.8  82.7  82.4  52.2   7.3   0.0  69.2  86.7 115.7   8.1 200.9 123.9  56.1  22.1 153.8  50.3 100.4  50.0  94.6 115.4 119.3  76.9 113.7  24.6  73.6 110.0  50.3 197.9 114.2
0.42 127.4  79.7  92.3  39.2  80.9  78.8  94.1 113.4 108.1  27.5  91.5 106.9  80.5 101.0 112.4  96.9  23.1  95.7  84.6  70.3  19.1 112.0  72.0  96.2  58.0 128.6  23.0  71.8 103.8  62.0  69.2   0.0 121.2 130.8  61.5 154.9  83.6  65.7  87.8 132.7  21.2 132.9  19.3 117.7 107.4 107.1  55.9  53.8  52.2  82.3  41.8  45.8 150.3  46.2
0.59  51.8  99.6  32.7 143.5 201.7 191.2 210.5  76.3  16.4 147.5 203.3 177.1 100.8 144.0 226.6 204.8  98.9  96.8 108.3  87.2 139.8  33.8 189.9 178.9  65.2  28.0 143.3  65.7  38.9  89.0  86.7 121.2   0.0  39.3  90.8 175.9 112.2 141.4  71.6 106.5 101.8  13.7 108.7  19.0  67.8  74.8  78.3 175.0  78.7 159.8 146.5  75.4 175.8 163.5
0.37  15.0 130.9  62.3 160.8 207.1 189.6 210.4  46.5  51.4 158.3 200.6 160.5 132.1 123.4 224.4 200.0 111.8  74.2 140.1  76.0 147.6  19.0 192.1 166.2  73.5  11.5 153.8  61.1  75.5 116.1 115.7 130.8  39.3   0.0 117.8 145.9  94.3 166.1 105.1  72.6 115.2  32.7 123.4  22.5  41.1  47.8  77.4 183.1 100.8 185.5 145.7  87.5 146.8 166.7
0.36 121.8  20.7  58.4  61.0 134.3 139.6 152.9 123.8  74.5  77.3 152.3 162.6  21.9 146.5 171.9 158.2  43.9 120.9  28.8  95.0  78.1 100.1 130.5 154.8  57.6 110.5  74.6  80.3  58.1   1.8   8.1  61.5  90.8 117.8   0.0 196.7 119.7  50.7  29.8 152.1  43.2 104.5  42.3  97.4 114.7 118.1  73.4 105.6  21.1  69.0 102.6  46.6 193.4 106.2
0.48 131.0 217.3 175.4 193.0 180.5 143.8 162.6 100.4 178.0 170.4 146.3  71.2 218.5  54.1 164.0 138.0 157.5  81.7 225.4 103.3 155.7 142.4 159.1  89.5 142.9 155.4 167.2 123.4 195.2 195.9 200.9 154.9 175.9 145.9 196.7   0.0  77.0 220.2 206.7  74.6 160.0 175.9 166.5 157.7 108.3 101.2 124.3 174.8 176.3 237.2 126.8 150.6   6.7 149.2
0.63  82.3 140.2 103.3 122.8 134.3 106.4 128.2  52.4 109.6 104.9 115.1  66.4 141.4  32.1 138.4 111.9  81.8  22.2 148.5  27.7  90.1  82.6 114.8  72.5  66.8  99.9 100.9  49.9 122.9 118.8 123.9  83.6 112.2  94.3 119.7  77.0   0.0 146.4 130.5  55.4  84.6 116.6  91.9  96.8  53.9  48.3  47.6 118.5  99.3 164.5  69.9  73.6  74.1  94.9
0.87 168.2  49.9 108.8  33.8 107.5 126.2 132.8 164.4 125.1  61.1 137.5 171.2  49.4 166.5 152.0 146.1  65.6 154.2  46.5 127.3  71.4 147.6 111.8 158.6  97.8 159.7  61.6 119.4 108.3  52.5  56.1  65.7 141.4 166.1  50.7 220.2 146.4   0.0  76.6 189.3  62.4 155.0  54.6 146.7 156.3 158.3 107.5  81.8  65.2  19.7 103.2  83.7 215.7  94.5
0.51 112.5  29.0  43.0  90.8 163.5 166.6 181.1 122.2  55.6 106.3 179.3 181.6  30.0 160.3 199.8 184.5  66.9 126.6  37.0 103.5 105.7  90.0 158.7 176.0  63.8  95.9 103.4  84.1  33.8  28.5  22.1  87.8  71.6 105.1  29.8 206.7 130.5  76.6   0.0 152.8  67.4  85.0  68.9  83.0 112.6 117.5  82.9 134.9  36.9  92.8 127.0  58.8 204.3 133.7
0.76  57.6 170.8 114.2 171.1 189.7 161.0 182.7  31.4 112.1 156.9 168.9 108.2 172.1  69.3 191.6 164.7 124.1  37.2 180.0  62.8 142.6  72.9 170.2 120.2  94.5  82.9 152.6  71.8 133.1 150.8 153.8 132.7 106.5  72.6 152.1  74.6  55.4 189.3 152.8   0.0 127.5 104.1 135.9  87.6  41.0  35.4  81.8 173.1 131.1 208.6 125.1 107.1  76.5 150.1
0.60 113.7  63.0  71.9  46.3 101.6  99.6 115.3 104.4  88.1  45.8 112.3 120.0  63.9 107.5 133.5 117.2   3.6  91.9  69.3  65.1  40.1  96.2  93.2 111.6  41.8 111.8  41.7  60.0  82.7  43.3  50.3  21.2 101.8 115.2  43.2 160.0  84.6  62.4  67.4 127.5   0.0 114.1   8.7 100.1  97.1  98.1  46.2  73.8  31.2  81.3  59.9  27.8 156.1  67.3
0.74  47.0 113.2  46.3 156.5 213.0 200.9 220.6  75.5  30.1 159.6 212.7 182.5 114.3 147.7 236.2 213.7 111.0  99.3 121.8  93.3 151.3  34.4 200.4 185.5  75.8  21.4 155.3  73.0  51.8 102.7 100.4 132.9  13.7  32.7 104.5 175.9 116.6 155.0  85.0 104.1 114.1   0.0 121.2  19.7  68.0  75.1  87.0 186.7  91.9 173.5 156.1  87.1 176.3 174.2
0.66 122.2  60.7  78.0  37.7  96.7  97.8 112.3 113.0  94.5  39.8 110.5 123.7  61.5 113.5 130.9 116.1  12.3 100.0  66.1  73.3  36.8 104.4  90.0 114.2  50.1 119.7  36.1  68.7  87.3  42.7  50.0  19.3 108.7 123.4  42.3 166.5  91.9  54.6  68.9 135.9   8.7 121.2   0.0 107.8 105.8 106.7  54.8  68.5  34.5  73.2  60.7  35.9 162.4  64.7
0.63  33.2 109.3  40.3 144.4 196.7 182.9 202.9  57.6  29.0 144.9 194.5 162.7 110.5 128.1 218.1 195.1  96.8  79.8 118.4  73.7 135.6  15.3 183.3 165.9  59.8  13.2 140.5  54.1  53.1  95.6  94.6 117.7  19.0  22.5  97.4 157.7  96.8 146.7  83.0  87.6 100.1  19.7 107.8   0.0  49.4  56.5  68.8 171.1  81.8 165.8 138.2  72.4 157.8 157.2
0.47  28.4 132.3  73.2 143.0 176.7 154.6 176.1   9.7  71.6 134.1 164.8 119.7 133.6  82.3 188.5 163.1  93.5  33.1 141.6  40.9 121.3  34.1 159.5 126.3  58.6  48.5 129.6  37.2  92.1 113.2 115.4 107.4  67.8  41.1 114.7 108.3  53.9 156.3 112.6  41.0  97.1  68.0 105.8  49.4   0.0   7.1  51.7 155.4  94.2 175.9 112.5  72.6 108.4 135.8
0.60  34.5 136.3  79.0 143.6 174.1 150.9 172.4   6.3  78.1 133.4 160.7 113.6 137.6  75.8 184.4 158.7  94.5  26.8 145.5  38.5 120.1  41.2 156.5 120.7  61.2  55.5 128.8  38.9  98.1 116.7 119.3 107.1  74.8  47.8 118.1 101.2  48.3 158.3 117.5  35.4  98.1  75.1 106.7  56.5   7.1   0.0  52.1 153.6  97.4 177.8 109.6  74.7 101.3 133.3
0.18  72.2  93.6  60.0  91.5 129.8 114.1 134.3  58.4  70.5  83.0 125.8 103.5  94.8  77.7 149.4 126.8  42.6  47.8 102.2  21.6  71.0  59.5 115.1 102.4  19.5  77.4  78.4  16.4  78.6  72.4  76.9  55.9  78.3  77.4  73.4 124.3  47.6 107.5  82.9  81.8  46.2  87.0  54.8  68.8  51.7  52.1   0.0 106.1  52.5 126.8  69.5  26.8 121.6  89.4
0.31 178.2 118.7 145.7  49.4  28.6  47.1  51.0 159.7 161.8  28.8  57.0 110.2 119.0 122.9  70.3  66.6  76.4 136.4 120.2 115.1  35.6 164.5  30.5  93.3 111.4 181.7  32.4 122.5 155.8 106.7 113.7  53.8 175.0 183.1 105.6 174.8 118.5  81.8 134.9 173.1  73.8 186.7  68.5 171.1 155.4 153.6 106.1   0.0 102.8  87.9  49.6  99.6 168.9  25.6
0.14 103.3  41.1  46.3  65.2 131.1 130.7 146.3 103.1  63.2  74.0 143.5 145.7  42.3 127.1 164.6 148.2  30.2  99.8  49.7  74.0  70.8  82.4 124.1 139.4  36.6  94.7  70.5  59.3  53.1  20.0  24.6  52.2  78.7 100.8  21.1 176.3  99.3  65.2  36.9 131.1  31.2  91.9  34.5  81.8  94.2  97.4  52.5 102.8   0.0  84.7  90.2  25.7 173.2  98.4
0.22 187.8  64.6 127.4  45.7 110.7 134.4 138.0 184.0 143.5  72.5 144.9 185.3  63.8 183.3 156.8 154.2  84.6 173.2  59.0 146.4  84.8 167.1 118.4 171.6 117.5 178.9  74.0 139.0 125.5  70.8  73.6  82.3 159.8 185.5  69.0 237.2 164.5  19.7  92.8 208.6  81.3 173.5  73.2 165.8 175.9 177.8 126.8  87.9  84.7   0.0 116.8 103.3 232.5 104.7
0.89 138.2 121.4 122.6  71.1  64.9  44.7  64.9 115.3 136.4  45.2  56.8  68.5 122.1  73.9  80.1  59.3  60.1  89.3 126.4  71.7  32.0 128.5  47.0  55.5  81.8 146.7  42.9  84.9 137.6 102.9 110.0  41.8 146.5 145.7 102.6 126.8  69.9 103.2 127.0 125.1  59.9 156.1  60.7 138.2 112.5 109.6  69.5  49.6  90.2 116.8   0.0  75.0 121.3  25.0
0.10  86.6  66.8  48.0  73.5 126.4 118.7 136.7  80.8  62.9  72.6 131.2 123.2  68.1 102.0 153.8 134.3  24.5  74.5  75.4  48.4  64.4  68.4 115.4 118.8  14.5  84.0  68.3  35.9  62.7  45.6  50.3  45.8  75.4  87.5  46.6 150.6  73.6  83.7  58.8 107.1  27.8  87.1  35.9  72.4  72.6  74.7  26.8  99.6  25.7 103.3  75.0   0.0 147.7  88.9
0.29 132.0 214.1 174.0 188.1 174.2 137.3 156.1 100.9 177.2 165.2 139.7  64.6 215.3  49.2 157.3 131.4 153.6  80.5 222.2 100.8 150.6 142.5 152.8  82.9 140.5 156.1 162.0 121.5 193.8 192.7 197.9 150.3 175.8 146.8 193.4   6.7  74.1 215.7 204.3  76.5 156.1 176.3 162.4 157.8 108.4 101.3 121.6 168.9 173.2 232.5 121.3 147.7   0.0 143.4
0.56 160.3 122.6 136.8  60.7  40.9  33.5  48.1 139.2 151.8  33.5  46.1  85.5 123.1  97.5  66.2  52.9  68.8 114.0 125.9  94.9  28.1 148.9  26.5  69.4  98.4 166.7  33.8 105.6 149.5 106.9 114.2  46.2 163.5 166.7 106.2 149.2  94.9  94.5 133.7 150.1  67.3 174.2  64.7 157.2 135.8 133.3  89.4  25.6  98.4 104.7  25.0  88.9 143.4   0.0
