54
10
0.19   0.0 113.3  88.0   8.7 150.5 155.1 125.1  65.6 168.0  98.2  28.5  39.9 180.5  58.5 134.5  50.0  83.4 185.6 102.4 125.6 144.1 127.5 119.6 158.8 176.7  38.8  14.1  66.1 113.7  90.9 127.4  66.5  91.9 128.9 115.6 119.9  37.8  11.5 159.0  20.7  65.7 120.7  99.7  68.9 186.2  62.7  53.1 122.5 126.2 168.2  47.2 149.0 159.7  15.3
0.19 113.3   0.0  54.1 120.2 121.9  89.9 111.6  89.1  83.3 110.2 141.8 149.1  75.6  73.4  98.8  65.1 112.6 101.3 126.4  45.3  46.1  15.0   7.8  73.2 102.4 125.5 108.1  59.0   2.6  76.3  19.0  53.3  85.1  71.5  48.0   7.0 150.0 123.6 104.7 130.3 131.4   8.5  86.4  97.0 104.1  94.1  89.5  29.8  47.9 182.1 151.8  43.9  47.2 104.9
0.80  88.0  54.1   0.0  96.6  80.0  68.7  62.7  38.8  80.1  56.3 114.3 127.9  97.3  80.2  58.0  42.4  59.0  97.7  72.4  39.6  61.1  61.0  61.8  71.0  89.4 115.5  77.2  69.5  52.4 102.4  55.9  61.8  31.3 116.0  28.3  60.2 118.2  95.0  76.2  98.4  82.2  62.2  34.0 108.0  98.3  44.4  44.1  42.7  39.5 130.8 113.5  97.8  87.0  86.9
0.89   8.7 120.2  96.6   0.0 158.9 163.8 133.4  74.1 176.5 106.2  22.2  31.3 188.4  61.5 143.1  57.9  91.1 194.2 109.8 134.0 152.2 134.6 126.3 167.2 185.4  32.9  22.3  70.6 120.7  92.7 134.8  71.8 100.5 131.8 124.0 126.7  33.6  11.2 167.7  20.5  71.4 127.4 108.3  68.3 194.8  71.1  61.7 130.5 134.6 175.0  46.6 154.7 166.9  17.3
0.80 150.5 121.9  80.0 158.9   0.0  47.7  26.3  84.9  74.9  56.0 169.8 188.1 113.6 159.2  23.2 117.7  73.3  79.1  62.9  79.1  94.5 120.2 127.8  75.5  61.8 185.6 136.7 149.4 119.4 182.3 112.1 141.8  59.5 191.8  73.9 125.5 167.7 152.9  32.6 151.7 106.3 127.6  52.1 186.7  76.0  87.9  97.4  94.8  76.5  71.5 154.1 158.9 129.1 155.3
0.75 155.1  89.9  68.7 163.8  47.7   0.0  58.3  94.3  27.5  81.6 179.6 195.0  66.0 145.7  34.7 111.1  96.5  36.2  95.2  44.8  51.8  83.6  93.8  28.2  22.2 184.2 143.1 133.1  87.3 161.2  75.2 125.4  68.5 161.3  46.8  91.4 181.3 160.8  17.4 162.5 129.7  93.3  61.7 173.3  34.7  99.3 105.0  60.1  42.3 119.2 172.2 119.5  84.8 155.4
0.72 125.1 111.6  62.7 133.4  26.3  58.3   0.0  59.8  85.0  29.9 143.7 162.2 120.4 138.5  23.6  95.8  47.1  94.0  38.8  74.4  94.1 113.2 118.5  82.3  77.8 161.0 111.2 130.0 109.4 164.2 105.7 122.7  36.4 178.3  65.8 116.4 141.5 127.0  49.1 125.6  80.4 118.5  30.1 165.5  91.8  62.3  72.3  88.3  72.1  70.9 127.9 152.4 128.4 130.8
0.37  65.6  89.1  38.8  74.1  84.9  94.3  59.8   0.0 112.3  35.8  86.7 103.9 134.8  85.3  69.5  42.4  27.3 128.1  46.4  76.9  99.2  98.3  96.9 104.7 116.5 101.3  52.0  80.5  87.9 115.6  94.0  74.4  26.9 139.8  65.0  95.8  87.1  68.7  95.3  69.0  43.5  97.5  34.6 110.3 127.8   5.7  12.6  81.5  76.3 113.1  78.4 132.8 125.7  71.1
0.50 168.0  83.3  80.1 176.5  74.9  27.5  85.0 112.3   0.0 105.7 194.2 207.9  39.5 148.9  61.4 120.4 119.3  18.7 120.4  44.4  37.9  73.0  85.1  10.3  22.0 193.1 157.2 135.2  80.8 158.9  65.4 127.8  88.9 152.0  52.7  82.6 197.5 175.1  43.1 178.0 151.3  84.2  83.1 175.6  21.0 117.8 121.5  55.2  43.1 146.4 190.7 103.7  64.7 165.9
0.32  98.2 110.2  56.3 106.2  56.0  81.6  29.9  35.8 105.7   0.0 114.8 133.9 136.7 120.4  48.8  77.1  17.2 117.8  16.7  82.9 105.2 115.6 117.8 100.8 102.9 135.6  84.1 114.4 108.4 149.5 109.3 107.8  25.1 169.9  71.8 116.1 112.0  98.9  76.2  96.7  50.7 118.1  25.8 145.9 116.3  36.5  47.5  93.4  81.3  78.2  98.0 153.6 137.2 105.7
0.29  28.5 141.8 114.3  22.2 169.8 179.6 143.7  86.7 194.2 114.8   0.0  20.5 208.4  83.1 156.1  78.2  98.3 211.5 115.3 152.8 171.9 156.0 148.1 185.3 201.5  43.7  37.0  92.7 142.2 113.2 155.8  94.0 113.5 153.1 142.3 148.4  13.8  19.3 181.8  18.1  72.1 149.2 121.3  86.7 211.8  82.6  75.0 150.5 153.2 177.1  33.0 176.9 188.2  39.3
0.66  39.9 149.1 127.9  31.3 188.1 195.0 162.2 103.9 207.9 133.9  20.5   0.0 219.1  83.3 173.3  88.7 117.7 225.6 135.1 165.2 183.0 163.8 154.7 198.5 216.6  33.5  52.2  95.2 149.8 109.6 164.5  98.0 130.6 150.6 155.3 155.3  31.1  35.2 198.4  37.6  92.5 155.8 138.4  80.2 226.1 100.3  91.7 161.2 165.8 197.5  51.9 180.7 196.2  44.3
0.27 180.5  75.6  97.3 188.4 113.6  66.0 120.4 134.8  39.5 136.7 208.4 219.1   0.0 148.7  97.6 130.6 147.7  46.1 152.6  58.0  36.6  61.2  73.6  38.4  59.4 198.9 172.0 134.3  73.9 150.0  57.0 128.0 115.8 133.3  69.8  71.8 214.0 189.3  82.5 194.0 177.0  72.5 111.7 172.6  50.5 140.5 141.4  58.0  58.5 185.1 210.7  78.3  36.7 175.1
0.63  58.5  73.4  80.2  61.5 159.2 145.7 138.5  85.3 148.9 120.4  83.1  83.3 148.7   0.0 137.9  43.4 111.9 167.6 131.5 104.8 115.9  88.4  77.1 138.7 163.9  54.3  62.4  14.4  74.9  33.7  91.6  21.2 102.3  70.5  99.1  78.4  95.1  69.9 155.6  79.1 110.3  78.3 108.5  27.9 169.5  86.5  75.7  94.7 106.5 198.3 105.5  98.2 119.7  44.2
0.80 134.5  98.8  58.0 143.1  23.2  34.7  23.6  69.5  61.4  48.8 156.1 173.3  97.6 137.9   0.0  97.6  65.0  70.6  61.0  56.8  74.1  97.7 104.8  59.3  54.7 167.8 121.2 127.5  96.4 159.8  89.6 119.8  42.7 168.7  50.9 102.5 155.7 138.2  27.5 138.3  98.9 104.7  34.9 165.7  68.5  73.5  81.7  72.2  54.3  89.3 144.2 136.6 108.8 137.7
0.52  50.0  65.1  42.4  57.9 117.7 111.1  95.8  42.4 120.4  77.1  78.2  88.7 130.6  43.4  97.6   0.0  69.6 138.6  88.8  76.8  94.3  78.6  72.0 110.7 131.5  73.2  43.1  38.2  65.1  73.2  77.7  32.7  59.4 100.0  67.7  71.9  85.3  59.4 118.2  65.4  74.6  73.1  66.1  69.8 139.6  44.4  34.6  72.6  77.7 155.2  86.9 104.7 110.4  45.5
0.27  83.4 112.6  59.0  91.1  73.3  96.5  47.1  27.3 119.3  17.2  98.3 117.7 147.7 111.9  65.0  69.6   0.0 132.5  19.9  91.7 114.3 120.0 120.4 113.4 118.3 121.5  69.3 107.7 111.1 142.8 114.6 101.8  32.0 166.9  79.9 119.0  95.0  83.1  92.5  80.3  33.9 120.9  36.4 136.0 131.3  25.4  36.4  99.9  90.4  87.3  80.8 156.5 144.4  92.2
0.22 185.6 101.3  97.7 194.2  79.1  36.2  94.0 128.1  18.7 117.8 211.5 225.6  46.1 167.6  70.6 138.6 132.5   0.0 131.4  63.0  55.4  90.3 102.6  29.0  17.4 211.5 174.5 153.9  98.9 177.2  83.1 146.5 103.5 168.9  70.9 100.3 214.2 192.4  46.7 194.9 165.4 101.8  97.0 194.3   4.4 133.4 137.9  73.7  61.6 149.3 206.5 118.5  77.9 184.0
0.15 102.4 126.4  72.4 109.8  62.9  95.2  38.8  46.4 120.4  16.7 115.3 135.1 152.6 131.5  61.0  88.8  19.9 131.4   0.0  99.5 121.7 132.2 134.1 116.1 115.8 140.8  88.4 126.8 124.7 161.9 126.0 120.5  41.6 184.4  88.4 132.4 110.4 101.2  87.7  97.5  45.4 134.4  42.5 155.8 129.5  45.1  56.2 110.1  97.8  67.4  94.2 170.0 153.9 111.8
0.40 125.6  45.3  39.6 134.0  79.1  44.8  74.4  76.9  44.4  82.9 152.8 165.2  58.0 104.8  56.8  76.8  91.7  63.0  99.5   0.0  22.7  41.2  49.9  34.3  59.7 149.0 115.9  91.3  42.8 117.2  33.0  83.8  59.8 116.9  12.0  47.5 157.4 133.5  59.4 137.5 119.5  49.6  57.1 131.8  64.8  82.5  83.6  16.0   2.6 144.8 153.1  79.8  54.7 122.4
0.32 144.1  46.1  61.1 152.2  94.5  51.8  94.1  99.2  37.9 105.2 171.9 183.0  36.6 115.9  74.1  94.3 114.3  55.4 121.7  22.7   0.0  35.1  47.2  28.4  58.7 164.1 135.4 101.7  43.8 122.3  27.7  94.8  82.4 114.1  34.6  44.9 177.4 152.7  68.9 157.4 142.0  46.4  79.5 141.4  58.5 104.8 105.2  21.9  24.0 163.3 174.3  67.9  34.7 139.3
0.50 127.5  15.0  61.0 134.6 120.2  83.6 113.2  98.3  73.0 115.6 156.0 163.8  61.2  88.4  97.7  78.6 120.0  90.3 132.2  41.2  35.1   0.0  12.7  63.3  93.4 140.5 121.7  74.0  14.0  89.3   8.4  68.3  90.6  79.1  47.5  10.6 163.8 137.6  99.6 144.0 141.4  11.7  90.7 111.4  93.5 103.6 100.2  25.4  43.8 184.1 164.7  39.2  32.4 119.5
0.89 119.6   7.8  61.8 126.3 127.8  93.8 118.5  96.9  85.1 117.8 148.1 154.7  73.6  77.1 104.8  72.0 120.4 102.6 134.1  49.9  47.2  12.7   0.0  75.2 105.0 130.1 114.9  62.8   9.3  76.6  19.6  57.7  92.6  67.7  53.9   2.5 156.6 130.1 109.3 137.0 139.1   1.2  93.8  99.3 105.7 101.8  97.2  34.0  52.6 189.1 158.9  36.1  42.6 110.6
0.72 158.8  73.2  71.0 167.2  75.5  28.2  82.3 104.7  10.3 100.8 185.3 198.5  38.4 138.7  59.3 110.7 113.4  29.0 116.1  34.3  28.4  63.3  75.2   0.0  30.3 183.2 148.3 124.9  70.7 148.6  55.6 117.6  82.3 142.4  43.2  72.8 189.0 166.1  45.4 169.3 144.7  74.4  77.1 165.3  31.2 110.2 113.3  44.9  33.1 146.8 182.8  95.5  58.0 156.3
0.86 176.7 102.4  89.4 185.4  61.8  22.2  77.8 116.5  22.0 102.9 201.5 216.6  59.4 163.9  54.7 131.5 118.3  17.4 115.8  59.7  58.7  93.4 105.0  30.3   0.0 204.8 164.9 150.8  99.9 176.7  85.5 143.2  90.7 172.5  65.0 102.5 203.4 182.6  29.5 184.5 151.7 104.3  83.8 191.2  14.3 121.5 127.0  73.1  57.8 132.0 194.5 125.5  86.7 176.3
0.40  38.8 125.5 115.5  32.9 185.6 184.2 161.0 101.3 193.1 135.6  43.7  33.5 198.9  54.3 167.8  73.2 121.5 211.5 140.8 149.0 164.1 140.5 130.1 183.2 204.8   0.0  52.5  67.8 126.6  77.0 142.5  72.3 126.2 118.2 140.7 131.1  57.5  43.8 190.4  52.0 104.2 131.3 133.7  46.9 212.7  99.3  88.8 142.2 150.1 207.0  75.6 152.5 172.5  30.3
0.32  14.1 108.1  77.2  22.3 136.7 143.1 111.2  52.0 157.2  84.1  37.0  52.2 172.0  62.4 121.2  43.1  69.3 174.5  88.4 115.9 135.4 121.7 114.9 148.3 164.9  52.5   0.0  67.2 108.2  96.0 120.6  66.0  78.5 131.7 105.3 114.9  42.4  17.8 146.2  22.3  53.3 115.9  86.3  77.5 174.9  48.9  39.6 114.2 116.2 154.5  45.3 146.3 153.4  25.2
0.66  66.1  59.0  69.5  70.6 149.4 133.1 130.0  80.5 135.2 114.4  92.7  95.2 134.3  14.4 127.5  38.2 107.7 153.9 126.8  91.3 101.7  74.0  62.8 124.9 150.8  67.8  67.2   0.0  60.5  35.2  77.2   7.8  94.3  64.8  86.3  64.0 103.8  77.6 143.7  86.3 110.5  64.0 100.0  40.5 155.9  82.6  72.5  80.7  93.1 192.6 112.0  85.5 105.4  53.4
0.54 113.7   2.6  52.4 120.7 119.4  87.3 109.4  87.9  80.8 108.4 142.2 149.8  73.9  74.9  96.4  65.1 111.1  98.9 124.7  42.8  43.8  14.0   9.3  70.7  99.9 126.6 108.2  60.5   0.0  78.5  17.0  54.6  83.3  74.1  45.5   7.9 150.2 123.9 102.2 130.4 130.4   9.8  84.5  98.8 101.7  93.0  88.6  27.2  45.3 180.0 151.7  45.4  46.4 105.5
0.48  90.9  76.3 102.4  92.7 182.3 161.2 164.2 115.6 158.9 149.5 113.2 109.6 150.0  33.7 159.8  73.2 142.8 177.2 161.9 117.2 122.3  89.3  76.6 148.6 176.7  77.0  96.0  35.2  78.5   0.0  95.1  41.8 128.9  41.3 114.7  78.7 126.1 102.0 173.5 111.5 143.7  77.7 134.2  31.4 179.8 117.6 107.3 103.8 119.4 227.7 138.1  84.8 116.3  76.0
0.17 127.4  19.0  55.9 134.8 112.1  75.2 105.7  94.0  65.4 109.3 155.8 164.5  57.0  91.6  89.6  77.7 114.6  83.1 126.0  33.0  27.7   8.4  19.6  55.6  85.5 142.5 120.6  77.2  17.0  95.1   0.0  71.0  84.4  87.0  39.8  17.2 163.0 137.1  91.2 143.0 137.4  18.8  84.0 115.8  86.1  99.4  96.8  17.4  35.6 176.5 162.8  47.0  32.9 120.2
0.13  66.5  53.3  61.8  71.8 141.8 125.4 122.7  74.4 127.8 107.8  94.0  98.0 128.0  21.2 119.8  32.7 101.8 146.5 120.5  83.8  94.8  68.3  57.7 117.6 143.2  72.3  66.0   7.8  54.6  41.8  71.0   0.0  87.2  68.0  78.6  58.8 104.3  77.8 135.9  86.2 106.4  58.9  92.6  48.1 148.5  76.9  67.2  73.6  85.5 186.0 111.1  83.0 100.2  54.9
0.49  91.9  85.1  31.3 100.5  59.5  68.5  36.4  26.9  88.9  25.1 113.5 130.6 115.8 102.3  42.7  59.4  32.0 103.5  41.6  59.8  82.4  90.6  92.6  82.3  90.7 126.2  78.5  94.3  83.3 128.9  84.4  87.2   0.0 146.4  48.1  91.0 113.7  95.5  68.4  95.8  62.5  93.0   7.8 129.1 102.7  31.3  39.0  68.9  58.4 100.3 103.8 128.5 113.1  95.9
0.82 128.9  71.5 116.0 131.8 191.8 161.3 178.3 139.8 152.0 169.9 153.1 150.6 133.3  70.5 168.7 100.0 166.9 168.9 184.4 116.9 114.1  79.1  67.7 142.4 172.5 118.2 131.7  64.8  74.1  41.3  87.0  68.0 146.4   0.0 118.6  70.2 165.4 140.3 176.3 149.6 174.4  68.3 150.0  72.4 172.3 143.0 134.2 101.2 119.4 246.6 175.8  57.2  96.8 114.6
0.86 115.6  48.0  28.3 124.0  73.9  46.8  65.8  65.0  52.7  71.8 142.3 155.3  69.8  99.1  50.9  67.7  79.9  70.9  88.4  12.0  34.6  47.5  53.9  43.2  65.0 140.7 105.3  86.3  45.5 114.7  39.8  78.6  48.1 118.6   0.0  51.6 146.4 123.1  59.0 126.6 107.5  53.8  46.0 126.7  72.0  70.6  71.9  22.6  11.4 136.7 141.5  86.6  65.4 113.2
0.59 119.9   7.0  60.2 126.7 125.5  91.4 116.4  95.8  82.6 116.1 148.4 155.3  71.8  78.4 102.5  71.9 119.0 100.3 132.4  47.5  44.9  10.6   2.5  72.8 102.5 131.1 114.9  64.0   7.9  78.7  17.2  58.8  91.0  70.2  51.6   0.0 156.7 130.3 106.8 137.1 138.2   2.1  91.9 101.0 103.3 100.8  96.3  31.5  50.1 187.1 158.7  37.6  41.4 111.2
0.74  37.8 150.0 118.2  33.6 167.7 181.3 141.5  87.1 197.5 112.0  13.8  31.1 214.0  95.1 155.7  85.3  95.0 214.2 110.4 157.4 177.4 163.8 156.6 189.0 203.4  57.5  42.4 103.8 150.2 126.1 163.0 104.3 113.7 165.4 146.4 156.7   0.0  26.7 182.2  20.1  65.7 157.7 121.3 100.2 214.2  82.5  76.4 156.4 157.6 169.6  20.9 186.7 195.7  50.9
0.47  11.5 123.6  95.0  11.2 152.9 160.8 127.0  68.7 175.1  98.9  19.3  35.2 189.3  69.9 138.2  59.4  83.1 192.4 101.2 133.5 152.7 137.6 130.1 166.1 182.6  43.8  17.8  77.6 123.9 102.0 137.1  77.8  95.5 140.3 123.1 130.3  26.7   0.0 163.5   9.6  61.2 131.2 103.3  78.9 192.7  65.1  56.6 131.4 133.9 165.5  36.2 160.0 169.6  26.1
0.18 159.0 104.7  76.2 167.7  32.6  17.4  49.1  95.3  43.1  76.2 181.8 198.4  82.5 155.6  27.5 118.2  92.5  46.7  87.7  59.4  68.9  99.6 109.3  45.4  29.5 190.4 146.2 143.7 102.2 173.5  91.2 135.9  68.4 176.3  59.0 106.8 182.2 163.5   0.0 164.2 126.3 108.8  60.9 183.4  43.8  99.7 106.9  75.3  56.9 103.7 171.3 136.3 102.2 160.8
0.85  20.7 130.3  98.4  20.5 151.7 162.5 125.6  69.0 178.0  96.7  18.1  37.6 194.0  79.1 138.3  65.4  80.3 194.9  97.5 137.5 157.4 144.0 137.0 169.3 184.5  52.0  22.3  86.3 130.4 111.5 143.0  86.2  95.8 149.6 126.6 137.1  20.1   9.6 164.2   0.0  55.4 138.0 103.5  88.6 195.1  64.7  57.6 136.3 137.7 160.3  26.6 167.8 175.8  35.7
0.54  65.7 131.4  82.2  71.4 106.3 129.7  80.4  43.5 151.3  50.7  72.1  92.5 177.0 110.3  98.9  74.6  33.9 165.4  45.4 119.5 142.0 141.4 139.1 144.7 151.7 104.2  53.3 110.5 130.4 143.7 137.4 106.4  62.5 174.4 107.5 138.2  65.7  61.2 126.3  55.4   0.0 139.9  68.4 129.6 164.4  38.0  42.2 124.9 118.6 105.0  48.8 174.6 169.2  78.5
0.58 120.7   8.5  62.2 127.4 127.6  93.3 118.5  97.5  84.2 118.1 149.2 155.8  72.5  78.3 104.7  73.1 120.9 101.8 134.4  49.6  46.4  11.7   1.2  74.4 104.3 131.3 115.9  64.0   9.8  77.7  18.8  58.9  93.0  68.3  53.8   2.1 157.7 131.2 108.8 138.0 139.9   0.0  94.0 100.5 104.9 102.5  97.9  33.5  52.2 189.2 159.9  35.6  41.4 111.8
0.58  99.7  86.4  34.0 108.3  52.1  61.7  30.1  34.6  83.1  25.8 121.3 138.4 111.7 108.5  34.9  66.1  36.4  97.0  42.5  57.1  79.5  90.7  93.8  77.1  83.8 133.7  86.3 100.0  84.5 134.2  84.0  92.6   7.8 150.0  46.0  91.9 121.3 103.3  60.9 103.5  68.4  94.0   0.0 135.6  96.1  38.8  46.7  67.8  55.5  96.8 110.9 129.1 111.4 103.5
0.34  68.9  97.0 108.0  68.3 186.7 173.3 165.5 110.3 175.6 145.9  86.7  80.2 172.6  27.9 165.7  69.8 136.0 194.3 155.8 131.8 141.4 111.4  99.3 165.3 191.2  46.9  77.5  40.5  98.8  31.4 115.8  48.1 129.1  72.4 126.7 101.0 100.2  78.9 183.4  88.6 129.6 100.5 135.6   0.0 196.3 110.7  99.7 120.8 133.6 223.1 115.0 113.9 141.3  53.7
0.26 186.2 104.1  98.3 194.8  76.0  34.7  91.8 127.8  21.0 116.3 211.8 226.1  50.5 169.5  68.5 139.6 131.3   4.4 129.5  64.8  58.5  93.5 105.7  31.2  14.3 212.7 174.9 155.9 101.7 179.8  86.1 148.5 102.7 172.3  72.0 103.3 214.2 192.7  43.8 195.1 164.4 104.9  96.1 196.3   0.0 133.0 137.9  76.1  63.2 145.9 206.1 122.4  81.9 184.9
0.61  62.7  94.1  44.4  71.1  87.9  99.3  62.3   5.7 117.8  36.5  82.6 100.3 140.5  86.5  73.5  44.4  25.4 133.4  45.1  82.5 104.8 103.6 101.8 110.2 121.5  99.3  48.9  82.6  93.0 117.6  99.4  76.9  31.3 143.0  70.6 100.8  82.5  65.1  99.7  64.7  38.0 102.5  38.8 110.7 133.0   0.0  11.2  87.0  81.9 112.4  73.2 137.7 131.2  69.3
0.16  53.1  89.5  44.1  61.7  97.4 105.0  72.3  12.6 121.5  47.5  75.0  91.7 141.4  75.7  81.7  34.6  36.4 137.9  56.2  83.6 105.2 100.2  97.2 113.3 127.0  88.8  39.6  72.5  88.6 107.3  96.8  67.2  39.0 134.2  71.9  96.3  76.4  56.6 106.9  57.6  42.2  97.9  46.7  99.7 137.9  11.2   0.0  86.0  83.3 123.5  69.6 132.4 129.3  58.6
0.43 122.5  29.8  42.7 130.5  94.8  60.1  88.3  81.5  55.2  93.4 150.5 161.2  58.0  94.7  72.2  72.6  99.9  73.7 110.1  16.0  21.9  25.4  34.0  44.9  73.1 142.2 114.2  80.7  27.2 103.8  17.4  73.6  68.9 101.2  22.6  31.5 156.4 131.4  75.3 136.3 124.9  33.5  67.8 120.8  76.1  87.0  86.0   0.0  18.7 159.1 154.2  64.4  44.6 117.4
0.26 126.2  47.9  39.5 134.6  76.5  42.3  72.1  76.3  43.1  81.3 153.2 165.8  58.5 106.5  54.3  77.7  90.4  61.6  97.8   2.6  24.0  43.8  52.6  33.1  57.8 150.1 116.2  93.1  45.3 119.4  35.6  85.5  58.4 119.4  11.4  50.1 157.6 133.9  56.9 137.7 118.6  52.2  55.5 133.6  63.2  81.9  83.3  18.7   0.0 142.5 152.9  82.3  56.7 123.2
0.80 168.2 182.1 130.8 175.0  71.5 119.2  70.9 113.1 146.4  78.2 177.1 197.5 185.1 198.3  89.3 155.2  87.3 149.3  67.4 144.8 163.3 184.1 189.1 146.8 132.0 207.0 154.5 192.6 180.0 227.7 176.5 186.0 100.3 246.6 136.7 187.1 169.6 165.5 103.7 160.3 105.0 189.2  96.8 223.1 145.9 112.4 123.5 159.1 142.5   0.0 150.4 223.2 198.0 178.6
0.26  47.2 151.8 113.5  46.6 154.1 172.2 127.9  78.4 190.7  98.0  33.0  51.9 210.7 105.5 144.2  86.9  80.8 206.5  94.2 153.1 174.3 164.7 158.9 182.8 194.5  75.6  45.3 112.0 151.7 138.1 162.8 111.1 103.8 175.8 141.5 158.7  20.9  36.2 171.3  26.6  48.8 159.9 110.9 115.0 206.1  73.2  69.6 154.2 152.9 150.4   0.0 191.2 195.7  62.3
0.30 149.0  43.9  97.8 154.7 158.9 119.5 152.4 132.8 103.7 153.6 176.9 180.7  78.3  98.2 136.6 104.7 156.5 118.5 170.0  79.8  67.9  39.2  36.1  95.5 125.5 152.5 146.3  85.5  45.4  84.8  47.0  83.0 128.5  57.2  86.6  37.6 186.7 160.0 136.3 167.8 174.6  35.6 129.1 113.9 122.4 137.7 132.4  64.4  82.3 223.2 191.2   0.0  41.7 138.0
0.22 159.7  47.2  87.0 166.9 129.1  84.8 128.4 125.7  64.7 137.2 188.2 196.2  36.7 119.7 108.8 110.4 144.4  77.9 153.9  54.7  34.7  32.4  42.6  58.0  86.7 172.5 153.4 105.4  46.4 116.3  32.9 100.2 113.1  96.8  65.4  41.4 195.7 169.6 102.2 175.8 169.2  41.4 111.4 141.3  81.9 131.2 129.3  44.6  56.7 198.0 195.7  41.7   0.0 151.9
0.33  15.3 104.9  86.9  17.3 155.3 155.4 130.8  71.1 165.9 105.7  39.3  44.3 175.1  44.2 137.7  45.5  92.2 184.0 111.8 122.4 139.3 119.5 110.6 156.3 176.3  30.3  25.2  53.4 105.5  76.0 120.2  54.9  95.9 114.6 113.2 111.2  50.9  26.1 160.8  35.7  78.5 111.8 103.5  53.7 184.9  69.3  58.6 117.4 123.2 178.6  62.3 138.0 151.9   0.0
