38
7
0.49   0.0  65.1 113.5  59.0  66.2  54.8 116.7 113.6  12.0  49.0  66.4  88.8 141.6  48.3  75.9 141.0  68.9  90.8  13.6 112.3  77.1 113.8  78.8 105.0 135.1  58.3  51.3  39.4  74.1  49.4  34.8  40.9  26.9  55.5  46.2 116.5  46.7  79.4
0.28  65.1   0.0 171.2  47.0  61.7  38.0  92.8 167.7  76.1  74.6 130.2 104.7 197.5  20.8  91.1 191.6 112.6  77.6  76.3 159.8 106.1 165.9  19.5 158.1 191.4 120.0 111.1 104.4 137.7  86.0  40.7 100.2  61.0  95.1 110.9 179.9  92.1  73.5
0.71 113.5 171.2   0.0 137.9 176.7 141.8 167.1 140.6 108.0 103.1  54.3 183.8 150.6 159.4 107.2  38.5  65.3 143.8 100.0  37.5  86.2  22.7 188.5 139.1 145.5  56.3  62.3  81.1  88.8 143.5 148.3  72.9 110.3  81.0  73.9  98.2 133.2 133.1
0.16  59.0  47.0 137.9   0.0  96.1   9.4  59.0 172.6  70.4  34.8 108.2 133.7 200.2  51.8  44.6 152.0  73.9  35.7  62.3 119.6  61.8 128.2  66.3 163.9 193.8  95.5  85.2  89.5 129.4 102.1  61.6  75.6  36.4  57.0  93.8 170.8 103.0  27.9
0.28  66.2  61.7 176.7  96.1   0.0  87.2 151.4 123.1  69.0 107.1 124.8  43.7 153.0  45.6 131.8 206.5 134.6 131.6  79.2 178.4 139.1 179.3  56.6 113.3 147.7 120.4 115.4  96.3 112.9  42.9  36.7 105.9  84.6 119.8 103.7 150.5  53.9 123.8
0.42  54.8  38.0 141.8   9.4  87.2   0.0  66.3 168.2  66.6  39.8 108.9 125.4 196.3  42.5  53.1 157.8  79.1  44.4  60.0 125.6  69.1 133.4  57.5 159.3 189.9  96.7  86.6  88.2 127.2  95.2  53.3  76.5  35.6  61.8  93.1 169.1  96.9  37.3
0.86 116.7  92.8 167.1  59.0 151.4  66.3   0.0 229.4 127.5  76.9 153.5 191.4 256.0 105.9  60.7 168.0 103.7  27.0 117.4 137.7  80.9 150.6 108.1 221.2 249.4 139.8 129.7 141.3 182.2 161.1 119.3 122.6  91.3  92.7 143.9 221.5 161.9  39.5
0.73 113.6 167.7 140.6 172.6 123.1 168.2 229.4   0.0 102.2 155.1  97.3  94.0  30.1 147.0 179.6 179.1 149.8 202.8 112.1 167.4 170.6 157.9 172.8   9.8  24.6 107.4 113.5  92.1  56.2  83.3 127.0 114.6 138.1 148.2  92.8  51.8  75.7 190.7
0.24  12.0  76.1 108.0  70.4  69.0  66.6 127.5 102.2   0.0  56.7  58.1  85.5 129.9  58.2  83.4 137.7  70.2 101.2  13.5 110.6  81.8 110.6  88.7  93.7 123.4  51.8  46.4  29.8  62.3  44.3  42.3  37.3  36.5  59.1  37.1 104.7  39.1  89.4
0.83  49.0  74.6 103.1  34.8 107.1  39.8  76.9 155.1  56.7   0.0  77.6 136.6 180.4  70.5  26.9 118.1  39.3  49.9  44.2  85.9  32.8  93.6  93.9 147.5 173.8  64.1  53.8  64.8 105.6  98.3  70.5  45.9  23.1  22.2  67.1 144.6  95.3  37.4
0.73  66.4 130.2  54.3 108.2 124.8 108.9 153.5  97.3  58.1  77.6   0.0 129.5 115.3 114.7  94.8  89.9  56.3 126.9  54.0  71.5  79.9  64.7 145.1  93.2 109.1  13.8  23.9  28.6  41.2  89.5 100.3  32.6  73.4  61.3  21.2  70.4  79.0 114.5
0.90  88.8 104.7 183.8 133.7  43.7 125.4 191.4  94.0  85.5 136.6 129.5   0.0 122.0  86.8 163.1 218.1 155.7 169.4  98.7 194.0 165.8 191.5 100.2  85.0 117.6 129.8 128.1 104.2 104.0  41.8  72.2 121.1 113.5 143.9 110.7 133.1  50.8 160.2
0.12 141.6 197.5 150.6 200.2 153.0 196.3 256.0  30.1 129.9 180.4 115.3 122.0   0.0 176.8 203.7 188.5 170.6 229.1 138.7 181.5 192.7 170.3 202.8  40.0   6.5 127.1 134.6 115.9  76.3 113.4 156.8 137.5 165.0 171.2 115.2  52.9 105.6 216.8
0.15  48.3  20.8 159.4  51.8  45.6  42.5 105.9 147.0  58.2  70.5 114.7  86.8 176.8   0.0  91.8 182.9 105.2  86.6  60.8 152.1 103.2 156.5  30.5 137.4 170.7 105.8  97.7  87.6 118.6  65.3  20.0  86.8  51.9  88.3  94.5 160.6  71.3  79.7
0.56  75.9  91.1 107.2  44.6 131.8  53.1  60.7 179.6  83.4  26.9  94.8 163.1 203.7  91.8   0.0 113.1  43.0  36.7  70.5  81.2  21.4  92.5 110.6 172.4 197.2  81.1  71.5  87.8 127.8 125.2  95.2  66.4  49.7  33.5  88.7 164.5 122.1  27.1
0.58 141.0 191.6  38.5 152.0 206.5 157.8 168.0 179.1 137.7 118.1  89.9 218.1 188.5 182.9 113.1   0.0  79.1 148.7 127.5  32.4  92.1  27.2 210.1 177.5 183.5  88.4  91.4 114.0 126.8 176.9 175.0 100.6 131.4  96.6 107.5 135.7 167.3 140.2
0.22  68.9 112.6  65.3  73.9 134.6  79.1 103.7 149.8  70.2  39.3  56.3 155.7 170.6 105.2  43.0  79.1   0.0  79.1  57.2  47.3  24.3  54.3 131.3 144.1 164.3  43.5  36.4  59.7  94.6 114.2 100.0  37.3  53.3  17.5  57.4 126.6 107.5  68.0
0.25  90.8  77.6 143.8  35.7 131.6  44.4  27.0 202.8 101.2  49.9 126.9 169.4 229.1  86.6  36.7 148.7  79.1   0.0  90.7 117.2  58.0 129.0  95.4 194.7 222.6 113.2 103.0 114.3 155.2 136.8  97.3  95.7  64.8  66.7 116.9 194.5 136.7  12.5
0.68  13.6  76.3 100.0  62.3  79.2  60.0 117.4 112.1  13.5  44.2  54.0  98.7 138.7  60.8  70.5 127.5  57.2  90.7   0.0  99.3  68.3 100.4  91.1 104.1 132.2  45.0  37.7  28.8  67.3  57.7  48.4  27.3  26.3  45.6  34.8 109.1  52.5  78.6
0.67 112.3 159.8  37.5 119.6 178.4 125.6 137.7 167.4 110.6  85.9  71.5 194.0 181.5 152.1  81.2  32.4  47.3 117.2  99.3   0.0  60.0  15.2 178.6 164.2 175.9  65.7  65.9  90.5 112.0 152.2 145.5  73.5 100.3  64.7  84.9 130.7 143.6 108.3
0.73  77.1 106.1  86.2  61.8 139.1  69.1  80.9 170.6  81.8  32.8  79.9 165.8 192.7 103.2  21.4  92.1  24.3  58.0  68.3  60.0   0.0  71.1 125.6 164.3 186.4  66.6  58.2  78.8 116.5 125.7 102.7  56.0  54.4  23.2  77.9 150.3 120.7  48.4
0.47 113.8 165.9  22.7 128.2 179.3 133.4 150.6 157.9 110.6  93.6  64.7 191.5 170.3 156.5  92.5  27.2  54.3 129.0 100.4  15.2  71.1   0.0 184.2 155.4 164.9  61.8  64.3  87.3 103.7 150.1 148.0  73.4 105.2  71.6  81.0 118.6 140.7 119.4
0.38  78.8  19.5 188.5  66.3  56.6  57.5 108.1 172.8  88.7  93.9 145.1 100.2 202.8  30.5 110.6 210.1 131.3  95.4  91.1 178.6 125.6 184.2   0.0 163.0 197.0 135.8 127.4 118.1 148.4  89.5  48.4 116.5  78.9 113.9 125.0 190.0  97.5  92.2
0.47 105.0 158.1 139.1 163.9 113.3 159.3 221.2   9.8  93.7 147.5  93.2  85.0  40.0 137.4 172.4 177.5 144.1 194.7 104.1 164.2 164.3 155.4 163.0   0.0  34.4 102.5 107.9  85.5  52.1  73.5 117.4 108.3 129.9 141.6  86.8  55.5  66.0 182.6
0.57 135.1 191.4 145.5 193.8 147.7 189.9 249.4  24.6 123.4 173.8 109.1 117.6   6.5 170.7 197.2 183.5 164.3 222.6 132.2 175.9 186.4 164.9 197.0  34.4   0.0 120.9 128.3 109.4  69.9 107.7 150.7 131.1 158.5 164.8 108.8  48.4  99.6 210.3
0.14  58.3 120.0  56.3  95.5 120.4  96.7 139.8 107.4  51.8  64.1  13.8 129.8 127.1 105.8  81.1  88.4  43.5 113.2  45.0  65.7  66.6  61.8 135.8 102.5 120.9   0.0  10.3  25.6  51.5  88.5  93.0  20.3  61.5  47.6  19.3  83.8  79.0 100.9
0.18  51.3 111.1  62.3  85.2 115.4  86.6 129.7 113.5  46.4  53.8  23.9 128.1 134.6  97.7  71.5  91.4  36.4 103.0  37.7  65.9  58.2  64.3 127.4 107.9 128.3  10.3   0.0  25.2  58.4  86.4  86.0  10.9  51.8  38.0  21.4  93.0  77.7  90.7
0.21  39.4 104.4  81.1  89.5  96.3  88.2 141.3  92.1  29.8  64.8  28.6 104.2 115.9  87.6  87.8 114.0  59.7 114.3  28.8  90.5  78.8  87.3 118.1  85.5 109.4  25.6  25.2   0.0  40.8  62.9  72.1  22.8  53.1  56.1   7.5  81.3  53.4 101.8
0.55  74.1 137.7  88.8 129.4 112.9 127.2 182.2  56.2  62.3 105.6  41.2 104.0  76.3 118.6 127.8 126.8  94.6 155.2  67.3 112.0 116.5 103.7 148.4  52.1  69.9  51.5  58.4  40.8   0.0  70.9 100.1  61.4  93.0  95.0  39.1  42.4  59.4 142.7
0.84  49.4  86.0 143.5 102.1  42.9  95.2 161.1  83.3  44.3  98.3  89.5  41.8 113.4  65.3 125.2 176.9 114.2 136.8  57.7 152.2 125.7 150.1  89.5  73.5 107.7  88.5  86.4  62.9  70.9   0.0  45.9  79.2  75.8 103.3  69.7 107.7  11.5 126.2
0.64  34.8  40.7 148.3  61.6  36.7  53.3 119.3 127.0  42.3  70.5 100.3  72.2 156.8  20.0  95.2 175.0 100.0  97.3  48.4 145.5 102.7 148.0  48.4 117.4 150.7  93.0  86.0  72.1 100.1  45.9   0.0  75.6  48.4  84.4  79.4 141.7  51.4  88.5
0.26  40.9 100.2  72.9  75.6 105.9  76.5 122.6 114.6  37.3  45.9  32.6 121.1 137.5  86.8  66.4 100.6  37.3  95.7  27.3  73.5  56.0  73.4 116.5 108.3 131.1  20.3  10.9  22.8  61.4  79.2  75.6   0.0  41.3  33.7  22.3  98.9  71.4  83.3
0.11  26.9  61.0 110.3  36.4  84.6  35.6  91.3 138.1  36.5  23.1  73.4 113.5 165.0  51.9  49.7 131.4  53.3  64.8  26.3 100.3  54.4 105.2  78.9 129.9 158.5  61.5  51.8  53.1  93.0  75.8  48.4  41.3   0.0  36.6  57.6 134.3  73.6  52.9
0.54  55.5  95.1  81.0  57.0 119.8  61.8  92.7 148.2  59.1  22.2  61.3 143.9 171.2  88.3  33.5  96.6  17.5  66.7  45.6  64.7  23.2  71.6 113.9 141.6 164.8  47.6  38.0  56.1  95.0 103.3  84.4  33.7  36.6   0.0  56.0 131.0  97.8  54.8
0.86  46.2 110.9  73.9  93.8 103.7  93.1 143.9  92.8  37.1  67.1  21.2 110.7 115.2  94.5  88.7 107.5  57.4 116.9  34.8  84.9  77.9  81.0 125.0  86.8 108.8  19.3  21.4   7.5  39.1  69.7  79.4  22.3  57.6  56.0   0.0  77.7  59.9 104.4
0.60 116.5 179.9  98.2 170.8 150.5 169.1 221.5  51.8 104.7 144.6  70.4 133.1  52.9 160.6 164.5 135.7 126.6 194.5 109.1 130.7 150.3 118.6 190.0  55.5  48.4  83.8  93.0  81.3  42.4 107.7 141.7  98.9 134.3 131.0  77.7   0.0  96.7 182.0
0.72  46.7  92.1 133.2 103.0  53.9  96.9 161.9  75.7  39.1  95.3  79.0  50.8 105.6  71.3 122.1 167.3 107.5 136.7  52.5 143.6 120.7 140.7  97.5  66.0  99.6  79.0  77.7  53.4  59.4  11.5  51.4  71.4  73.6  97.8  59.9  96.7   0.0 125.6
0.82  79.4  73.5 133.1  27.9 123.8  37.3  39.5 190.7  89.4  37.4 114.5 160.2 216.8  79.7  27.1 140.2  68.0  12.5  78.6 108.3  48.4 119.4  92.2 182.6 210.3 100.9  90.7 101.8 142.7 126.2  88.5  83.3  52.9  54.8 104.4 182.0 125.6   0.0
