34
6
0.29   0.0 117.6 137.1 212.9 154.8  82.0  69.4 177.1 192.1 183.8 122.1  89.1 184.5 187.2 167.9  60.9  38.3  33.4  81.2 180.6  88.7 120.5 121.9 137.4  44.8 169.7 162.4  79.9  98.6 149.1  14.1 132.5 223.7  80.8
0.68 117.6   0.0 149.0 168.0  87.5  88.6 118.5 167.1 159.8 162.6  98.2  54.6 107.8 181.7 213.6 144.9 107.5  90.4  73.2  65.0  50.0 181.9  87.9  24.6  92.7 141.4  92.8  43.6 128.7  31.5 106.0  47.8 166.4  48.0
0.59 137.1 149.0   0.0  95.0  94.3  68.7  67.8  42.8  69.6  55.1  53.3  97.1 113.4  50.6  70.4  91.9  99.1 147.6  82.2 174.1 102.0  65.4  64.7 146.6  98.1  52.9  97.9 116.6  38.6 166.3 141.2 114.5 114.4 109.4
0.50 212.9 168.0  95.0   0.0  80.7 131.1 150.6  58.5  25.6  41.9  91.4 138.0  69.8  64.4 146.9 181.9 176.0 211.1 135.4 155.0 141.7 159.3  94.3 151.8 168.4  44.8  76.2 158.7 125.5 167.7 212.1 120.3  23.0 152.4
0.19 154.8  87.5  94.3  80.7   0.0  78.3 110.4  92.4  75.6  82.7  47.3  67.7  29.7 106.8 164.5 145.5 123.8 143.8  74.0  84.2  69.8 151.8  39.2  71.6 111.5  61.9   7.6  85.2  98.8  88.6 149.9  39.7  79.8  80.2
0.42  82.0  88.6  68.7 131.1  78.3   0.0  34.7 101.3 111.2 104.9  40.0  34.2 107.7 113.7 126.2  68.7  46.7  82.7  15.5 132.2  38.6  93.6  41.2  94.5  37.3  88.7  85.6  49.8  40.4 113.0  81.3  71.2 141.8  43.1
0.72  69.4 118.5  67.8 150.6 110.4  34.7   0.0 108.8 127.6 117.2  66.2  66.1 138.9 118.2 106.5  35.1  32.0  84.1  47.5 166.5  69.7  65.6  71.5 127.5  35.9 105.9 117.3  75.9  29.2 145.3  74.7 105.9 165.0  70.6
0.49 177.1 167.1  42.8  58.5  92.4 101.3 108.8   0.0  33.9  16.8  70.4 121.9 100.4  14.7  88.9 134.7 138.8 183.7 111.6 176.5 126.7 102.7  79.6 158.6 135.5  31.3  92.8 143.2  80.1 177.5 179.7 124.5  80.6 136.0
0.63 192.1 159.8  69.6  25.6  75.6 111.2 127.6  33.9   0.0  17.1  73.0 123.1  74.6  42.6 122.8 157.8 154.5 193.1 117.6 157.0 127.2 133.8  78.4 146.7 148.1  22.5  73.3 144.4 101.4 164.2 192.4 113.3  46.8 137.6
0.37 183.8 162.6  55.1  41.9  82.7 104.9 117.2  16.8  17.1   0.0  69.6 121.2  86.8  26.9 105.8 145.6 145.8 187.6 113.3 166.2 125.7 117.9  77.1 151.8 140.8  21.3  81.9 142.7  89.7 170.1 185.3 117.8  63.8 135.6
0.65 122.1  98.2  53.3  91.4  47.3  40.0  66.2  70.4  73.0  69.6   0.0  51.8  73.7  84.6 122.8 101.0  86.3 120.2  44.6 121.4  56.4 105.0  11.4  93.6  77.3  50.9  53.2  73.2  51.5 113.2 120.8  61.2 101.8  66.1
0.90  89.1  54.6  97.1 138.0  67.7  34.2  66.1 121.9 123.1 121.2  51.8   0.0  96.7 135.8 159.3  96.6  64.2  76.1  19.0 101.4   5.0 127.7  44.7  61.4  49.6 101.7  75.2  21.5  74.2  79.3  82.8  44.6 143.5  14.5
0.19 184.5 107.8 113.4  69.8  29.7 107.7 138.9 100.4  74.6  86.8  73.7  96.7   0.0 113.4 181.8 173.9 153.4 172.4 103.7  85.2  98.5 175.2  67.4  87.5 141.2  69.4  22.2 113.0 124.6 100.9 179.3  62.0  60.9 108.5
0.81 187.2 181.7  50.6  64.4 106.8 113.7 118.2  14.7  42.6  26.9  84.6 135.8 113.4   0.0  83.2 141.7 149.1 195.6 124.7 190.9 140.6 104.0  94.1 173.3 146.8  45.2 106.9 157.0  89.1 192.2 190.7 139.2  87.3 149.7
0.87 167.9 213.6  70.4 146.9 164.5 126.2 106.5  88.9 122.8 105.8 122.8 159.3 181.8  83.2   0.0 108.0 135.9 189.4 141.6 244.1 164.1  48.6 134.1 214.5 142.3 114.9 167.9 175.9  85.9 234.0 177.0 183.6 169.4 169.2
0.74  60.9 144.9  91.9 181.9 145.5  68.7  35.1 134.7 157.8 145.6 101.0  96.6 173.9 141.7 108.0   0.0  39.0  87.7  79.2 198.0  99.3  59.9 106.5 157.3  52.7 137.1 152.4 101.3  56.4 173.9  71.9 138.9 197.7  97.5
0.78  38.3 107.5  99.1 176.0 123.8  46.7  32.0 138.8 154.5 145.8  86.3  64.2 153.4 149.1 135.9  39.0   0.0  53.4  50.6 164.3  65.8  91.3  87.8 122.2  15.1 132.2 131.3  64.3  60.8 137.6  42.7 108.7 188.0  61.7
0.29  33.4  90.4 147.6 211.1 143.8  82.7  84.1 183.7 193.1 187.6 120.2  76.1 172.4 195.6 189.4  87.7  53.4   0.0  75.7 155.2  74.0 144.3 117.0 112.6  49.6 170.7 151.3  60.4 111.1 121.7  19.3 114.8 218.8  64.0
0.31  81.2  73.2  82.2 135.4  74.0  15.5  47.5 111.6 117.6 113.3  44.6  19.0 103.7 124.7 141.6  79.2  50.6  75.7   0.0 119.2  23.2 108.8  41.6  80.1  37.6  95.4  81.5  34.8  55.9  98.3  77.8  59.8 143.9  27.8
0.51 180.6  65.0 174.1 155.0  84.2 132.2 166.5 176.5 157.0 166.2 121.4 101.4  85.2 190.9 244.1 198.0 164.3 155.2 119.2   0.0  98.9 222.7 110.1  43.2 149.2 145.8  84.3 101.6 167.0  36.0 169.9  62.0 144.6 102.8
0.63  88.7  50.0 102.0 141.7  69.8  38.6  69.7 126.7 127.2 125.7  56.4   5.0  98.5 140.6 164.1  99.3  65.8  74.0  23.2  98.9   0.0 132.0  49.0  58.1  50.9 106.0  77.3  17.1  78.8  75.6  81.7  44.0 146.7  10.7
0.51 120.5 181.9  65.4 159.3 151.8  93.6  65.6 102.7 133.8 117.9 105.0 127.7 175.2 104.0  48.6  59.9  91.3 144.3 108.8 222.7 132.0   0.0 115.0 187.6 100.2 118.3 157.0 140.6  55.7 206.4 130.5 160.7 179.6 134.8
0.40 121.9  87.9  64.7  94.3  39.2  41.2  71.5  79.6  78.4  77.1  11.4  44.7  67.4  94.1 134.1 106.5  87.8 117.0  41.6 110.1  49.0 115.0   0.0  82.4  77.3  57.1  45.9  66.1  60.5 101.9 119.3  49.8 102.3  59.2
0.88 137.4  24.6 146.6 151.8  71.6  94.5 127.5 158.6 146.7 151.8  93.6  61.4  87.5 173.3 214.5 157.3 122.2 112.6  80.1  43.2  58.1 187.6  82.4   0.0 107.0 130.4  75.6  58.6 132.4  19.6 126.8  34.1 147.7  60.4
0.77  44.8  92.7  98.1 168.4 111.5  37.3  35.9 135.5 148.1 140.8  77.3  49.6 141.2 146.8 142.3  52.7  15.1  49.6  37.6 149.2  50.9 100.2  77.3 107.0   0.0 125.7 119.1  49.3  61.5 122.5  44.5  94.2 179.0  46.6
0.14 169.7 141.4  52.9  44.8  61.9  88.7 105.9  31.3  22.5  21.3  50.9 101.7  69.4  45.2 114.9 137.1 132.2 170.7  95.4 145.8 106.0 118.3  57.1 130.4 125.7   0.0  61.7 123.1  80.7 148.8 169.9  96.4  62.0 116.2
0.30 162.4  92.8  97.9  76.2   7.6  85.6 117.3  92.8  73.3  81.9  53.2  75.2  22.2 106.9 167.9 152.4 131.3 151.3  81.5  84.3  77.3 157.0  45.9  75.6 119.1  61.7   0.0  92.5 104.7  91.8 157.5  45.2  73.7  87.6
0.83  79.9  43.6 116.6 158.7  85.2  49.8  75.9 143.2 144.4 142.7  73.2  21.5 113.0 157.0 175.9 101.3  64.3  60.4  34.8 101.6  17.1 140.6  66.1  58.6  49.3 123.1  92.5   0.0  90.0  73.3  70.9  54.4 163.1   7.3
0.28  98.6 128.7  38.6 125.5  98.8  40.4  29.2  80.1 101.4  89.7  51.5  74.2 124.6  89.1  85.9  56.4  60.8 111.1  55.9 167.0  78.8  55.7  60.5 132.4  61.5  80.7 104.7  90.0   0.0 151.6 103.3 105.0 141.8  83.4
0.71 149.1  31.5 166.3 167.7  88.6 113.0 145.3 177.5 164.2 170.1 113.2  79.3 100.9 192.2 234.0 173.9 137.6 121.7  98.3  36.0  75.6 206.4 101.9  19.6 122.5 148.8  91.8  73.3 151.6   0.0 137.5  53.1 161.7  76.4
0.27  14.1 106.0 141.2 212.1 149.9  81.3  74.7 179.7 192.4 185.3 120.8  82.8 179.3 190.7 177.0  71.9  42.7  19.3  77.8 169.9  81.7 130.5 119.3 126.8  44.5 169.9 157.5  70.9 103.3 137.5   0.0 124.7 221.6  72.8
0.65 132.5  47.8 114.5 120.3  39.7  71.2 105.9 124.5 113.3 117.8  61.2  44.6  62.0 139.2 183.6 138.9 108.7 114.8  59.8  62.0  44.0 160.7  49.8  34.1  94.2  96.4  45.2  54.4 105.0  53.1 124.7   0.0 118.9  51.9
0.16 223.7 166.4 114.4  23.0  79.8 141.8 165.0  80.6  46.8  63.8 101.8 143.5  60.9  87.3 169.4 197.7 188.0 218.8 143.9 144.6 146.7 179.6 102.3 147.7 179.0  62.0  73.7 163.1 141.8 161.7 221.6 118.9   0.0 157.3
0.35  80.8  48.0 109.4 152.4  80.2  43.1  70.6 136.0 137.6 135.6  66.1  14.5 108.5 149.7 169.2  97.5  61.7  64.0  27.8 102.8  10.7 134.8  59.2  60.4  46.6 116.2  87.6   7.3  83.4  76.4  72.8  51.9 157.3   0.0
