48
9
0.11   0.0 146.2  94.6  64.2 162.0  63.3  47.0   9.2 148.5  22.4  86.7 130.7  58.0 193.3  22.6  45.1 101.9  24.5  70.9  69.0 143.2 135.3  27.8  52.4 121.2  47.6 142.4 154.3  46.0  69.4  77.7 137.5 129.3  60.9 202.2  63.7 107.6 141.9 194.3  74.5 114.4 113.7 140.1 145.4 191.7  98.9 113.5  98.8
0.90 146.2   0.0 196.0  96.6  16.2 119.0 126.0 138.1 173.3 123.9 214.7  19.0 165.7 178.8 160.0 175.0  85.7 165.7 137.9  79.5  19.0  67.6 130.2 177.6  34.9 100.7  15.8   8.5 162.5 139.6  91.5 153.5  39.2 167.4 178.2 202.1 223.1 140.4 179.8 119.4  96.6 106.3  81.5 122.0 174.2  77.2 126.3 214.8
0.84  94.6 196.0   0.0 101.1 208.6 155.5 140.2  93.3  89.4 101.8  41.2 187.4  38.0 143.5 110.1 128.1 115.7 106.7  58.2 140.8 201.7 150.5  82.7  44.7 162.1 108.1 185.4 202.0  48.9  56.5 162.2  91.7 163.2  35.2 155.9  60.1  29.9 106.7 144.1  77.1 114.6 106.8 145.9 123.9 144.4 121.4  90.4  24.4
0.71  64.2  96.6 101.1   0.0 110.5  84.7  77.2  55.0 109.0  45.1 118.3  86.5  69.1 142.3  85.2 106.5  38.2  88.5  45.1  47.4 100.7  71.3  39.1  81.7  64.8  23.0  88.1 103.4  66.4  46.1  75.8  92.4  69.8  70.8 148.9 108.0 127.0  90.1 143.3  30.4  52.6  54.7  76.0  87.2 139.6  34.8  62.4 118.5
0.23 162.0  16.2 208.6 110.5   0.0 134.8 142.1 153.8 180.0 139.6 228.8  34.7 179.4 180.8 176.1 191.2  95.7 181.7 150.4  95.6  29.9  72.1 145.2 192.0  46.5 116.1  23.3   7.8 176.8 152.1 107.3 160.3  47.1 181.0 179.0 217.0 236.2 146.1 181.8 131.6 104.6 114.3  85.1 126.4 176.1  88.1 134.8 228.1
0.30  63.3 119.0 155.5  84.7 134.8   0.0  16.6  62.4 191.7  54.6 149.7 100.2 117.6 226.8  60.2  64.4 117.7  66.7 117.3  47.5 108.3 139.2  74.6 115.3 108.4  62.3 122.2 127.4 106.7 116.8  27.9 176.3 120.2 120.5 233.1 125.3 170.7 174.8 227.9 111.0 134.5 138.4 149.2 170.3 224.1 109.8 147.0 161.8
0.36  47.0 126.0 140.2  77.2 142.1  16.6   0.0  46.9 181.2  41.0 133.3 107.8 102.5 219.1  44.1  51.1 112.8  50.7 105.2  48.8 117.4 138.0  60.9  99.3 111.0  54.2 127.3 134.5  91.3 104.4  38.9 166.8 122.1 105.4 226.0 108.7 154.5 166.8 220.1 100.9 129.0 131.8 146.8 164.2 216.6 106.0 138.4 145.7
0.13   9.2 138.1  93.3  55.0 153.8  62.4  46.9   0.0 142.1  14.4  89.5 123.0  55.7 185.7  31.0  53.3  92.8  33.6  64.3  62.1 135.8 126.1  19.6  53.4 112.4  38.7 133.9 146.1  44.4  62.9  73.7 130.3 120.4  58.6 194.4  68.5 108.7 134.1 186.7  66.4 105.4 105.1 130.9 136.9 184.0  89.7 105.5  99.8
0.71 148.5 173.3  89.4 109.0 180.0 191.7 181.2 142.1   0.0 141.4 130.5 173.6 100.5  54.1 170.3 192.4  91.0 169.9  77.8 155.9 186.5 108.3 123.1 119.1 140.0 129.7 158.4 175.9 111.5  79.2 184.8  19.8 134.1  98.6  66.7 144.4 115.1  35.3  54.7  80.7  77.0  67.7  96.8  57.5  55.2 101.1  49.5 112.7
0.54  22.4 123.9 101.8  45.1 139.6  54.6  41.0  14.4 141.4   0.0 102.0 108.6  63.8 182.1  40.6  61.4  83.3  44.7  64.5  47.9 121.4 115.0  20.1  64.9  98.9  25.7 120.1 131.9  53.8  63.6  61.6 128.0 107.4  66.6 190.0  82.3 119.6 129.9 183.1  62.4  97.3  98.1 120.8 130.5 180.0  79.1 101.2 110.6
0.34  86.7 214.7  41.2 118.3 228.8 149.7 133.3  89.5 130.5 102.0   0.0 203.1  50.0 184.5  94.2 106.8 142.5  88.9  84.2 148.1 217.0 179.0  87.5  38.0 182.9 117.2 206.3 221.7  52.3  81.9 163.2 131.5 186.5  49.0 196.8  28.5  27.4 145.3 185.1 102.3 145.3 138.9 176.9 160.5 185.2 145.9 125.4  22.2
0.30 130.7  19.0 187.4  86.5  34.7 100.2 107.8 123.0 173.6 108.6 203.1   0.0 155.1 184.7 143.3 157.4  83.2 149.1 130.0  62.5  14.3  73.4 116.9 165.4  34.2  86.9  27.9  27.3 150.8 131.4  72.6 153.8  43.7 157.0 185.4 188.7 213.4 142.4 185.8 112.2  96.6 105.8  87.5 126.1 180.3  73.6 125.0 204.9
0.68  58.0 165.7  38.0  69.1 179.4 117.6 102.5  55.7 100.5  63.8  50.0 155.1   0.0 151.5  75.9  96.1  92.8  73.7  35.7 104.3 169.2 129.5  44.9  19.6 133.2  71.8 156.7 172.4  12.4  33.3 124.4  95.0 136.5   2.9 162.4  48.4  58.8 105.2 152.3  52.7  96.9  91.5 128.2 116.7 151.1  95.9  81.0  50.1
0.13 193.3 178.8 143.5 142.3 180.8 226.8 219.1 185.7  54.1 182.1 184.5 184.7 151.5   0.0 215.7 238.2 112.1 216.3 123.3 184.8 195.4 111.6 166.1 170.7 150.7 165.0 163.0 178.9 161.4 125.3 214.3  56.8 141.2 149.9  13.2 197.2 169.0  52.3   1.1 119.8  94.9  89.1  97.5  59.8   5.0 121.8  80.9 166.7
0.13  22.6 160.0 110.1  85.2 176.1  60.2  44.1  31.0 170.3  40.6  94.2 143.3  75.9 215.7   0.0  22.5 123.2   6.6  92.9  80.7 154.7 155.6  50.3  65.7 138.0  66.2 158.0 168.4  63.5  91.3  81.5 159.8 147.2  78.7 224.8  67.4 118.2 164.4 216.7  97.0 136.3 136.1 161.1 167.9 214.2 119.6 136.0 110.0
0.30  45.1 175.0 128.1 106.5 191.2  64.4  51.1  53.3 192.4  61.4 106.8 157.4  96.1 238.2  22.5   0.0 144.7  22.6 115.3  95.8 167.8 176.0  72.8  83.5 155.8  86.3 174.6 183.5  83.8 113.6  90.0 182.2 165.6  98.8 247.3  78.5 132.6 186.9 239.2 119.5 158.3 158.3 182.2 190.2 236.7 140.5 158.5 124.9
0.53 101.9  85.7 115.7  38.2  95.7 117.7 112.8  92.8  91.0  83.3 142.5  83.2  92.8 112.1 123.2 144.7   0.0 126.3  58.8  73.1  96.7  36.8  75.4 109.5  51.0  59.9  72.5  90.1  94.5  61.0 102.5  71.6  48.7  93.5 116.7 138.0 144.8  63.0 113.2  40.2  17.3  24.2  38.4  53.3 108.7  10.2  41.9 137.3
0.72  24.5 165.7 106.7  88.5 181.7  66.7  50.7  33.6 169.9  44.7  88.9 149.1  73.7 216.3   6.6  22.6 126.3   0.0  93.1  86.6 160.7 159.3  52.1  62.0 143.0  70.4 163.3 174.0  61.3  91.3  88.0 160.0 151.9  76.3 225.6  61.7 113.5 165.4 217.2  98.4 138.9 138.2 164.4 169.7 214.9 123.1 137.2 105.4
0.53  70.9 137.9  58.2  45.1 150.4 117.3 105.2  64.3  77.8  64.5  84.2 130.0  35.7 123.3  92.9 115.3  58.8  93.1   0.0  90.0 144.3  95.0  45.5  54.5 103.9  58.5 127.2 143.8  41.2   2.4 115.8  66.9 105.2  35.8 133.1  83.6  86.4  73.5 124.3  19.0  61.4  55.8  92.8  82.2 122.2  63.5  46.9  78.7
0.19  69.0  79.5 140.8  47.4  95.6  47.5  48.8  62.1 155.9  47.9 148.1  62.5 104.3 184.8  80.7  95.8  73.1  86.6  90.0   0.0  74.4  91.8  60.7 110.2  62.2  32.8  79.0  87.9  97.0  90.4  29.6 138.5  73.5 106.8 189.8 130.0 162.8 133.9 185.9  77.6  90.4  95.8 102.2 126.4 181.6  64.3 107.9 153.9
0.34 143.2  19.0 201.7 100.7  29.9 108.3 117.4 135.8 186.5 121.4 217.0  14.3 169.2 195.4 154.7 167.8  96.7 160.7 144.3  74.4   0.0  83.9 130.4 179.3  46.6 100.5  33.7  24.5 164.7 145.7  80.5 166.7  54.3 171.1 195.4 202.1 227.6 154.8 196.5 126.5 109.5 118.9  97.9 137.6 191.0  87.3 138.3 219.0
0.88 135.3  67.6 150.5  71.3  72.1 139.2 138.0 126.1 108.3 115.0 179.0  73.4 129.5 111.6 155.6 176.0  36.8 159.3  95.0  91.8  83.9   0.0 110.2 146.4  40.4  89.7  51.9  68.8 131.3  97.2 118.4  88.7  29.7 130.1 112.0 174.8 179.9  74.0 112.6  76.8  36.6  45.8  14.1  54.5 107.1  36.6  66.0 172.9
0.82  27.8 130.2  82.7  39.1 145.2  74.6  60.9  19.6 123.1  20.1  87.5 116.9  44.9 166.1  50.3  72.8  75.4  52.1  45.5  60.7 130.4 110.2   0.0  49.6 101.4  30.0 124.0 137.7  36.4  44.4  79.5 110.9 107.9  47.6 174.8  71.9 102.5 114.4 167.1  46.8  87.0  86.0 113.8 117.6 164.4  73.6  85.9  93.5
0.77  52.4 177.6  44.7  81.7 192.0 115.3  99.3  53.4 119.1  64.9  38.0 165.4  19.6 170.7  65.7  83.5 109.5  62.0  54.5 110.2 179.3 146.4  49.6   0.0 146.5  79.3 169.8 184.7  15.3  52.1 126.4 114.4 150.9  20.9 181.8  29.2  55.3 124.8 171.5  70.2 115.1 110.2 146.0 136.2 170.4 111.5 100.5  46.5
0.65 121.2  34.9 162.1  64.8  46.5 108.4 111.0 112.4 140.0  98.9 182.9  34.2 133.2 150.7 138.0 155.8  51.0 143.0 103.9  62.2  46.6  40.4 101.4 146.5   0.0  73.8  23.5  40.1 131.2 105.6  84.2 120.2  12.5 134.7 151.9 172.4 189.7 108.3 151.8  85.1  63.0  72.4  54.2  91.9 146.5  42.4  92.1 181.6
0.90  47.6 100.7 108.1  23.0 116.1  62.3  54.2  38.7 129.7  25.7 117.2  86.9  71.8 165.0  66.2  86.3  59.9  70.4  58.5  32.8 100.5  89.7  30.0  79.3  73.8   0.0  95.6 108.5  65.3  58.7  57.3 114.0  81.8  74.2 171.8 101.7 130.5 112.8 166.1  49.1  75.3  77.7  96.3 110.1 162.4  54.5  84.7 121.7
0.48 142.4  15.8 185.4  88.1  23.3 122.2 127.3 133.9 158.4 120.1 206.3  27.9 156.7 163.0 158.0 174.6  72.5 163.3 127.2  79.0  33.7  51.9 124.0 169.8  23.5  95.6   0.0  17.7 154.6 129.0  95.8 138.6  24.4 158.2 162.4 195.4 213.1 125.1 164.0 108.3  82.2  91.9  65.7 106.4 158.4  64.8 112.2 205.1
0.46 154.3   8.5 202.0 103.4   7.8 127.4 134.5 146.1 175.9 131.9 221.7  27.3 172.4 178.9 168.4 183.5  90.1 174.0 143.8  87.9  24.5  68.8 137.7 184.7  40.1 108.5  17.7   0.0 169.6 145.6  99.9 156.1  42.1 174.0 177.7 209.5 229.4 142.4 179.9 125.1  99.9 109.6  82.2 123.3 174.2  82.1 129.9 221.2
0.86  46.0 162.5  48.9  66.4 176.8 106.7  91.3  44.4 111.5  53.8  52.3 150.8  12.4 161.4  63.5  83.8  94.5  61.3  41.2  97.0 164.7 131.3  36.4  15.3 131.2  65.3 154.6 169.6   0.0  38.9 115.2 104.7 135.6  15.2 172.0  43.6  66.2 113.7 162.2  55.6 100.7  96.3 131.4 123.5 160.7  96.3  88.1  57.2
0.77  69.4 139.6  56.5  46.1 152.1 116.8 104.4  62.9  79.2  63.6  81.9 131.4  33.3 125.3  91.3 113.6  61.0  91.3   2.4  90.4 145.7  97.2  44.4  52.1 105.6  58.7 129.0 145.6  38.9   0.0 115.9  68.7 107.2  33.4 135.1  81.2  84.4  75.6 126.2  21.0  63.8  58.3  95.2  84.6 124.1  65.5  49.3  76.6
0.63  77.7  91.5 162.2  75.8 107.3  27.9  38.9  73.7 184.8  61.6 163.2  72.6 124.4 214.3  81.5  90.0 102.5  88.0 115.8  29.6  80.5 118.4  79.5 126.4  84.2  57.3  95.8  99.9 115.2 115.9   0.0 167.7  96.4 127.1 219.3 141.4 181.2 163.5 215.4 105.4 119.8 125.3 129.8 155.8 211.1  93.5 137.2 172.2
0.30 137.5 153.5  91.7  92.4 160.3 176.3 166.8 130.3  19.8 128.0 131.5 153.8  95.0  56.8 159.8 182.2  71.6 160.0  66.9 138.5 166.7  88.7 110.9 114.4 120.2 114.0 138.6 156.1 104.7  68.7 167.7   0.0 114.3  93.5  67.4 141.6 119.8  17.8  57.6  65.9  57.2  48.0  77.5  40.0  56.1  81.7  30.8 116.0
0.14 129.3  39.2 163.2  69.8  47.1 120.2 122.1 120.4 134.1 107.4 186.5  43.7 136.5 141.2 147.2 165.6  48.7 151.9 105.2  73.5  54.3  29.7 107.9 150.9  12.5  81.8  24.4  42.1 135.6 107.2  96.4 114.3   0.0 137.7 141.7 177.7 191.6 101.2 142.3  86.3  57.7  67.5  43.8  83.3 136.8  41.9  87.8 183.7
0.32  60.9 167.4  35.2  70.8 181.0 120.5 105.4  58.6  98.6  66.6  49.0 157.0   2.9 149.9  78.7  98.8  93.5  76.3  35.8 106.8 171.1 130.1  47.6  20.9 134.7  74.2 158.2 174.0  15.2  33.4 127.1  93.5 137.7   0.0 161.0  49.1  56.7 104.1 150.7  53.3  97.2  91.5 128.6 116.1 149.6  96.9  80.4  48.0
0.42 202.2 178.2 155.9 148.9 179.0 233.1 226.0 194.4  66.7 190.0 196.8 185.4 162.4  13.2 224.8 247.3 116.7 225.6 133.1 189.8 195.4 112.0 174.8 181.8 151.9 171.8 162.4 177.7 172.0 135.1 219.3  67.4 141.7 161.0   0.0 208.7 181.7  60.4  13.0 128.1  99.5  94.7  97.9  63.5  11.6 126.0  89.0 179.3
0.12  63.7 202.1  60.1 108.0 217.0 125.3 108.7  68.5 144.4  82.3  28.5 188.7  48.4 197.2  67.4  78.5 138.0  61.7  83.6 130.0 202.1 174.8  71.9  29.2 172.4 101.7 195.4 209.5  43.6  81.2 141.4 141.6 177.7  49.1 208.7   0.0  55.3 153.0 198.0  99.1 144.2 139.4 174.9 165.1 197.2 139.4 129.4  48.7
0.37 107.6 223.1  29.9 127.0 236.2 170.7 154.5 108.7 115.1 119.6  27.4 213.4  58.8 169.0 118.2 132.6 144.8 113.5  86.4 162.8 227.6 179.9 102.5  55.3 189.7 130.5 213.1 229.4  66.2  84.4 181.2 119.8 191.6  56.7 181.7  55.3   0.0 135.5 169.5 105.3 144.3 136.6 175.7 153.4 170.3 149.8 120.2   9.0
0.63 141.9 140.4 106.7  90.1 146.1 174.8 166.8 134.1  35.3 129.9 145.3 142.4 105.2  52.3 164.4 186.9  63.0 165.4  73.5 133.9 154.8  74.0 114.4 124.8 108.3 112.8 125.1 142.4 113.7  75.6 163.5  17.8 101.2 104.1  60.4 153.0 135.5   0.0  53.4  67.8  46.6  38.9  61.8  22.4  50.1  73.1  28.7 131.1
0.12 194.3 179.8 144.1 143.3 181.8 227.9 220.1 186.7  54.7 183.1 185.1 185.8 152.3   1.1 216.7 239.2 113.2 217.2 124.3 185.9 196.5 112.6 167.1 171.5 151.8 166.1 164.0 179.9 162.2 126.2 215.4  57.6 142.3 150.7  13.0 198.0 169.5  53.4   0.0 120.8  96.0  90.2  98.6  60.9   5.9 122.9  81.9 167.3
0.17  74.5 119.4  77.1  30.4 131.6 111.0 100.9  66.4  80.7  62.4 102.3 112.2  52.7 119.8  97.0 119.5  40.2  98.4  19.0  77.6 126.5  76.8  46.8  70.2  85.1  49.1 108.3 125.1  55.6  21.0 105.4  65.9  86.3  53.3 128.1  99.1 105.3  67.8 120.8   0.0  45.1  41.5  75.8  71.5 117.9  44.5  39.2  97.6
0.52 114.4  96.6 114.6  52.6 104.6 134.5 129.0 105.4  77.0  97.3 145.3  96.6  96.9  94.9 136.3 158.3  17.3 138.9  61.4  90.4 109.5  36.6  87.0 115.1  63.0  75.3  82.2  99.9 100.7  63.8 119.8  57.2  57.7  97.2  99.5 144.2 144.3  46.6  96.0  45.1   0.0   9.7  31.6  36.1  91.5  26.9  30.2 137.6
0.51 113.7 106.3 106.8  54.7 114.3 138.4 131.8 105.1  67.7  98.1 138.9 105.8  91.5  89.1 136.1 158.3  24.2 138.2  55.8  95.8 118.9  45.8  86.0 110.2  72.4  77.7  91.9 109.6  96.3  58.3 125.3  48.0  67.5  91.5  94.7 139.4 136.6  38.9  90.2  41.5   9.7   0.0  39.2  32.5  86.0  34.3  20.5 130.1
0.61 140.1  81.5 145.9  76.0  85.1 149.2 146.8 130.9  96.8 120.8 176.9  87.5 128.2  97.5 161.1 182.2  38.4 164.4  92.8 102.2  97.9  14.1 113.8 146.0  54.2  96.3  65.7  82.2 131.4  95.2 129.8  77.5  43.8 128.6  97.9 174.9 175.7  61.8  98.6  75.8  31.6  39.2   0.0  41.3  93.0  41.8  58.0 169.1
0.66 145.4 122.0 123.9  87.2 126.4 170.3 164.2 136.9  57.5 130.5 160.5 126.1 116.7  59.8 167.9 190.2  53.3 169.7  82.2 126.4 137.6  54.5 117.6 136.2  91.9 110.1 106.4 123.3 123.5  84.6 155.8  40.0  83.3 116.1  63.5 165.1 153.4  22.4  60.9  71.5  36.1  32.5  41.3   0.0  56.0  62.5  35.7 148.2
0.49 191.7 174.2 144.4 139.6 176.1 224.1 216.6 184.0  55.2 180.0 185.2 180.3 151.1   5.0 214.2 236.7 108.7 214.9 122.2 181.6 191.0 107.1 164.4 170.4 146.5 162.4 158.4 174.2 160.7 124.1 211.1  56.1 136.8 149.6  11.6 197.2 170.3  50.1   5.9 117.9  91.5  86.0  93.0  56.0   0.0 118.2  78.8 167.8
0.62  98.9  77.2 121.4  34.8  88.1 109.8 106.0  89.7 101.1  79.1 145.9  73.6  95.9 121.8 119.6 140.5  10.2 123.1  63.5  64.3  87.3  36.6  73.6 111.5  42.4  54.5  64.8  82.1  96.3  65.5  93.5  81.7  41.9  96.9 126.0 139.4 149.8  73.1 122.9  44.5  26.9  34.3  41.8  62.5 118.2   0.0  51.8 142.1
0.70 113.5 126.3  90.4  62.4 134.8 147.0 138.4 105.5  49.5 101.2 125.4 125.0  81.0  80.9 136.0 158.5  41.9 137.2  46.9 107.9 138.3  66.0  85.9 100.5  92.1  84.7 112.2 129.9  88.1  49.3 137.2  30.8  87.8  80.4  89.0 129.4 120.2  28.7  81.9  39.2  30.2  20.5  58.0  35.7  78.8  51.8   0.0 114.4
0.85  98.8 214.8  24.4 118.5 228.1 161.8 145.7  99.8 112.7 110.6  22.2 204.9  50.1 166.7 110.0 124.9 137.3 105.4  78.7 153.9 219.0 172.9  93.5  46.5 181.6 121.7 205.1 221.2  57.2  76.6 172.2 116.0 183.7  48.0 179.3  48.7   9.0 131.1 167.3  97.6 137.6 130.1 169.1 148.2 167.8 142.1 114.4   0.0
