48
9
0.31   0.0 153.0  77.2   9.8 141.6  97.5  67.7  79.1  61.9 111.2  63.4  37.4 121.9 134.2  73.3 126.0  94.9 111.0 136.8  92.7  31.9 121.9 113.5  61.7  45.9  96.0  99.1  52.5 100.8  68.5  61.7  60.7 114.4 103.8  90.6  75.3  31.8  65.4  36.8  95.3  64.2  67.0  71.6  25.3  63.2 100.2  45.3 118.9
0.71 153.0   0.0 228.1 150.6  26.0 115.7 165.6 158.6 208.3  53.3 206.4 189.8 122.5 183.3 222.6  43.0 186.0  69.9  31.2  63.8 131.2 152.8 182.5 117.9 193.8 184.6 144.6 180.8 166.4 208.1 131.9 187.7 176.8 167.9 149.7 173.6 182.0  90.2 185.1 114.3  90.9  89.0 218.8 178.2 205.3 139.7 185.4 106.5
0.23  77.2 228.1   0.0  77.8 213.9 167.7 117.3 133.3  23.7 181.8  30.2  47.2 190.3 182.9  49.6 203.2 134.2 176.7 208.6 165.5  97.7 181.4 124.0 134.6  34.8 136.5 133.5  59.0 152.6  73.0 129.7  57.8 129.1 123.4 122.2 119.9  58.0 142.6  59.8 146.2 141.3 139.5  56.3  52.9  67.7 137.4  72.0 190.7
0.55   9.8 150.6  77.8   0.0 137.7 103.2  77.2  88.0  60.0 106.5  60.3  42.7 127.9 143.0  79.7 126.0 104.5 104.9 132.7  88.9  24.1 129.7 103.8  67.1  44.4 105.7  89.3  45.4 109.7  77.1  68.8  53.8 104.6  94.0  80.8  84.9  39.1  65.6  44.7  86.6  64.2  62.9  78.7  29.1  71.6  90.5  54.4 123.9
0.16 141.6  26.0 213.9 137.7   0.0 122.6 164.8 160.2 192.9  32.7 190.2 178.9 133.9 191.9 213.6  55.4 187.9  45.8   5.9  48.9 116.2 162.2 158.5 116.9 179.1 186.8 120.6 163.1 171.1 201.8 131.3 169.5 152.6 144.1 126.5 173.4 172.2  84.2 176.0  90.5  84.3  74.8 210.6 166.4 198.4 115.6 178.3 118.0
0.41  97.5 115.7 167.7 103.2 122.6   0.0  62.3  49.3 157.5 110.8 160.2 120.6  24.8  69.5 139.6  73.0  74.0 125.8 121.5  94.0 103.3  40.9 194.5  36.2 141.9  72.1 165.9 148.5  51.2 116.6  38.0 157.0 192.6 181.1 162.7  67.3 109.9  59.6 109.1 144.9  61.3  89.1 133.2 116.4 116.8 164.0 100.9  23.6
0.57  67.7 165.6 117.3  77.2 164.8  62.3   0.0  16.3 113.8 142.6 118.7  71.8  79.2  68.3  80.5 126.2  28.4 151.1 161.9 122.6  91.7  64.4 180.9  48.1 100.2  29.0 162.8 117.9  35.8  55.5  33.8 125.5 181.4 170.5 155.8   9.2  61.6  82.0  58.1 151.9  82.4 104.5  73.4  74.1  56.8 162.9  45.3  85.2
0.32  79.1 158.6 133.3  88.0 160.2  49.3  16.3   0.0 128.9 140.7 133.5  87.3  63.8  55.1  96.7 117.7  27.6 151.1 157.9 121.1  99.5  48.2 190.8  44.5 114.9  26.7 170.1 130.7  21.8  71.3  30.5 138.6 190.8 179.7 163.9  18.3  76.9  80.4  73.8 156.6  81.2 105.9  89.5  88.5  72.9 169.7  61.5  71.2
0.72  61.9 208.3  23.7  60.0 192.9 157.5 113.8 128.9   0.0 160.5   7.8  42.4 181.3 181.7  61.5 185.9 134.7 154.3 187.5 145.0  77.2 176.2 102.3 122.7  16.0 136.8 109.9  35.3 149.6  79.3 120.1  34.5 107.0 100.6  98.6 118.2  52.2 125.6  56.4 122.7 124.1 119.3  66.5  41.4  73.2 113.7  70.8 179.8
0.75 111.2  53.3 181.8 106.5  32.7 110.8 142.6 140.7 160.5   0.0 157.7 148.5 127.3 179.6 184.1  60.0 167.9  19.7  27.0  20.2  84.3 151.6 129.7  96.2 147.0 167.3  91.9 130.5 154.7 174.3 110.5 136.8 124.3 114.9  96.4 151.6 142.4  60.7 146.7  61.7  60.2  44.2 181.5 135.5 170.4  87.2 150.4 112.6
0.65  63.4 206.4  30.2  60.3 190.2 160.2 118.7 133.5   7.8 157.7   0.0  48.1 184.2 186.8  69.3 185.5 140.5 150.6 184.7 142.8  75.4 180.3  94.7 124.8  18.7 142.5 103.4  29.6 154.5  86.4 123.1  27.6  99.5  93.3  92.2 123.5  57.4 125.5  62.0 117.5 124.0 117.4  74.1  45.2  80.2 107.4  76.7 182.1
0.53  37.4 189.8  47.2  42.7 178.9 120.6  71.8  87.3  42.4 148.5  48.1   0.0 143.1 139.3  37.3 160.7  92.4 147.5 174.1 130.0  66.6 135.1 128.8  88.2  30.9  94.4 124.2  57.1 107.6  42.1  82.5  62.4 131.6 122.6 114.1  75.8  10.8 100.8  13.9 127.1  99.8 104.4  37.5  14.1  35.8 126.6  28.6 143.7
0.73 121.9 122.5 190.3 127.9 133.9  24.8  79.2  63.8 181.3 127.3 184.2 143.1   0.0  62.3 159.1  80.0  83.2 143.9 133.9 112.5 128.0  31.9 218.7  60.9 165.7  80.8 189.3 173.2  56.9 134.6  61.2 181.7 216.6 205.1 186.5  82.0 132.4  82.1 131.0 166.9  83.9 111.2 152.3 140.0 135.7 187.1 121.5  16.1
0.60 134.2 183.3 182.9 143.0 191.9  69.5  68.3  55.1 181.7 179.6 186.8 139.3  62.3   0.0 140.0 140.4  49.5 193.5 191.0 161.9 153.2  30.7 245.3  89.8 168.4  46.9 222.8 185.7  33.3 113.2  79.3 193.5 245.0 233.7 217.3  63.5 129.5 123.7 125.4 206.4 125.1 152.4 132.3 142.4 117.0 221.9 111.4  77.8
0.11  73.3 222.6  49.6  79.7 213.6 139.6  80.5  96.7  61.5 184.1  69.3  37.3 159.1 140.0   0.0 190.3  90.5 184.2 209.1 165.1 103.7 143.9 160.6 112.6  58.6  93.1 160.1  88.7 112.7  26.8 103.1  91.9 164.3 156.2 149.6  80.2  41.7 132.5  37.7 164.3 131.8 139.9   7.7  51.5  23.8 162.7  39.4 163.1
0.63 126.0  43.0 203.2 126.0  55.4  73.0 126.2 117.7 185.9  60.0 185.5 160.7  80.0 140.4 190.3   0.0 144.7  79.6  56.5  55.7 111.4 109.9 182.2  80.0 170.4 143.1 145.9 163.5 124.0 172.8  93.0 171.4 177.7 167.3 147.9 133.7 151.7  60.6 153.7 117.1  61.9  73.0 185.6 150.9 170.9 142.0 151.6  63.9
0.22  94.9 186.0 134.2 104.5 187.9  74.0  28.4  27.6 134.7 167.9 140.5  92.4  83.2  49.5  90.5 144.7   0.0 177.6 185.4 148.2 120.0  58.5 208.4  71.8 122.6   2.7 191.1 143.3  26.8  63.8  57.4 150.4 209.1 198.3 183.9  19.7  83.3 107.4  78.5 180.2 108.0 131.7  82.9  97.6  67.6 191.2  63.9  93.6
0.40 111.0  69.9 176.7 104.9  45.8 125.8 151.1 151.1 154.3  19.7 150.6 147.5 143.9 193.5 184.2  79.6 177.6   0.0  39.9  31.8  81.2 166.6 112.8 106.9 142.0 177.3  74.9 122.1 166.8 177.2 120.7 127.7 107.0  98.3  80.7 160.3 142.8  70.9 147.6  44.7  70.0  47.2 182.5 133.9 172.8  69.9 153.2 129.8
0.23 136.8  31.2 208.6 132.7   5.9 121.5 161.9 157.9 187.5  27.0 184.7 174.1 133.9 191.0 209.1  56.5 185.4  39.9   0.0  44.1 111.0 161.5 152.7 114.1 173.8 184.5 114.7 157.5 169.4 197.8 128.6 163.8 146.7 138.2 120.5 170.6 167.6  80.7 171.5  84.6  80.8  69.9 206.2 161.5 194.3 109.7 174.2 118.1
0.44  92.7  63.8 165.5  88.9  48.9  94.0 122.6 121.1 145.0  20.2 142.8 130.0 112.5 161.9 165.1  55.7 148.2  31.8  44.1   0.0  67.9 134.8 126.7  76.7 130.8 147.6  90.2 117.0 135.8 154.5  90.8 124.0 122.1 111.8  92.4 131.7 123.5  40.8 127.5  61.6  40.2  26.0 162.3 117.5 150.7  86.3 130.7  98.8
0.16  31.9 131.2  97.7  24.1 116.2 103.3  91.7  99.5  77.2  84.3  75.4  66.6 128.0 153.2 103.7 111.4 120.0  81.2 111.0  67.9   0.0 135.6  92.7  68.2  62.9 120.7  71.1  52.1 120.5 100.3  74.6  60.2  91.9  80.6  64.4 100.4  63.0  53.8  68.4  63.8  52.0  42.1 102.7  52.8  95.1  71.3  77.0 121.1
0.30 121.9 152.8 181.4 129.7 162.2  40.9  64.4  48.2 176.2 151.6 180.3 135.1  31.9  30.7 143.9 109.9  58.5 166.6 161.5 134.8 135.6   0.0 228.2  68.2 161.6  55.8 202.5 174.4  32.2 117.8  61.4 182.6 227.1 215.6 198.1  63.7 124.5  98.8 121.8 183.5 100.3 128.2 136.6 135.1 120.1 201.0 109.7  47.1
0.52 113.5 182.5 124.0 103.8 158.5 194.5 180.9 190.8 102.3 129.7  94.7 128.8 218.7 245.3 160.6 182.2 208.4 112.8 152.7 126.7  92.7 228.2   0.0 160.5 102.0 209.5  37.9  72.1 212.3 170.8 167.3  68.9   7.3  14.9  34.3 188.8 132.8 138.3 139.0  68.2 136.4 112.4 163.8 117.1 164.5  43.0 152.7 209.8
0.32  61.7 117.9 134.6  67.1 116.9  36.2  48.1  44.5 122.7  96.2 124.8  88.2  60.9  89.8 112.6  80.0  71.8 106.9 114.1  76.7  68.2  68.2 160.5   0.0 106.8  71.0 134.4 112.4  60.3  93.2  14.5 120.8 159.1 147.6 130.0  56.5  77.9  36.0  78.3 116.7  36.9  63.0 107.2  82.2  91.8 133.1  73.3  57.2
0.11  45.9 193.8  34.8  44.4 179.1 141.9 100.2 114.9  16.0 147.0  18.7  30.9 165.7 168.4  58.6 170.4 122.6 142.0 173.8 130.8  62.9 161.6 102.0 106.8   0.0 124.5 103.9  30.2 135.9  71.5 104.6  33.4 105.7  97.9  93.0 105.2  39.3 109.9  44.3 113.2 108.5 104.9  62.0  26.5  65.2 107.2  59.2 164.0
0.15  96.0 184.6 136.5 105.7 186.8  72.1  29.0  26.7 136.8 167.3 142.5  94.4  80.8  46.9  93.1 143.1   2.7 177.3 184.5 147.6 120.7  55.8 209.5  71.0 124.5   0.0 191.8 144.8  24.2  66.3  56.8 152.1 210.1 199.3 184.7  20.7  85.2 106.8  80.5 180.5 107.5 131.5  85.5  99.3  70.1 191.9  66.0  91.4
0.89  99.1 144.6 133.5  89.3 120.6 165.9 162.8 170.1 109.9  91.9 103.4 124.2 189.3 222.8 160.1 145.9 191.1  74.9 114.7  90.2  71.1 202.5  37.9 134.4 103.9 191.8   0.0  74.8 190.7 164.4 143.5  75.9  32.3  23.5  11.3 171.4 125.1 107.3 131.3  30.3 105.5  79.2 161.5 110.7 158.4   5.4 143.1 178.9
0.19  52.5 180.8  59.0  45.4 163.1 148.5 117.9 130.7  35.3 130.5  29.6  57.1 173.2 185.7  88.7 163.5 143.3 122.1 157.5 117.0  52.1 174.4  72.1 112.4  30.2 144.8  74.8   0.0 152.4  99.2 114.0   8.5  75.6  67.7  63.7 124.5  62.4 105.5  68.5  87.9 103.7  92.5  91.6  46.8  92.8  78.5  83.0 168.7
0.88 100.8 166.4 152.6 109.7 171.1  51.2  35.8  21.8 149.6 154.7 154.5 107.6  56.9  33.3 112.7 124.0  26.8 166.8 169.4 135.8 120.5  32.2 212.3  60.3 135.9  24.2 190.7 152.4   0.0  86.3  48.0 160.3 212.1 200.9 184.8  32.9  97.4  95.9  93.8 175.8  97.0 123.3 105.3 109.7  89.0 190.1  80.5  68.5
0.16  68.5 208.1  73.0  77.1 201.8 116.6  55.5  71.3  79.3 174.3  86.4  42.1 134.6 113.2  26.8 172.8  63.8 177.2 197.8 154.5 100.3 117.8 170.8  93.2  71.5  66.3 164.4  99.2  86.3   0.0  82.0 104.3 173.5 164.3 154.7  54.1  39.2 118.3  33.0 163.7 117.9 130.8  19.2  54.2   6.4 166.3  24.0 139.9
0.89  61.7 131.9 129.7  68.8 131.3  38.0  33.8  30.5 120.1 110.5 123.1  82.5  61.2  79.3 103.1  93.0  57.4 120.7 128.6  90.8  74.6  61.4 167.3  14.5 104.6  56.8 143.5 114.0  48.0  82.0   0.0 122.3 166.5 155.1 138.2  42.1  71.9  50.0  71.2 127.8  50.7  75.7  97.2  78.8  81.2 142.6  63.9  61.3
0.44  60.7 187.7  57.8  53.8 169.5 157.0 125.5 138.6  34.5 136.8  27.6  62.4 181.7 193.5  91.9 171.4 150.4 127.7 163.8 124.0  60.2 182.6  68.9 120.8  33.4 152.1  75.9   8.5 160.3 104.3 122.3   0.0  73.0  66.2  64.6 131.9  68.7 113.7  74.5  91.6 111.9  99.9  95.4  53.3  97.9  80.0  89.2 177.2
0.67 114.4 176.8 129.1 104.6 152.6 192.6 181.4 190.8 107.0 124.3  99.5 131.6 216.6 245.0 164.3 177.7 209.1 107.0 146.7 122.1  91.9 227.1   7.3 159.1 105.7 210.1  32.3  75.6 212.1 173.5 166.5  73.0   0.0  11.5  30.6 189.4 135.1 135.6 141.3  62.6 133.7 109.0 167.2 119.5 167.3  37.1 154.8 207.3
0.12 103.8 167.9 123.4  94.0 144.1 181.1 170.5 179.7 100.6 114.9  93.3 122.6 205.1 233.7 156.2 167.3 198.3  98.3 138.2 111.8  80.6 215.6  14.9 147.6  97.9 199.3  23.5  67.7 200.9 164.3 155.1  66.2  11.5   0.0  19.5 178.6 125.5 124.2 131.8  53.6 122.3  97.9 158.7 110.2 158.1  28.8 145.0 195.9
0.23  90.6 149.7 122.2  80.8 126.5 162.7 155.8 163.9  98.6  96.4  92.2 114.1 186.5 217.3 149.6 147.9 183.9  80.7 120.5  92.4  64.4 198.1  34.3 130.0  93.0 184.7  11.3  63.7 184.8 154.7 138.2  64.6  30.6  19.5   0.0 164.2 115.5 105.2 121.8  36.3 103.3  78.4 151.3 100.8 148.7  15.8 133.9 176.9
0.39  75.3 173.6 119.9  84.9 173.4  67.3   9.2  18.3 118.2 151.6 123.5  75.8  82.0  63.5  80.2 133.7  19.7 160.3 170.6 131.7 100.4  63.7 188.8  56.5 105.2  20.7 171.4 124.5  32.9  54.1  42.1 131.9 189.4 178.6 164.2   0.0  66.1  91.0  61.9 161.0  91.4 113.7  72.8  79.6  56.4 171.6  48.1  89.5
0.17  31.8 182.0  58.0  39.1 172.2 109.9  61.6  76.9  52.2 142.4  57.4  10.8 132.4 129.5  41.7 151.7  83.3 142.8 167.6 123.5  63.0 124.5 132.8  77.9  39.3  85.2 125.1  62.4  97.4  39.2  71.9  68.7 135.1 125.5 115.5  66.1   0.0  92.4   6.3 125.4  91.5  98.3  39.8  15.7  33.3 127.1  20.6 133.1
0.75  65.4  90.2 142.6  65.6  84.2  59.6  82.0  80.4 125.6  60.7 125.5 100.8  82.1 123.7 132.5  60.6 107.4  70.9  80.7  40.8  53.8  98.8 138.3  36.0 109.9 106.8 107.3 105.5  95.9 118.3  50.0 113.7 135.6 124.2 105.2  91.0  92.4   0.0  95.1  85.3   1.9  29.5 128.6  90.5 115.3 105.0  95.3  71.7
0.71  36.8 185.1  59.8  44.7 176.0 109.1  58.1  73.8  56.4 146.7  62.0  13.9 131.0 125.4  37.7 153.7  78.5 147.6 171.5 127.5  68.4 121.8 139.0  78.3  44.3  80.5 131.3  68.5  93.8  33.0  71.2  74.5 141.3 131.8 121.8  61.9   6.3  95.1   0.0 131.2  94.3 102.5  35.0  21.9  27.2 133.2  14.9 132.5
0.57  95.3 114.3 146.2  86.6  90.5 144.9 151.9 156.6 122.7  61.7 117.5 127.1 166.9 206.4 164.3 117.1 180.2  44.7  84.6  61.6  63.8 183.5  68.2 116.7 113.2 180.5  30.3  87.9 175.8 163.7 127.8  91.6  62.6  53.6  36.3 161.0 125.4  85.3 131.2   0.0  83.6  55.8 164.3 112.9 158.2  25.5 140.6 155.2
0.29  64.2  90.9 141.3  64.2  84.3  61.3  82.4  81.2 124.1  60.2 124.0  99.8  83.9 125.1 131.8  61.9 108.0  70.0  80.8  40.2  52.0 100.3 136.4  36.9 108.5 107.5 105.5 103.7  97.0 117.9  50.7 111.9 133.7 122.3 103.3  91.4  91.5   1.9  94.3  83.6   0.0  27.9 127.9  89.3 114.8 103.2  94.8  73.6
0.25  67.0  89.0 139.5  62.9  74.8  89.1 104.5 105.9 119.3  44.2 117.4 104.4 111.2 152.4 139.9  73.0 131.7  47.2  69.9  26.0  42.1 128.2 112.4  63.0 104.9 131.5  79.2  92.5 123.3 130.8  75.7  99.9 109.0  97.9  78.4 113.7  98.3  29.5 102.5  55.8  27.9   0.0 137.5  91.6 126.7  76.5 106.8  99.9
0.46  71.6 218.8  56.3  78.7 210.6 133.2  73.4  89.5  66.5 181.5  74.1  37.5 152.3 132.3   7.7 185.6  82.9 182.5 206.2 162.3 102.7 136.6 163.8 107.2  62.0  85.5 161.5  91.6 105.3  19.2  97.2  95.4 167.2 158.7 151.3  72.8  39.8 128.6  35.0 164.3 127.9 137.5   0.0  51.5  16.7 164.0  34.0 156.7
0.25  25.3 178.2  52.9  29.1 166.4 116.4  74.1  88.5  41.4 135.5  45.2  14.1 140.0 142.4  51.5 150.9  97.6 133.9 161.5 117.5  52.8 135.1 117.1  82.2  26.5  99.3 110.7  46.8 109.7  54.2  78.8  53.3 119.5 110.2 100.8  79.6  15.7  90.5  21.9 112.9  89.3  91.6  51.5   0.0  48.0 112.9  36.1 139.0
0.33  63.2 205.3  67.7  71.6 198.4 116.8  56.8  72.9  73.2 170.4  80.2  35.8 135.7 117.0  23.8 170.9  67.6 172.8 194.3 150.7  95.1 120.1 164.5  91.8  65.2  70.1 158.4  92.8  89.0   6.4  81.2  97.9 167.3 158.1 148.7  56.4  33.3 115.3  27.2 158.2 114.8 126.7  16.7  48.0   0.0 160.4  20.1 140.2
0.82 100.2 139.7 137.4  90.5 115.6 164.0 162.9 169.7 113.7  87.2 107.4 126.6 187.1 221.9 162.7 142.0 191.2  69.9 109.7  86.3  71.3 201.0  43.0 133.1 107.2 191.9   5.4  78.5 190.1 166.3 142.6  80.0  37.1  28.8  15.8 171.6 127.1 105.0 133.2  25.5 103.2  76.5 164.0 112.9 160.4   0.0 144.6 176.4
0.26  45.3 185.4  72.0  54.4 178.3 100.9  45.3  61.5  70.8 150.4  76.7  28.6 121.5 111.4  39.4 151.6  63.9 153.2 174.2 130.7  77.0 109.7 152.7  73.3  59.2  66.0 143.1  83.0  80.5  24.0  63.9  89.2 154.8 145.0 133.9  48.1  20.6  95.3  14.9 140.6  94.8 106.8  34.0  36.1  20.1 144.6   0.0 124.4
0.80 118.9 106.5 190.7 123.9 118.0  23.6  85.2  71.2 179.8 112.6 182.1 143.7  16.1  77.8 163.1  63.9  93.6 129.8 118.1  98.8 121.1  47.1 209.8  57.2 164.0  91.4 178.9 168.7  68.5 139.9  61.3 177.2 207.3 195.9 176.9  89.5 133.1  71.7 132.5 155.2  73.6  99.9 156.7 139.0 140.2 176.4 124.4   0.0
