34
6
0.25   0.0  48.8 145.9  65.1 146.7  89.0 129.5 139.2 103.3 111.0  63.5 125.9 122.0 137.4  12.3 130.0 158.0  33.9  91.6   0.4 172.1 175.3 133.2 104.6  50.5  91.4 184.9 122.1  49.0  40.7 148.3  45.9 161.4  91.7
0.81  48.8   0.0 154.5  42.1  99.8  42.2  95.6 129.9  54.5  70.2 105.9  85.2 116.6  88.7  43.4 133.4 132.6  67.6 107.8  49.1 145.5 138.0  98.9  69.3  84.1  66.0 149.7  95.6  23.6  38.9 168.4  43.4 134.1  56.1
0.28 145.9 154.5   0.0 195.0 230.6 185.8 124.1  54.6 180.3 219.1 115.7 145.4  49.7 206.5 135.8  24.2 104.8 178.2  55.1 146.1 113.9 153.5 126.3 222.2 192.4 106.2 150.3 102.8 131.0 179.5  38.9 185.5 111.9 127.0
0.24  65.1  42.1 195.0   0.0  93.6  45.4 132.3 172.0  68.0  50.9 128.5 117.0 158.6  94.6  67.7 174.6 172.0  61.1 145.5  65.1 184.2 170.5 135.1  40.8  71.6 107.2 183.6 135.5  65.4  26.0 205.6  23.4 172.8  94.3
0.33 146.7  99.8 230.6  93.6   0.0  57.8 119.6 187.8  51.5  45.0 205.6  94.9 182.8  27.5 143.0 206.6 161.6 153.5 196.2 146.9 168.1 133.1 119.9  60.5 165.2 124.4 148.2 136.1 114.4 116.9 254.4 116.2 158.5 103.6
0.89  89.0  42.2 185.8  45.4  57.8   0.0  97.3 151.5  23.0  33.4 148.0  77.7 142.0  51.0  85.2 162.9 139.9  99.3 144.7  89.3 150.4 129.7  99.4  40.6 113.0  83.8 143.7 106.1  59.5  63.2 204.7  64.1 139.2  65.3
0.42 129.5  95.6 124.1 132.3 119.6  97.3   0.0  73.0  79.6 127.1 156.6  24.8  74.7  92.4 118.0 100.5  43.3 158.8 111.9 129.9  53.1  46.5   3.8 137.6 176.1  40.2  55.4  21.4  81.7 134.5 156.8 139.0  42.0  39.7
0.37 139.2 129.9  54.6 172.0 187.8 151.5  73.0   0.0 140.8 184.7 133.8  96.4  18.6 161.9 127.2  34.8  50.5 173.1  70.4 139.6  60.8  98.9  74.5 191.1 189.6  67.7  96.1  52.8 107.1 163.1  91.8 168.9  57.6  86.9
0.43 103.3  54.5 180.3  68.0  51.5  23.0  79.6 140.8   0.0  47.6 157.8  57.7 133.7  34.5  97.2 156.6 122.8 118.3 144.7 103.6 132.2 108.1  81.1  59.3 133.1  74.7 122.4  91.6  64.4  83.4 203.0  85.1 121.4  54.2
0.60 111.0  70.2 219.1  50.9  45.0  33.4 127.1 184.7  47.6   0.0 173.4 105.1 175.5  55.6 110.1 196.3 170.2 112.0 176.6 111.2 179.8 154.0 128.7  16.0 122.1 117.1 168.7 138.0  90.9  76.1 237.0  74.3 168.9  98.0
0.78  63.5 105.9 115.7 128.5 205.6 148.0 156.6 133.8 157.8 173.4   0.0 162.5 115.3 192.2  63.3 109.8 170.3  81.9  65.1  63.4 184.3 202.3 160.4 167.9  89.9 116.9 207.9 141.4  94.0 103.7 102.7 108.4 175.7 127.7
0.62 125.9  85.2 145.4 117.0  94.9  77.7  24.8  96.4  57.7 105.1 162.5   0.0  95.7  67.7 115.5 121.4  67.0 151.8 126.1 126.3  75.1  53.5  25.0 116.8 168.8  47.8  66.6  43.6  77.0 123.4 175.9 127.2  64.6  35.3
0.35 122.0 116.6  49.7 158.6 182.8 142.0  74.7  18.6 133.7 175.5 115.3  95.7   0.0 158.0 110.2  25.9  62.7 155.9  52.6 122.4  74.9 107.8  77.0 180.6 172.2  59.1 107.3  53.3  93.3 147.9  82.9 153.8  69.5  79.6
0.26 137.4  88.7 206.5  94.6  27.5  51.0  92.4 161.9  34.5  55.6 192.2  67.7 158.0   0.0 131.7 182.4 134.1 150.2 175.6 137.7 140.6 106.4  92.6  71.4 163.9 100.7 121.5 109.7  98.5 114.1 232.3 114.8 131.0  80.1
0.86  12.3  43.4 135.8  67.7 143.0  85.2 118.0 127.2  97.2 110.1  63.3 115.5 110.2 131.7   0.0 119.1 145.8  45.9  82.3  12.7 159.9 164.0 121.8 105.4  62.7  79.4 173.3 110.1  38.7  45.9 140.5  51.7 149.3  80.8
0.67 130.0 133.4  24.2 174.6 206.6 162.9 100.5  34.8 156.6 196.3 109.8 121.4  25.9 182.4 119.1   0.0  85.0 163.3  44.9 130.2  95.7 132.3 102.9 200.1 178.5  82.2 130.5  79.2 109.7 160.8  57.7 166.8  92.1 103.0
0.24 158.0 132.6 104.8 172.0 161.6 139.9  43.3  50.5 122.8 170.2 170.3  67.0  62.7 134.1 145.8  85.0   0.0 190.1 113.1 158.4  14.3  49.7  42.1 180.4 207.5  68.0  45.6  37.1 114.4 170.7 142.3 175.8   7.1  77.8
0.58  33.9  67.6 178.2  61.1 153.5  99.3 158.8 173.1 118.3 112.0  81.9 151.8 155.9 150.2  45.9 163.3 190.1   0.0 123.3  33.6 204.0 203.4 162.4 101.3  17.4 122.5 214.0 153.6  77.1  36.6 177.3  37.7 193.0 119.6
0.36  91.6 107.8  55.1 145.5 196.2 144.7 111.9  70.4 144.7 176.6  65.1 126.1  52.6 175.6  82.3  44.9 113.1 123.3   0.0  91.8 126.2 153.2 115.2 177.0 137.3  78.9 155.4  92.3  85.7 127.3  60.7 133.3 119.4  97.3
0.42   0.4  49.1 146.1  65.1 146.9  89.3 129.9 139.6 103.6 111.2  63.4 126.3 122.4 137.7  12.7 130.2 158.4  33.6  91.8   0.0 172.5 175.7 133.6 104.8  50.2  91.8 185.3 122.5  49.4  40.7 148.5  45.9 161.8  92.1
0.11 172.1 145.5 113.9 184.2 168.1 150.4  53.1  60.8 132.2 179.8 184.3  75.1  74.9 140.6 159.9  95.7  14.3 204.0 126.2 172.5   0.0  46.2  51.2 190.6 221.4  81.6  38.0  50.6 128.0 183.8 152.1 188.8  11.4  90.0
0.52 175.3 138.0 153.5 170.5 133.1 129.7  46.5  98.9 108.1 154.0 202.3  53.5 107.8 106.4 164.0 132.3  49.7 203.4 153.2 175.7  46.2   0.0  42.7 167.2 220.6  86.6  15.1  61.6 126.8 176.6 190.0 180.5  42.9  83.9
0.14 133.2  98.9 126.3 135.1 119.9  99.4   3.8  74.5  81.1 128.7 160.4  25.0  77.0  92.6 121.8 102.9  42.1 162.4 115.2 133.6  51.2  42.7   0.0 139.5 179.7  44.0  51.7  24.0  85.3 137.8 159.4 142.2  40.2  43.1
0.54 104.6  69.3 222.2  40.8  60.5  40.6 137.6 191.1  59.3  16.0 167.9 116.8 180.6  71.4 105.4 200.1 180.4 101.3 177.0 104.8 190.6 167.2 139.5   0.0 110.0 123.4 181.7 146.7  91.8  66.8 237.7  64.0 179.5 105.6
0.50  50.5  84.1 192.4  71.6 165.2 113.0 176.1 189.6 133.1 122.1  89.9 168.8 172.2 163.9  62.7 178.5 207.5  17.4 137.3  50.2 221.4 220.6 179.7 110.0   0.0 139.9 231.4 171.0  94.5  49.9 189.0  49.3 210.5 136.9
0.68  91.4  66.0 106.2 107.2 124.4  83.8  40.2  67.7  74.7 117.1 116.9  47.8  59.1 100.7  79.4  82.2  68.0 122.5  78.9  91.8  81.6  86.6  44.0 123.4 139.9   0.0  94.5  31.1  46.5 103.1 132.2 108.4  70.6  20.8
0.84 184.9 149.7 150.3 183.6 148.2 143.7  55.4  96.1 122.4 168.7 207.9  66.6 107.3 121.5 173.3 130.5  45.6 214.0 155.4 185.3  38.0  15.1  51.7 181.7 231.4  94.5   0.0  66.5 137.0 188.5 187.9 192.7  38.5  94.5
0.81 122.1  95.6 102.8 135.5 136.1 106.1  21.4  52.8  91.6 138.0 141.4  43.6  53.3 109.7 110.1  79.2  37.1 153.6  92.3 122.5  50.6  61.6  24.0 146.7 171.0  31.1  66.5   0.0  77.4 133.6 135.4 138.6  39.5  41.7
0.49  49.0  23.6 131.0  65.4 114.4  59.5  81.7 107.1  64.4  90.9  94.0  77.0  93.3  98.5  38.7 109.7 114.4  77.1  85.7  49.4 128.0 126.8  85.3  91.8  94.5  46.5 137.0  77.4   0.0  57.1 146.2  62.6 116.8  42.9
0.21  40.7  38.9 179.5  26.0 116.9  63.2 134.5 163.1  83.4  76.1 103.7 123.4 147.9 114.1  45.9 160.8 170.7  36.6 127.3  40.7 183.8 176.6 137.8  66.8  49.9 103.1 188.5 133.6  57.1   0.0 186.3   6.0 172.5  94.9
0.39 148.3 168.4  38.9 205.6 254.4 204.7 156.8  91.8 203.0 237.0 102.7 175.9  82.9 232.3 140.5  57.7 142.3 177.3  60.7 148.5 152.1 190.0 159.4 237.7 189.0 132.2 187.9 135.4 146.2 186.3   0.0 192.2 149.4 152.4
0.11  45.9  43.4 185.5  23.4 116.2  64.1 139.0 168.9  85.1  74.3 108.4 127.2 153.8 114.8  51.7 166.8 175.8  37.7 133.3  45.9 188.8 180.5 142.2  64.0  49.3 108.4 192.7 138.6  62.6   6.0 192.2   0.0 177.5  99.5
0.19 161.4 134.1 111.9 172.8 158.5 139.2  42.0  57.6 121.4 168.9 175.7  64.6  69.5 131.0 149.3  92.1   7.1 193.0 119.4 161.8  11.4  42.9  40.2 179.5 210.5  70.6  38.5  39.5 116.8 172.5 149.4 177.5   0.0  78.6
0.12  91.7  56.1 127.0  94.3 103.6  65.3  39.7  86.9  54.2  98.0 127.7  35.3  79.6  80.1  80.8 103.0  77.8 119.6  97.3  92.1  90.0  83.9  43.1 105.6 136.9  20.8  94.5  41.7  42.9  94.9 152.4  99.5  78.6   0.0
