44
8
0.29   0.0  89.0 124.4  98.2  32.1 123.8   9.5 149.4 134.1  46.8 131.2  37.6 134.4  48.1  33.9  28.5 103.0  30.1 107.1  38.9  23.2  65.3  66.5  70.1  83.0 129.6  85.2  30.8 126.3 113.7 119.1  81.8  82.0  47.6  66.7 112.8  50.7  64.4  16.4  48.3 124.7  27.8 122.2  70.9
0.84  89.0   0.0 173.2 165.6  56.9 212.4  80.4 238.2 222.4 105.7 180.0 105.9 221.3  59.6 117.0  67.3 190.2 105.4 151.1 121.9  94.3  46.4 151.1 105.0 153.2 201.9 168.2  99.3 212.7 185.0 193.6 157.5 165.1  82.3 145.6 189.1 120.2 108.2  87.8  43.3 159.3 116.9 189.0  27.8
0.25 124.4 173.2   0.0 200.8 137.9 134.2 130.7 155.1 136.8 168.1   7.1 157.1 123.2 115.8  97.6 147.7 159.6  94.7  22.2  94.8 101.8 178.2 151.5  68.3 186.4  58.9  84.2 152.4 114.6 207.8  61.6  63.6 163.5 171.8 164.0  65.3  74.7 187.3 140.7 154.4  26.9 119.1 220.2 173.2
0.31  98.2 165.6 200.8   0.0 118.9 118.0 100.5 131.6 127.8  60.4 206.3  63.5 139.3 144.9 107.0 102.4  68.6 116.4 190.0 108.3 116.9 121.7  50.2 164.1  15.4 177.7 125.5  71.2 137.0  20.2 166.1 139.6  42.9  83.5  36.9 158.3 131.0  59.8  87.1 124.3 210.2  85.7  24.3 138.7
0.40  32.1  56.9 137.9 118.9   0.0 155.8  23.6 181.4 165.9  59.6 145.0  55.5 165.6  31.2  62.2  17.5 134.0  52.8 117.8  67.3  41.8  40.5  95.9  73.3 104.7 154.0 114.3  47.9 157.3 136.7 144.4 107.1 110.7  44.8  92.8 138.9  71.3  70.5  33.3  18.1 132.0  59.9 143.1  40.6
0.73 123.8 212.4 134.2 118.0 155.8   0.0 132.9  26.5  10.9 132.4 136.3 123.6  22.2 161.0  97.0 149.8  50.0 110.6 137.0  92.8 120.6 185.7  79.3 143.4 111.2  84.1  56.3 126.0  24.2 111.9  75.7  78.3  77.0 153.9  94.9  69.9 104.9 148.4 129.5 171.9 156.1  96.3 125.0 194.3
0.59   9.5  80.4 130.7 100.5  23.6 132.9   0.0 158.4 143.3  45.2 137.6  37.7 143.8  44.4  43.0  19.3 110.5  37.6 112.6  48.1  29.0  56.0  72.9  73.0  85.6 138.3  94.6  30.2 135.8 117.1 128.0  90.6  88.0  41.3  71.3 121.8  58.2  61.1  13.9  39.0 129.4  36.7 124.8  61.6
0.51 149.4 238.2 155.1 131.6 181.4  26.5 158.4   0.0  19.0 154.3 156.5 146.3  32.3 187.4 123.4 174.7  63.8 137.0 160.1 119.2 147.0 210.1  99.6 169.3 127.4 100.8  81.7 149.4  40.5 121.9  94.4 103.0  94.1 176.9 114.1  89.9 131.2 169.0 154.1 197.3 178.5 121.6 134.1 219.4
0.46 134.1 222.4 136.8 127.8 165.9  10.9 143.3  19.0   0.0 143.3 138.5 134.5  16.5 170.3 106.5 160.3  59.4 119.8 141.3 102.1 130.1 196.3  90.1 150.7 121.5  83.9  62.9 136.9  22.7 120.8  76.6  84.1  87.3 164.8 105.6  71.7 113.0 159.2 140.1 182.3 159.8 106.7 133.7 204.7
0.76  46.8 105.7 168.1  60.4  59.6 132.4  45.2 154.3 143.3   0.0 174.7  11.4 148.8  88.1  71.1  42.5  94.9  74.0 152.4  74.8  69.6  63.8  55.1 116.9  47.5 163.0 112.2  16.1 142.9  79.4 151.5 116.8  65.2  25.3  43.7 144.3  93.5  19.6  31.5  64.0 170.8  51.4  84.4  79.4
0.27 131.2 180.0   7.1 206.3 145.0 136.3 137.6 156.5 138.5 174.7   0.0 163.6 124.4 122.9 103.9 154.7 163.6 101.4  29.0 101.0 108.6 185.2 156.8  75.3 192.0  58.4  88.0 159.0 116.0 212.9  62.3  68.2 168.5 178.7 169.6  66.8  81.3 193.9 147.4 161.4  30.3 125.3 225.5 180.3
0.63  37.6 105.9 157.1  63.5  55.5 123.6  37.7 146.3 134.5  11.4 163.6   0.0 139.3  81.8  59.9  39.7  88.8  63.3 141.7  63.5  59.7  67.1  48.5 107.4  49.2 151.7 101.1   7.7 133.1  81.2 140.3 105.4  60.5  30.7  39.9 133.1  82.5  31.0  23.9  63.0 160.3  40.1  87.8  80.9
0.51 134.4 221.3 123.2 139.3 165.6  22.2 143.8  32.3  16.5 148.8 124.4 139.3   0.0 166.9 104.3 161.7  71.9 116.7 129.4  99.6 127.5 198.3  97.9 143.1 131.7  68.5  55.9 140.8   9.6 133.9  62.1  75.0  97.5 168.9 114.0  58.0 107.3 165.8 142.2 182.6 147.2 107.9 147.1 205.3
0.71  48.1  59.6 115.8 144.9  31.2 161.0  44.4 187.4 170.3  88.1 122.9  81.8 166.9   0.0  64.1  48.1 148.6  50.5  94.3  68.2  40.6  65.8 114.2  47.8 130.0 142.3 111.9  74.2 157.8 161.4 134.3  99.0 129.8  75.9 114.8 130.2  61.7 100.9  58.0  41.9 105.8  72.0 169.2  57.7
0.85  33.9 117.0  97.6 107.0  62.2  97.0  43.0 123.4 106.5  71.1 103.9  59.9 104.3  64.1   0.0  62.3  88.6  14.2  83.9   5.1  23.6  98.9  62.2  59.7  91.8  95.9  52.1  56.0  95.7 118.0  85.3  48.2  77.3  79.5  70.6  78.9  24.1  90.6  47.6  80.0 103.6  21.8 129.0 102.7
0.34  28.5  67.3 147.7 102.4  17.5 149.8  19.3 174.7 160.3  42.5 154.7  39.7 161.7  48.1  62.3   0.0 123.2  56.5 128.7  67.3  46.9  37.0  83.8  86.3  88.6 157.5 113.7  32.4 153.9 120.7 147.2 109.9  97.8  28.0  78.6 141.1  76.7  53.0  20.9  24.1 144.3  53.9 126.6  44.9
0.28 103.0 190.2 159.6  68.6 134.0  50.0 110.5  63.8  59.4  94.9 163.6  88.8  71.9 148.6  88.6 123.2   0.0 102.5 155.7  86.4 109.4 155.5  40.3 146.5  63.6 121.8  75.7  93.6  71.1  62.0 111.0  96.3  31.0 119.3  52.1 103.6 106.6 107.4 102.4 147.2 176.3  76.6  75.2 167.8
0.85  30.1 105.4  94.7 116.4  52.8 110.6  37.6 137.0 119.8  74.0 101.4  63.3 116.7  50.5  14.2  56.5 102.5   0.0  78.5  17.8  11.2  91.7  74.2  48.0 101.0 101.6  62.8  58.0 107.8 128.7  91.7  54.3  89.6  77.7  80.7  86.1  20.6  92.8  46.1  70.9  97.1  31.0 139.1  93.3
0.29 107.1 151.1  22.2 190.0 117.8 137.0 112.6 160.1 141.3 152.4  29.0 141.7 129.4  94.3  83.9 128.7 155.7  78.5   0.0  81.9  84.0 157.7 142.1  46.6 175.1  71.8  82.7 136.4 120.2 198.9  71.0  60.4 155.4 153.9 153.1  72.5  59.9 171.1 123.5 133.7  20.7 105.7 210.8 151.9
0.85  38.9 121.9  94.8 108.3  67.3  92.8  48.1 119.2 102.1  74.8 101.0  63.5  99.6  68.2   5.1  67.3  86.4  17.8  81.9   0.0  28.1 104.0  62.2  60.7  93.2  91.1  47.1  60.0  90.8 118.5  80.4  43.5  76.9  84.1  71.5  74.0  22.9  94.4  52.2  85.0 101.9  24.3 129.8 107.8
0.64  23.2  94.3 101.8 116.9  41.8 120.6  29.0 147.0 130.1  69.6 108.6  59.7 127.5  40.6  23.6  46.9 109.4  11.2  84.0  28.1   0.0  81.2  78.2  47.9 101.5 112.2  73.9  53.5 118.7 130.6 102.6  65.3  93.9  70.1  82.6  97.1  30.0  87.6  39.6  59.9 101.5  34.3 140.3  82.2
0.47  65.3  46.4 178.2 121.7  40.5 185.7  56.0 210.1 196.3  63.8 185.2  67.1 198.3  65.8  98.9  37.0 155.5  91.7 157.7 104.0  81.2   0.0 115.2 112.2 110.5 193.3 150.6  62.0 190.7 141.5 183.3 145.9 127.5  38.7 106.6 177.4 111.1  62.8  56.3  24.1 170.9  90.5 144.4  18.7
0.82  66.5 151.1 151.5  50.2  95.9  79.3  72.9  99.6  90.1  55.1 156.8  48.5  97.9 114.2  62.2  83.8  40.3  74.2 142.1  62.2  78.2 115.2   0.0 121.8  37.5 128.1  75.5  53.3  93.5  56.8 116.4  89.6  15.7  79.0  16.4 108.6  85.0  69.4  63.3 107.9 162.6  43.9  68.8 127.9
0.41  70.1 105.0  68.3 164.1  73.3 143.4  73.0 169.3 150.7 116.9  75.3 107.4 143.1  47.8  59.7  86.3 146.5  48.0  46.6  60.7  47.9 112.2 121.8   0.0 148.7 103.0  87.8 100.9 133.5 176.7  97.4  68.3 137.0 113.3 128.7  95.2  40.2 134.0  85.8  88.1  58.7  79.0 187.1 105.5
0.55  83.0 153.2 186.4  15.4 104.7 111.2  85.6 127.4 121.5  47.5 192.0  49.2 131.7 130.0  91.8  88.6  63.6 101.0 175.1  93.2 101.5 110.5  37.5 148.7   0.0 165.6 113.0  56.8 128.5  32.1 153.9 126.0  34.2  71.9  22.5 146.1 115.8  50.8  72.4 111.2 195.2  70.4  39.3 126.8
0.54 129.6 201.9  58.9 177.7 154.0  84.1 138.3 100.8  83.9 163.0  58.4 151.7  68.5 142.3  95.9 157.5 121.8 101.6  71.8  91.1 112.2 193.3 128.1 103.0 165.6   0.0  52.8 149.7  61.3 179.3  11.8  47.8 135.7 175.1 143.7  19.5  82.9 182.5 143.4 172.0  85.3 112.0 192.6 194.0
0.23  85.2 168.2  84.2 125.5 114.3  56.3  94.6  81.7  62.9 112.2  88.0 101.1  55.9 111.9  52.1 113.7  75.7  62.8  82.7  47.1  73.9 150.6  75.5  87.8 113.0  52.8   0.0 100.1  46.5 128.5  41.0  22.5  84.2 126.9  90.9  33.3  51.5 131.4  96.5 132.1 102.8  62.7 141.6 154.8
0.78  30.8  99.3 152.4  71.2  47.9 126.0  30.2 149.4 136.9  16.1 159.0   7.7 140.8  74.2  56.0  32.4  93.6  58.0 136.4  60.0  53.5  62.0  53.3 100.9  56.8 149.7 100.1   0.0 134.2  88.8 138.4 102.8  66.3  28.1  46.4 131.4  77.7  34.9  16.3  56.1 154.7  37.7  95.5  74.9
0.81 126.3 212.7 114.6 137.0 157.3  24.2 135.8  40.5  22.7 142.9 116.0 133.1   9.6 157.8  95.7 153.9  71.1 107.8 120.2  90.8 118.7 190.7  93.5 133.5 128.5  61.3  46.5 134.2   0.0 133.0  54.0  65.4  94.6 162.2 109.9  49.3  97.9 160.4 134.8 174.5 138.2 100.3 146.3 197.2
0.71 113.7 185.0 207.8  20.2 136.7 111.9 117.1 121.9 120.8  79.4 212.9  81.2 133.9 161.4 118.0 120.7  62.0 128.7 198.9 118.5 130.6 141.5  56.8 176.7  32.1 179.3 128.5  88.8 133.0   0.0 167.9 145.0  44.5 103.2  48.1 160.2 141.3  80.0 104.1 143.2 219.4  97.7  13.4 158.3
0.10 119.1 193.6  61.6 166.1 144.4  75.7 128.0  94.4  76.6 151.5  62.3 140.3  62.1 134.3  85.3 147.2 111.0  91.7  71.0  80.4 102.6 183.3 116.4  97.4 153.9  11.8  41.0 138.4  54.0 167.9   0.0  37.4 124.1 164.1 131.9   7.8  73.7 171.0 132.5 162.5  86.7 100.7 181.2 184.6
0.80  81.8 157.5  63.6 139.6 107.1  78.3  90.6 103.0  84.1 116.8  68.2 105.4  75.0  99.0  48.2 109.9  96.3  54.3  60.4  43.5  65.3 145.9  89.6  68.3 126.0  47.8  22.5 102.8  65.4 145.0  37.4   0.0 100.5 127.5 103.4  31.8  37.3 136.4  95.7 125.2  80.6  65.4 157.8 147.5
0.37  82.0 165.1 163.5  42.9 110.7  77.0  88.0  94.1  87.3  65.2 168.5  60.5  97.5 129.8  77.3  97.8  31.0  89.6 155.4  76.9  93.9 127.5  15.7 137.0  34.2 135.7  84.2  66.3  94.6  44.5 124.1 100.5   0.0  90.1  21.6 116.4  99.5  76.6  77.7 121.8 176.0  59.6  57.5 141.1
0.60  47.6  82.3 171.8  83.5  44.8 153.9  41.3 176.9 164.8  25.3 178.7  30.7 168.9  75.9  79.5  28.0 119.3  77.7 153.9  84.1  70.1  38.7  79.0 113.3  71.9 175.1 126.9  28.1 162.2 103.2 164.1 127.5  90.1   0.0  68.8 157.3  98.3  27.0  32.0  43.1 170.5  64.2 106.8  55.1
0.52  66.7 145.6 164.0  36.9  92.8  94.9  71.3 114.1 105.6  43.7 169.6  39.9 114.0 114.8  70.6  78.6  52.1  80.7 153.1  71.5  82.6 106.6  16.4 128.7  22.5 143.7  90.9  46.4 109.9  48.1 131.9 103.4  21.6  68.8   0.0 124.2  94.3  55.3  59.5 102.5 173.4  49.8  58.5 120.9
0.55 112.8 189.1  65.3 158.3 138.9  69.9 121.8  89.9  71.7 144.3  66.8 133.1  58.0 130.2  78.9 141.1 103.6  86.1  72.5  74.0  97.1 177.4 108.6  95.2 146.1  19.5  33.3 131.4  49.3 160.2   7.8  31.8 116.4 157.3 124.2   0.0  68.9 163.7 125.9 157.0  89.4  93.7 173.4 179.3
0.62  50.7 120.2  74.7 131.0  71.3 104.9  58.2 131.2 113.0  93.5  81.3  82.5 107.3  61.7  24.1  76.7 106.6  20.6  59.9  22.9  30.0 111.1  85.0  40.2 115.8  82.9  51.5  77.7  97.9 141.3  73.7  37.3  99.5  98.3  94.3  68.9   0.0 112.6  66.6  89.3  79.5  45.8 152.6 111.1
0.27  64.4 108.2 187.3  59.8  70.5 148.4  61.1 169.0 159.2  19.6 193.9  31.0 165.8 100.9  90.6  53.0 107.4  92.8 171.1  94.4  87.6  62.8  69.4 134.0  50.8 182.5 131.4  34.9 160.4  80.0 171.0 136.4  76.6  27.0  55.3 163.7 112.6   0.0  48.2  70.1 189.1  71.1  81.8  80.6
0.37  16.4  87.8 140.7  87.1  33.3 129.5  13.9 154.1 140.1  31.5 147.4  23.9 142.2  58.0  47.6  20.9 102.4  46.1 123.5  52.2  39.6  56.3  63.3  85.8  72.4 143.4  96.5  16.3 134.8 104.1 132.5  95.7  77.7  32.0  59.5 125.9  66.6  48.2   0.0  44.7 141.1  34.6 111.4  65.8
0.31  48.3  43.3 154.4 124.3  18.1 171.9  39.0 197.3 182.3  64.0 161.4  63.0 182.6  41.9  80.0  24.1 147.2  70.9 133.7  85.0  59.9  24.1 107.9  88.1 111.2 172.0 132.1  56.1 174.5 143.2 162.5 125.2 121.8  43.1 102.5 157.0  89.3  70.1  44.7   0.0 146.8  75.7 148.2  22.8
0.75 124.7 159.3  26.9 210.2 132.0 156.1 129.4 178.5 159.8 170.8  30.3 160.3 147.2 105.8 103.6 144.3 176.3  97.1  20.7 101.9 101.5 170.9 162.6  58.7 195.2  85.3 102.8 154.7 138.2 219.4  86.7  80.6 176.0 170.5 173.4  89.4  79.5 189.1 141.1 146.8   0.0 125.4 231.2 163.3
0.11  27.8 116.9 119.1  85.7  59.9  96.3  36.7 121.6 106.7  51.4 125.3  40.1 107.9  72.0  21.8  53.9  76.6  31.0 105.7  24.3  34.3  90.5  43.9  79.0  70.4 112.0  62.7  37.7 100.3  97.7 100.7  65.4  59.6  64.2  49.8  93.7  45.8  71.1  34.6  75.7 125.4   0.0 108.2  98.1
0.83 122.2 189.0 220.2  24.3 143.1 125.0 124.8 134.1 133.7  84.4 225.5  87.8 147.1 169.2 129.0 126.6  75.2 139.1 210.8 129.8 140.3 144.4  68.8 187.1  39.3 192.6 141.6  95.5 146.3  13.4 181.2 157.8  57.5 106.8  58.5 173.4 152.6  81.8 111.4 148.2 231.2 108.2   0.0 161.8
0.13  70.9  27.8 173.2 138.7  40.6 194.3  61.6 219.4 204.7  79.4 180.3  80.9 205.3  57.7 102.7  44.9 167.8  93.3 151.9 107.8  82.2  18.7 127.9 105.5 126.8 194.0 154.8  74.9 197.2 158.3 184.6 147.5 141.1  55.1 120.9 179.3 111.1  80.6  65.8  22.8 163.3  98.1 161.8   0.0
