48
9
0.27   0.0  52.6  72.9  80.1 120.1 118.4  13.7 186.2 165.1  73.5  65.8 153.0 115.1  80.7  65.6  21.1  62.1  97.2 136.3 147.4 124.7  81.3  84.6  79.0  48.1 135.3  55.0  71.7  91.3 127.3 155.7 137.8  47.6  74.3 167.6 140.7  92.5 176.2  59.1  69.3  60.3 124.1 151.6  15.1 119.0  32.5  24.4  28.2
0.11  52.6   0.0  69.7  59.4  94.5 158.5  52.6 181.7 202.3  31.4  88.5 155.8 159.9  38.6  34.7  46.2  89.9  49.6 180.2 151.1 110.5  35.7 135.3  26.5  75.8 156.6 104.6 124.1  51.6 126.6 146.6 120.3  87.6 122.0 181.1 152.2  49.7 173.6  35.6 118.2  38.6 153.4 190.6  60.1 154.7  42.8  77.0  60.1
0.83  72.9  69.7   0.0  24.0  53.9 112.1  84.8 115.8 148.1  54.2  37.6  86.7 121.6  55.1  40.3  87.0  45.0  72.1 137.8  81.7  52.0  61.3 116.4  84.4  41.4  90.9  89.7 126.7  54.4  58.1  83.3  65.5  61.4 141.4 111.8  82.8  60.4 106.6  35.2  97.4  32.3  94.2 139.4  88.1 102.5  93.3  85.2  99.3
0.11  80.1  59.4  24.0   0.0  40.1 136.0  89.5 122.6 171.9  35.4  60.9  99.1 145.0  34.0  24.9  89.1  67.6  49.2 161.6  95.0  51.2  40.7 136.7  67.3  61.2 112.5 108.3 142.5  30.8  69.8  87.2  61.7  81.0 153.1 129.3 100.6  37.1 114.9  25.0 117.6  22.4 117.7 163.3  94.5 126.5  92.6  97.4 103.0
0.65 120.1  94.5  53.9  40.1   0.0 157.9 129.6  97.8 186.1  64.5  89.3  86.0 170.7  58.8  60.7 128.9  97.4  63.1 184.4  84.0  28.5  64.8 169.9  93.8  95.3 118.6 143.6 180.1  47.1  60.8  61.6  29.8 115.3 192.6 123.3  98.0  52.8  92.8  63.7 151.1  61.6 131.6 180.4 134.6 145.4 131.5 136.6 142.9
0.23 118.4 158.5 112.1 136.0 157.9   0.0 130.0 152.9  47.3 159.6  75.7 116.4  20.9 163.2 145.1 139.1  70.9 181.6  26.6 111.6 139.1 168.1  59.2 182.5  83.3  63.4  69.9  97.6 165.5 113.0 144.2 151.7  72.1 129.4  99.2  90.3 170.9 142.2 137.3  58.0 135.5  37.7  33.2 125.7  16.6 150.8 102.7 140.4
0.53  13.7  52.6  84.8  89.5 129.6 130.0   0.0 199.0 177.0  78.0  79.5 166.2 125.2  85.5  72.2   9.7  75.7 100.4 146.6 160.7 136.1  84.9  91.8  77.9  61.8 148.9  63.8  73.1  97.0 140.2 168.0 148.8  60.3  69.7 181.3 154.3  97.4 189.2  66.8  78.1  68.5 137.3 163.2   7.6 131.4  21.5  30.1  14.8
0.60 186.2 181.7 115.8 122.6  97.8 152.9 199.0   0.0 154.8 156.5 125.8  37.9 172.8 152.7 147.5 202.3 133.2 160.4 175.7  43.5  72.8 159.3 194.9 188.1 142.2  90.0 180.9 221.6 142.9  58.9  36.4  68.1 156.1 245.0  62.3  62.7 149.2  11.1 146.3 180.5 143.3 115.3 157.5 201.1 136.4 209.1 192.0 213.8
0.56 165.1 202.3 148.1 171.9 186.1  47.3 177.0 154.8   0.0 199.6 115.5 123.9  59.3 202.2 185.0 186.0 112.6 220.0  42.6 120.8 162.6 207.7 102.6 225.1 126.5  70.8 117.1 141.6 202.4 131.5 157.2 173.2 118.1 173.8  93.1  98.6 208.4 145.5 177.6 104.7 175.4  54.8  15.3 172.9  47.6 197.6 150.0 187.7
0.87  73.5  31.4  54.2  35.4  64.5 159.6  78.0 156.5 199.6   0.0  84.5 134.5 165.0   7.6  14.6  73.9  88.8  24.4 183.7 130.4  83.9   8.7 147.9  32.0  77.5 145.2 117.3 144.2  20.3 105.1 120.5  91.9  94.4 147.2 164.3 135.4  19.4 149.3  22.3 129.4  24.3 147.1 189.6  84.8 152.7  72.8  96.3  88.3
0.75  65.8  88.5  37.6  60.9  89.3  75.7  79.5 125.8 115.5  84.5   0.0  90.0  84.1  87.6  69.8  85.6   8.6 106.0 100.9  84.2  79.0  92.7  81.3 109.9  17.8  70.7  58.3  98.5  89.8  68.3 100.6  93.2  30.9 119.4 101.8  75.1  95.1 115.2  62.3  63.0  60.2  64.9 105.1  79.5  68.2  95.5  66.6  93.8
0.48 153.0 155.8  86.7  99.1  86.0 116.4 166.2  37.9 123.9 134.5  90.0   0.0 135.9 132.2 123.2 170.5  96.9 143.5 140.2   5.8  57.6 139.0 157.0 166.4 107.1  54.9 143.5 184.2 124.8  29.4  34.9  60.8 119.5 208.4  39.5  26.4 131.4  26.8 120.3 142.8 117.3  79.2 124.4 167.6 100.0 178.3 156.6 181.0
0.56 115.1 159.9 121.6 145.0 170.7  20.9 125.2 172.8  59.3 165.0  84.1 135.9   0.0 169.4 150.9 134.8  77.6 188.1  21.4 130.9 154.1 173.7  43.3 185.1  87.5  83.9  62.0  82.3 173.1 130.2 162.2 167.3  72.4 114.5 120.1 110.1 178.0 162.0 142.8  48.1 141.3  58.2  44.1 120.0  37.1 146.6  96.2 133.9
0.35  80.7  38.6  55.1  34.0  58.8 163.2  85.5 152.7 202.2   7.6  87.6 132.2 169.4   0.0  18.5  81.4  92.5  18.8 187.7 128.4  79.9   6.8 153.6  35.5  81.9 145.8 123.2 151.0  13.1 103.0 116.4  87.1  99.5 154.6 163.3 134.6  11.9 145.9  26.7 135.0  28.0 149.0 192.5  92.2 155.6  80.4 103.2  95.9
0.59  65.6  34.7  40.3  24.9  60.7 145.1  72.2 147.5 185.0  14.6  69.8 123.2 150.9  18.5   0.0  69.8  74.3  37.3 169.4 118.9  75.9  22.9 135.4  44.2  63.5 131.1 105.1 134.2  26.1  93.9 112.1  85.6  81.0 139.9 151.5 122.5  28.8 139.7   8.2 116.7   9.7 132.5 174.9  78.4 138.0  71.2  86.8  84.2
0.88  21.1  46.2  87.0  89.1 128.9 139.1   9.7 202.3 186.0  73.9  85.6 170.5 134.8  81.4  69.8   0.0  82.5  95.2 156.1 165.1 137.4  80.2 101.5  70.4  68.2 155.8  73.4  81.9  93.5 143.7 170.4 149.7  68.7  75.9 187.2 159.8  93.3 192.8  65.3  87.8  67.3 145.1 172.3  16.6 140.0  11.8  39.8  14.5
0.12  62.1  89.9  45.0  67.6  97.4  70.9  75.7 133.2 112.6  88.8   8.6  96.9  77.6  92.5  74.3  82.5   0.0 111.1  95.3  91.1  87.6  97.3  72.8 112.5  14.9  73.3  49.9  90.2  95.6  76.2 108.8 101.8  22.9 111.8 106.2  80.5 100.6 122.5  66.4  54.4  64.6  64.4 101.5  74.9  65.0  92.9  60.2  89.7
0.14  97.2  49.6  72.1  49.2  63.1 181.6 100.4 160.4 220.0  24.4 106.0 143.5 188.1  18.8  37.3  95.2 111.1   0.0 206.3 140.2  88.2  16.0 172.2  35.1 100.7 161.7 141.7 168.3  19.0 114.9 124.0  92.8 118.3 170.0 176.7 148.5  12.3 154.6  45.5 153.6  46.8 166.4 210.6 107.5 173.7  92.3 120.4 109.4
0.29 136.3 180.2 137.8 161.6 184.4  26.6 146.6 175.7  42.6 183.7 100.9 140.2  21.4 187.7 169.4 156.1  95.3 206.3   0.0 135.8 165.5 192.3  62.9 205.0 106.5  85.8  83.3 101.4 190.7 138.9 169.4 178.1  92.6 133.5 118.6 113.9 195.9 165.3 161.4  69.4 159.8  61.0  28.2 141.4  41.2 167.9 117.5 155.3
0.23 147.4 151.1  81.7  95.0  84.0 111.6 160.7  43.5 120.8 130.4  84.2   5.8 130.9 128.4 118.9 165.1  91.1 140.2 135.8   0.0  55.5 135.2 151.5 162.3 101.3  51.0 137.8 178.5 121.3  25.4  36.7  60.1 113.7 202.6  39.8  22.4 128.0  32.4 115.8 137.1 112.7  74.8 120.7 162.0  95.3 173.0 150.8 175.5
0.52 124.7 110.5  52.0  51.2  28.5 139.1 136.1  72.8 162.6  83.9  79.0  57.6 154.1  79.9  75.9 137.4  87.6  88.2 165.5  55.5   0.0  86.5 159.9 115.3  89.9  93.2 136.9 176.1  70.3  33.2  36.6  14.2 108.7 192.9  95.0  70.5  76.7  66.4  75.9 141.9  73.1 109.1 158.4 139.8 125.1 142.3 136.8 150.4
0.73  81.3  35.7  61.3  40.7  64.8 168.1  84.9 159.3 207.7   8.7  92.7 139.0 173.7   6.8  22.9  80.2  97.3  16.0 192.3 135.2  86.5   0.0 156.6  29.1  86.1 152.1 126.0 152.3  17.9 109.8 123.0  93.4 103.1 154.4 170.0 141.3  14.3 152.6  30.9 138.1  32.6 154.9 197.8  92.0 160.9  78.2 104.4  94.5
0.26  84.6 135.3 116.4 136.7 169.9  59.2  91.8 194.9 102.6 147.9  81.3 157.0  43.3 153.6 135.4 101.5  72.8 172.2  62.9 151.5 159.9 156.6   0.0 161.7  75.5 112.5  30.8  39.1 160.4 143.6 176.9 174.1  55.7  71.2 150.6 133.9 164.0 183.9 127.2  19.1 126.6  88.9  87.3  85.3  71.0 113.0  61.7  97.5
0.89  79.0  26.5  84.4  67.3  93.8 182.5  77.9 188.1 225.1  32.0 109.9 166.4 185.1  35.5  44.2  70.4 112.5  35.1 205.0 162.3 115.3  29.1 161.7   0.0  99.3 174.7 131.0 150.2  46.7 137.1 151.9 122.5 112.8 146.3 195.6 166.7  41.7 181.1  49.5 144.5  52.3 174.3 213.9  85.5 177.5  64.4 103.4  83.3
0.22  48.1  75.8  41.4  61.2  95.3  83.3  61.8 142.2 126.5  77.5  17.8 107.1  87.5  81.9  63.5  68.2  14.9 100.7 106.5 101.3  89.9  86.1  75.5  99.3   0.0  87.7  48.3  86.2  86.6  83.8 115.1 104.1  20.1 104.3 119.5  92.9  91.1 131.7  55.3  56.5  53.9  79.2 114.8  61.7  78.9  78.3  49.9  76.1
0.78 135.3 156.6  90.9 112.5 118.6  63.4 148.9  90.0  70.8 145.2  70.7  54.9  83.9 145.8 131.1 155.8  73.3 161.7  85.8  51.0  93.2 152.1 112.5 174.7  87.7   0.0 107.5 145.7 143.0  61.1  86.7 102.8  91.2 174.1  38.1  28.6 149.5  79.5 125.2 102.2 122.5  25.7  69.7 147.8  46.9 166.0 130.4 162.7
0.49  55.0 104.6  89.7 108.3 143.6  69.9  63.8 180.9 117.1 117.3  58.3 143.5  62.0 123.2 105.1  73.4  49.9 141.7  83.3 137.8 136.9 126.0  30.8 131.0  48.3 107.5   0.0  40.8 130.5 125.5 158.4 151.1  28.4  66.6 144.8 123.4 133.9 169.9  97.0  14.4  96.6  88.2 102.5  58.2  75.7  85.2  34.2  72.0
0.25  71.7 124.1 126.7 142.5 180.1  97.6  73.1 221.6 141.6 144.2  98.5 184.2  82.3 151.0 134.2  81.9  90.2 168.3 101.4 178.5 176.1 152.3  39.1 150.2  86.2 145.7  40.8   0.0 160.3 166.2 199.0 190.3  67.7  32.2 183.5 163.5 162.5 210.7 126.7  43.5 127.0 124.0 126.4  65.5 108.0  91.8  47.9  73.2
0.24  91.3  51.6  54.4  30.8  47.1 165.5  97.0 142.9 202.4  20.3  89.8 124.8 173.1  13.1  26.1  93.5  95.6  19.0 190.7 121.3  70.3  17.9 160.4  46.7  86.6 143.0 130.5 160.3   0.0  96.0 106.5  76.2 105.3 165.5 157.7 129.5   6.7 136.7  33.8 141.5  33.9 148.4 193.6 103.5 156.7  93.0 112.9 108.0
0.60 127.3 126.6  58.1  69.8  60.8 113.0 140.2  58.9 131.5 105.1  68.3  29.4 130.2 103.0  93.9 143.7  76.2 114.9 138.9  25.4  33.2 109.8 143.6 137.1  83.8  61.1 125.5 166.2  96.0   0.0  33.3  41.7  99.1 187.6  62.9  37.4 102.7  49.0  91.1 127.3  88.1  79.7 128.6 142.2  97.8 150.9 133.7 155.0
0.52 155.7 146.6  83.3  87.2  61.6 144.2 168.0  36.4 157.2 120.5 100.6  34.9 162.2 116.4 112.1 170.4 108.8 124.0 169.4  36.7  36.6 123.0 176.9 151.9 115.1  86.7 158.4 199.0 106.5  33.3   0.0  32.2 131.5 219.4  73.9  58.6 112.8  31.5 111.5 160.6 108.6 108.8 156.3 170.8 128.3 176.2 164.5 182.6
0.89 137.8 120.3  65.5  61.7  29.8 151.7 148.8  68.1 173.2  91.9  93.2  60.8 167.3  87.1  85.6 149.7 101.8  92.8 178.1  60.1  14.2  93.4 174.1 122.5 104.1 102.8 151.1 190.3  76.2  41.7  32.2   0.0 122.9 206.8  99.9  78.0  82.2  63.6  86.7 156.1  84.0 120.5 169.7 152.8 137.4 154.0 150.6 163.0
0.73  47.6  87.6  61.4  81.0 115.3  72.1  60.3 156.1 118.1  94.4  30.9 119.5  72.4  99.5  81.0  68.7  22.9 118.3  92.6 113.7 108.7 103.1  55.7 112.8  20.1  91.2  28.4  67.7 105.3  99.1 131.5 122.9   0.0  88.9 126.3 102.0 109.3 145.3  72.8  36.6  71.8  77.2 105.0  57.7  71.5  80.1  39.3  72.9
0.32  74.3 122.0 141.4 153.1 192.6 129.4  69.7 245.0 173.8 147.2 119.4 208.4 114.5 154.6 139.9  75.9 111.8 170.0 133.5 202.6 192.9 154.4  71.2 146.3 104.3 174.1  66.6  32.2 165.5 187.6 219.4 206.8  88.9   0.0 211.4 189.5 166.4 234.2 133.4  73.2 134.4 153.8 158.5  62.5 139.0  82.7  56.3  63.2
0.43 167.6 181.1 111.8 129.3 123.3  99.2 181.3  62.3  93.1 164.3 101.8  39.5 120.1 163.3 151.5 187.2 106.2 176.7 118.6  39.8  95.0 170.0 150.6 195.6 119.5  38.1 144.8 183.5 157.7  62.9  73.9  99.9 126.3 211.4   0.0  29.0 164.4  54.0 147.1 140.1 144.1  62.5  97.3 181.0  83.1 196.6 165.5 195.6
0.18 140.7 152.2  82.8 100.6  98.0  90.3 154.3  62.7  98.6 135.4  75.1  26.4 110.1 134.6 122.5 159.8  80.5 148.5 113.9  22.4  70.5 141.3 133.9 166.7  92.9  28.6 123.4 163.5 129.5  37.4  58.6  78.0 102.0 189.5  29.0   0.0 136.2  51.9 118.0 120.9 115.1  53.0  98.3 154.6  73.8 168.8 140.6 168.8
0.53  92.5  49.7  60.4  37.1  52.8 170.9  97.4 149.2 208.4  19.4  95.1 131.4 178.0  11.9  28.8  93.3 100.6  12.3 195.9 128.0  76.7  14.3 164.0  41.7  91.1 149.5 133.9 162.5   6.7 102.7 112.8  82.2 109.3 166.4 164.4 136.2   0.0 143.1  36.9 145.3  37.5 154.6 199.4 104.1 162.4  91.9 114.8 107.7
0.73 176.2 173.6 106.6 114.9  92.8 142.2 189.2  11.1 145.5 149.3 115.2  26.8 162.0 145.9 139.7 192.8 122.5 154.6 165.3  32.4  66.4 152.6 183.9 181.1 131.7  79.5 169.9 210.7 136.7  49.0  31.5  63.6 145.3 234.2  54.0  51.9 143.1   0.0 138.1 169.5 135.1 104.7 147.7 191.1 125.7 199.8 181.5 204.0
0.60  59.1  35.6  35.2  25.0  63.7 137.3  66.8 146.3 177.6  22.3  62.3 120.3 142.8  26.7   8.2  65.3  66.4  45.5 161.4 115.8  75.9  30.9 127.2  49.5  55.3 125.2  97.0 126.7  33.8  91.1 111.5  86.7  72.8 133.4 147.1 118.0  36.9 138.1   0.0 108.5   3.1 125.6 167.4  72.5 130.5  67.9  79.5  79.5
0.17  69.3 118.2  97.4 117.6 151.1  58.0  78.1 180.5 104.7 129.4  63.0 142.8  48.1 135.0 116.7  87.8  54.4 153.6  69.4 137.1 141.9 138.1  19.1 144.5  56.5 102.2  14.4  43.5 141.5 127.3 160.6 156.1  36.6  73.2 140.1 120.9 145.3 169.5 108.5   0.0 107.8  80.8  89.8  72.4  65.9  99.6  48.5  86.0
0.18  60.3  38.6  32.3  22.4  61.6 135.5  68.5 143.3 175.4  24.3  60.2 117.3 141.3  28.0   9.7  67.3  64.6  46.8 159.8 112.7  73.1  32.6 126.6  52.3  53.9 122.5  96.6 127.0  33.9  88.1 108.6  84.0  71.8 134.4 144.1 115.1  37.5 135.1   3.1 107.8   0.0 123.2 165.3  74.0 128.4  70.3  80.1  81.4
0.46 124.1 153.4  94.2 117.7 131.6  37.7 137.3 115.3  54.8 147.1  64.9  79.2  58.2 149.0 132.5 145.1  64.4 166.4  61.0  74.8 109.1 154.9  88.9 174.3  79.2  25.7  88.2 124.0 148.4  79.7 108.8 120.5  77.2 153.8  62.5  53.0 154.6 104.7 125.6  80.8 123.2   0.0  49.3 134.9  21.2 156.1 115.1 150.1
0.81 151.6 190.6 139.4 163.3 180.4  33.2 163.2 157.5  15.3 189.6 105.1 124.4  44.1 192.5 174.9 172.3 101.5 210.6  28.2 120.7 158.4 197.8  87.3 213.9 114.8  69.7 102.5 126.4 193.6 128.6 156.3 169.7 105.0 158.5  97.3  98.3 199.4 147.7 167.4  89.8 165.3  49.3   0.0 158.9  37.0 184.0 135.7 173.5
0.50  15.1  60.1  88.1  94.5 134.6 125.7   7.6 201.1 172.9  84.8  79.5 167.6 120.0  92.2  78.4  16.6  74.9 107.5 141.4 162.0 139.8  92.0  85.3  85.5  61.7 147.8  58.2  65.5 103.5 142.2 170.8 152.8  57.7  62.5 181.0 154.6 104.1 191.1  72.5  72.4  74.0 134.9 158.9   0.0 128.0  27.7  24.0  15.1
0.20 119.0 154.7 102.5 126.5 145.4  16.6 131.4 136.4  47.6 152.7  68.2 100.0  37.1 155.6 138.0 140.0  65.0 173.7  41.2  95.3 125.1 160.9  71.0 177.5  78.9  46.9  75.7 108.0 156.7  97.8 128.3 137.4  71.5 139.0  83.1  73.8 162.4 125.7 130.5  65.9 128.4  21.2  37.0 128.0   0.0 151.5 106.2 143.0
0.78  32.5  42.8  93.3  92.6 131.5 150.8  21.5 209.1 197.6  72.8  95.5 178.3 146.6  80.4  71.2  11.8  92.9  92.3 167.9 173.0 142.3  78.2 113.0  64.4  78.3 166.0  85.2  91.8  93.0 150.9 176.2 154.0  80.1  82.7 196.6 168.8  91.9 199.8  67.9  99.6  70.3 156.1 184.0  27.7 151.5   0.0  51.4  19.6
0.34  24.4  77.0  85.2  97.4 136.6 102.7  30.1 192.0 150.0  96.3  66.6 156.6  96.2 103.2  86.8  39.8  60.2 120.4 117.5 150.8 136.8 104.4  61.7 103.4  49.9 130.4  34.2  47.9 112.9 133.7 164.5 150.6  39.3  56.3 165.5 140.6 114.8 181.5  79.5  48.5  80.1 115.1 135.7  24.0 106.2  51.4   0.0  37.9
0.17  28.2  60.1  99.3 103.0 142.9 140.4  14.8 213.8 187.7  88.3  93.8 181.0 133.9  95.9  84.2  14.5  89.7 109.4 155.3 175.5 150.4  94.5  97.5  83.3  76.1 162.7  72.0  73.2 108.0 155.0 182.6 163.0  72.9  63.2 195.6 168.8 107.7 204.0  79.5  86.0  81.4 150.1 173.5  15.1 143.0  19.6  37.9   0.0
