48
9
0.50   0.0  86.4 163.7 186.9 100.4 124.8 106.9  43.0 143.6 192.9 139.3  78.9 178.4 161.9 161.8 208.8 104.7 160.1 123.0 196.8 140.5  34.1 142.7  83.9  51.0 146.1  76.8 173.2 193.3  71.5 179.5  74.1 157.4  40.2 174.2 194.4 176.2  52.9  60.8 167.9 178.0 152.9 148.7 179.7 217.6  44.0 150.2 139.0
0.16  86.4   0.0  79.3 105.9 111.3  82.5  79.6  50.8  57.9 124.0  53.0  56.5 109.8  82.5 106.2 123.8  29.1  85.9 105.2 127.0  61.8  65.8  71.5  96.2  38.6 104.8  34.6  92.4 121.5  15.1 119.2  41.2  83.1  95.5 116.8 120.7  98.8  33.7  26.9  87.6  92.0  71.4  67.9 113.0 139.8  81.4  71.3  78.3
0.15 163.7  79.3   0.0  75.6 178.5 126.2 104.4 123.1  22.6 116.4  37.6 125.7 107.9  21.7 125.6  69.7  77.6  84.2 159.2 116.9  29.9 137.0  43.8 166.6 113.0 140.6 106.7  21.0 109.3  93.3 127.5  97.4  83.2 162.8  82.6 104.5  82.4 112.2 106.1  20.1  40.3  60.1  20.7  64.8 108.3 159.7  68.3  63.1
0.87 186.9 105.9  75.6   0.0 157.5  92.4 166.9 156.5  71.3  44.0  59.8 119.5  41.3  97.4  69.9  33.3  82.2  32.9 125.8  43.4  98.0 171.4 115.6 152.6 144.1  94.3 111.4  94.5  35.8 120.1  62.7 142.7  34.8 201.3 158.3  30.1  16.5 135.9 127.2  95.3  36.3  34.6  91.8 140.0  35.5 164.4  36.8 134.6
0.41 100.4 111.3 178.5 157.5   0.0  65.6 179.4 114.4 156.2 139.9 141.7  55.0 128.3 188.8  99.6 189.1 101.1 124.6  37.6 144.2 170.3 119.2 182.3  17.7 109.3  73.7  76.8 196.5 144.6 105.9 117.7 135.7 122.8 139.3 228.0 148.7 141.7  96.6  94.2 192.6 169.4 134.0 174.2 223.8 175.3  56.6 126.6 189.4
0.31 124.8  82.5 126.2  92.4  65.6   0.0 161.9 114.4 105.9  76.3  88.8  45.9  63.6 141.3  38.5 124.7  57.9  59.6  34.6  80.6 126.9 126.0 142.7  63.6 103.7  23.3  56.5 146.3  80.0  86.7  57.2 120.8  58.0 154.4 191.6  83.7  76.3  90.0  82.6 143.6 108.5  72.8 127.8 181.9 110.2  88.1  64.5 155.2
0.84 106.9  79.6 104.4 166.9 179.4 161.9   0.0  69.0  97.0 196.0 107.2 129.3 182.9  89.4 184.4 171.9 107.2 157.1 181.8 198.3  74.6  73.0  63.0 162.2  70.6 184.4 109.1 100.6 191.7  76.8 195.7  43.8 154.6  82.2  71.8 189.2 165.5  82.8  86.0  95.6 139.0 136.2  83.7  84.2 202.4 132.1 139.8  47.4
0.32  43.0  50.8 123.1 156.5 114.4 114.4  69.0   0.0 104.3 170.8 103.0  71.9 156.3 119.7 146.5 174.4  76.1 134.3 124.6 174.3  98.3  15.0  99.7  96.7  12.5 137.6  58.1 131.1 169.5  36.5 162.2  31.2 131.5  44.9 132.4 169.3 148.4  24.5  32.8 125.8 142.0 121.9 106.9 136.9 189.8  63.4 121.2  96.3
0.31 143.6  57.9  22.6  71.3 156.2 105.9  97.0 104.3   0.0 106.9  17.8 103.1  96.4  35.6 109.6  75.6  55.1  70.9 138.1 108.2  27.3 118.8  45.4 144.1  93.5 121.9  84.1  40.8 100.9  72.4 114.2  81.4  69.2 146.0  92.2  97.1  73.5  91.3  84.7  37.7  42.3  46.5  23.7  78.2 106.4 137.5  53.4  63.8
0.62 192.9 124.0 116.4  44.0 139.9  76.3 196.0 170.8 106.9   0.0  91.4 116.5  14.6 137.6  40.6  73.0  95.5  38.9 103.6   4.3 134.2 185.0 152.4 139.9 158.5  67.5 116.5 136.4   8.7 135.6  24.7 164.6  41.5 215.1 198.0  15.1  34.0 147.4 138.5 136.4  79.4  61.1 129.7 181.2  38.0 161.8  56.2 170.4
0.53 139.3  53.0  37.6  59.8 141.7  88.8 107.2 103.0  17.8  91.4   0.0  90.2  80.1  53.3  91.9  71.6  42.0  54.2 121.6  93.1  43.7 117.9  61.8 130.7  91.2 104.2  73.1  57.6  86.0  68.1  97.1  84.6  52.3 146.7 109.6  82.9  59.0  86.4  78.8  55.0  39.0  30.4  41.4  96.0  95.4 128.0  36.4  79.1
0.10  78.9  56.5 125.7 119.5  55.0  45.9 129.3  71.9 103.1 116.5  90.2   0.0 102.4 134.5  83.0 147.6  48.4  88.5  53.3 120.6 115.5  81.9 127.3  41.1  63.0  68.0  21.9 142.7 118.2  53.0 101.1  85.7  86.0 109.2 173.3 120.3 105.9  49.0  43.7 138.6 122.6  89.6 119.8 168.8 145.5  45.6  84.0 134.8
0.84 178.4 109.8 107.9  41.3 128.3  63.6 182.9 156.3  96.4  14.6  80.1 102.4   0.0 128.7  31.2  73.5  81.1  26.1  93.0  18.4 123.5 170.4 141.7 127.2 144.0  57.9 101.9 128.5  16.4 121.2  21.4 150.6  28.4 200.5 188.3  20.5  27.1 132.8 124.0 128.0  73.5  49.9 119.7 172.4  47.1 147.8  44.0 159.2
0.41 161.9  82.5  21.7  97.4 188.8 141.3  89.4 119.7  35.6 137.6  53.3 134.5 128.7   0.0 144.5  90.1  88.1 104.2 172.9 138.3  21.5 132.5  26.4 175.6 111.1 157.5 113.9  11.8 130.7  94.7 147.7  91.0 102.9 155.8  60.9 126.0 103.6 113.0 108.3   6.4  61.9  79.7  14.7  43.8 130.0 163.8  87.5  44.4
0.18 161.8 106.2 125.6  69.9  99.6  38.5 184.4 146.5 109.6  40.6  91.9  83.0  31.2 144.5   0.0 103.0  77.4  42.8  63.0  44.8 135.1 159.4 152.7 100.7 134.9  27.0  88.8 146.6  46.3 114.4  18.8 147.1  43.1 188.8 201.2  51.4  53.7 122.1 113.7 145.1  96.9  65.6 133.3 187.8  77.6 126.4  57.3 168.3
0.85 208.8 123.8  69.7  33.3 189.1 124.7 171.9 174.4  75.6  73.0  71.6 147.6  73.5  90.1 103.0   0.0 105.1  65.2 158.5  71.0  98.0 189.3 113.4 183.1 162.4 127.6 136.4  83.5  64.3 138.8  94.4 155.6  66.6 218.2 148.9  57.9  49.7 156.3 148.1  86.0  33.5  58.1  89.7 128.3  46.6 191.1  63.8 132.8
0.38 104.7  29.1  77.6  82.2 101.1  57.9 107.2  76.1  55.1  95.5  42.0  48.4  81.1  88.1  77.4 105.1   0.0  58.2  86.0  98.7  71.0  90.7  85.6  89.1  63.6  78.8  31.9  95.4  93.6  40.2  90.1  70.3  55.4 120.9 134.1  93.3  72.6  54.0  45.2  91.6  76.7  48.1  73.7 126.0 114.2  87.2  45.8  97.3
0.28 160.1  85.9  84.2  32.9 124.6  59.6 157.1 134.3  70.9  38.9  54.2  88.5  26.1 104.2  42.8  65.2  58.2   0.0  93.4  41.5  97.8 148.8 115.9 120.0 121.8  63.8  83.4 105.1  35.7  98.3  43.5 126.0   2.8 179.0 163.1  35.1  17.5 111.7 102.8 104.1  54.3  24.6  94.4 148.0  57.6 134.0  17.9 133.2
0.15 123.0 105.2 159.2 125.8  37.6  34.6 181.8 124.6 138.1 103.6 121.6  53.3  93.0 172.9  63.0 158.5  86.0  93.4   0.0 107.8 157.0 133.3 171.6  44.1 116.3  36.5  72.7 178.9 108.9 105.0  80.7 138.6  92.0 158.4 219.7 113.5 109.5 102.2  96.8 175.7 143.0 107.3 159.0 212.0 140.1  80.3  99.1 182.1
0.26 196.8 127.0 116.9  43.4 144.2  80.6 198.3 174.3 108.2   4.3  93.1 120.6  18.4 138.3  44.8  71.0  98.7  41.5 107.8   0.0 135.6 188.5 153.7 144.1 161.9  71.7 120.3 136.7   7.7 138.8  28.5 167.4  44.1 218.6 198.9  13.5  34.9 150.9 142.1 136.9  79.2  62.8 130.8 181.7  34.3 165.9  58.4 171.8
0.27 140.5  61.8  29.9  98.0 170.3 126.9  74.6  98.3  27.3 134.2  43.7 115.5 123.5  21.5 135.1  98.0  71.0  97.8 157.0 135.6   0.0 111.4  18.1 156.4  89.6 145.0  94.4  32.8 128.2  73.5 140.9  70.2  96.0 135.5  66.1 124.4 100.8  91.6  87.2  27.4  66.0  73.6   9.5  55.1 132.7 142.9  80.1  36.6
0.37  34.1  65.8 137.0 171.4 119.2 126.0  73.0  15.0 118.8 185.0 117.9  81.9 170.4 132.5 159.4 189.3  90.7 148.8 133.3 188.5 111.4   0.0 111.3 101.6  27.3 149.0  70.6 144.1 183.8  51.4 175.5  42.0 146.0  30.2 140.4 183.8 163.2  37.7  46.5 138.7 156.9 136.8 120.2 146.8 204.6  64.8 135.9 106.0
0.66 142.7  71.5  43.8 115.6 182.3 142.7  63.0  99.7  45.4 152.4  61.8 127.3 141.7  26.4 152.7 113.4  85.6 115.9 171.6 153.7  18.1 111.3   0.0 167.6  92.8 161.6 105.6  37.7 146.3  80.7 158.9  69.3 114.1 132.4  49.0 142.4 118.9  97.4  94.4  32.6  82.6  91.7  24.1  41.5 149.9 150.4  98.2  19.4
0.22  83.9  96.2 166.6 152.6  17.7  63.6 162.2  96.7 144.1 139.9 130.7  41.1 127.2 175.6 100.7 183.1  89.1 120.0  44.1 144.1 156.4 101.6 167.6   0.0  91.9  77.0  62.1 183.9 143.6  89.7 119.4 118.6 117.9 122.3 212.4 147.1 137.4  79.4  77.5 179.7 160.9 126.3 160.9 209.1 173.6  39.9 119.5 173.7
0.44  51.0  38.6 113.0 144.1 109.3 103.7  70.6  12.5  93.5 158.5  91.2  63.0 144.0 111.1 134.9 162.4  63.6 121.8 116.3 161.9  89.6  27.3  92.8  91.9   0.0 127.0  47.2 122.3 157.1  24.0 150.3  28.2 119.0  57.4 129.0 156.9 135.9  14.1  21.3 117.0 130.2 109.5  97.7 131.6 177.3  62.4 108.7  91.6
0.50 146.1 104.8 140.6  94.3  73.7  23.3 184.4 137.6 121.9  67.5 104.2  68.0  57.9 157.5  27.0 127.6  78.8  63.8  36.5  71.7 145.0 149.0 161.6  77.0 127.0   0.0  79.8 161.3  73.3 109.8  44.2 143.8  63.2 177.0 210.6  78.3  77.8 113.3 105.8 159.1 117.2  82.9 144.9 199.5 104.6 107.2  74.2 175.2
0.66  76.8  34.6 106.7 111.4  76.8  56.5 109.1  58.1  84.1 116.5  73.1  21.9 101.9 113.9  88.8 136.4  31.9  83.4  72.7 120.3  94.4  70.6 105.6  62.1  47.2  79.8   0.0 122.7 116.6  32.3 105.2  66.1  80.6 100.1 151.4 117.6  99.7  33.7  26.0 118.4 108.5  78.6  99.2 147.1 140.9  55.3  74.7 112.9
0.24 173.2  92.4  21.0  94.5 196.5 146.3 100.6 131.1  40.8 136.4  57.6 142.7 128.5  11.8 146.6  83.5  95.4 105.1 178.9 136.7  32.8 144.1  37.7 183.9 122.3 161.3 122.7   0.0 129.0 105.1 148.3 102.7 104.1 167.6  65.5 124.0 102.5 123.7 118.6   5.4  58.3  81.0  24.7  45.7 125.5 173.8  89.3  54.7
0.82 193.3 121.5 109.3  35.8 144.6  80.0 191.7 169.5 100.9   8.7  86.0 118.2  16.4 130.7  46.3  64.3  93.6  35.7 108.9   7.7 128.2 183.8 146.3 143.6 157.1  73.3 116.6 129.0   0.0 133.8  32.2 161.7  38.4 214.1 191.3   6.4  27.4 146.4 137.6 129.2  71.5  55.8 123.3 174.1  31.3 163.7  51.9 164.6
0.36  71.5  15.1  93.3 120.1 105.9  86.7  76.8  36.5  72.4 135.6  68.1  53.0 121.2  94.7 114.4 138.8  40.2  98.3 105.0 138.8  73.5  51.4  80.7  89.7  24.0 109.8  32.3 105.1 133.8   0.0 128.8  34.2  95.5  81.3 123.0 133.3 112.1  19.0  13.8 100.1 107.1  85.5  80.4 121.7 153.4  69.8  84.7  84.4
0.52 179.5 119.2 127.5  62.7 117.7  57.2 195.7 162.2 114.2  24.7  97.1 101.1  21.4 147.7  18.8  94.4  90.1  43.5  80.7  28.5 140.9 175.5 158.9 119.4 150.3  44.2 105.2 148.3  32.2 128.8   0.0 160.4  45.0 205.3 206.5  38.2  48.3 137.9 129.4 147.5  94.5  68.1 137.9 191.5  62.7 145.0  60.8 175.6
0.40  74.1  41.2  97.4 142.7 135.7 120.8  43.8  31.2  81.4 164.6  84.6  85.7 150.6  91.0 147.1 155.6  70.3 126.0 138.6 167.4  70.2  42.0  69.3 118.6  28.2 143.8  66.1 102.7 161.7  34.2 160.4   0.0 123.4  65.5 101.5 160.4 137.6  39.2  42.2  97.3 122.3 109.0  79.3 105.7 177.7  90.6 110.4  65.1
0.55 157.4  83.1  83.2  34.8 122.8  58.0 154.6 131.5  69.2  41.5  52.3  86.0  28.4 102.9  43.1  66.6  55.4   2.8  92.0  44.1  96.0 146.0 114.1 117.9 119.0  63.2  80.6 104.1  38.4  95.5  45.0 123.4   0.0 176.2 161.5  37.9  19.8 108.9 100.0 103.0  54.3  23.2  92.9 146.6  60.3 131.5  15.9 131.2
0.90  40.2  95.5 162.8 201.3 139.3 154.4  82.2  44.9 146.0 215.1 146.7 109.2 200.5 155.8 188.8 218.2 120.9 179.0 158.4 218.6 135.5  30.2 132.4 122.3  57.4 177.0 100.1 167.6 214.1  81.3 205.3  65.5 176.2   0.0 153.8 214.1 193.3  67.8  76.6 162.2 185.4 166.7 144.7 163.8 234.7  82.8 166.1 123.5
0.50 174.2 116.8  82.6 158.3 228.0 191.6  71.8 132.4  92.2 198.0 109.6 173.3 188.3  60.9 201.2 148.9 134.1 163.1 219.7 198.9  66.1 140.4  49.0 212.4 129.0 210.6 151.4  65.5 191.3 123.0 206.5 101.5 161.5 153.8   0.0 186.8 164.0 137.1 136.2  63.5 122.7 138.6  68.7  22.3 190.6 190.5 145.7  38.7
0.69 194.4 120.7 104.5  30.1 148.7  83.7 189.2 169.3  97.1  15.1  82.9 120.3  20.5 126.0  51.4  57.9  93.3  35.1 113.5  13.5 124.4 183.8 142.4 147.1 156.9  78.3 117.6 124.0   6.4 133.3  38.2 160.4  37.9 214.1 186.8   0.0  23.9 146.6 137.8 124.4  66.2  53.1 119.1 169.2  26.6 165.9  50.1 160.9
0.82 176.2  98.8  82.4  16.5 141.7  76.3 165.5 148.4  73.5  34.0  59.0 105.9  27.1 103.6  53.7  49.7  72.6  17.5 109.5  34.9 100.8 163.2 118.9 137.4 135.9  77.8  99.7 102.5  27.4 112.1  48.3 137.6  19.8 193.3 164.0  23.9   0.0 126.6 117.7 102.4  46.5  29.3  95.9 147.2  41.6 151.2  27.4 137.2
0.13  52.9  33.7 112.2 135.9  96.6  90.0  82.8  24.5  91.3 147.4  86.4  49.0 132.8 113.0 122.1 156.3  54.0 111.7 102.2 150.9  91.6  37.7  97.4  79.4  14.1 113.3  33.7 123.7 146.4  19.0 137.9  39.2 108.9  67.8 137.1 146.6 126.6   0.0   8.9 118.6 125.2 101.4  99.0 137.7 168.1  53.5  99.7  98.9
0.50  60.8  26.9 106.1 127.2  94.2  82.6  86.0  32.8  84.7 138.5  78.8  43.7 124.0 108.3 113.7 148.1  45.2 102.8  96.8 142.1  87.2  46.5  94.4  77.5  21.3 105.8  26.0 118.6 137.6  13.8 129.4  42.2 100.0  76.6 136.2 137.8 117.7   8.9   0.0 113.7 117.3  92.8  94.0 135.3 159.3  56.0  90.9  97.6
0.76 167.9  87.6  20.1  95.3 192.6 143.6  95.6 125.8  37.7 136.4  55.0 138.6 128.0   6.4 145.1  86.0  91.6 104.1 175.7 136.9  27.4 138.7  32.6 179.7 117.0 159.1 118.4   5.4 129.2 100.1 147.5  97.3 103.0 162.2  63.5 124.4 102.4 118.6 113.7   0.0  59.3  79.8  19.7  44.8 127.1 169.0  87.9  50.1
0.19 178.0  92.0  40.3  36.3 169.4 108.5 139.0 142.0  42.3  79.4  39.0 122.6  73.5  61.9  96.9  33.5  76.7  54.3 143.0  79.2  66.0 156.9  82.6 160.9 130.2 117.2 108.5  58.3  71.5 107.1  94.5 122.3  54.3 185.4 122.7  66.2  46.5 125.2 117.3  59.3   0.0  35.8  58.5 103.9  68.1 163.8  44.0 102.0
0.56 152.9  71.4  60.1  34.6 134.0  72.8 136.2 121.9  46.5  61.1  30.4  89.6  49.9  79.7  65.6  58.1  48.1  24.6 107.3  62.8  73.6 136.8  91.7 126.3 109.5  82.9  78.6  81.0  55.8  85.5  68.1 109.0  23.2 166.7 138.6  53.1  29.3 101.4  92.8  79.8  35.8   0.0  69.9 123.5  68.8 133.0   8.6 109.4
0.31 148.7  67.9  20.7  91.8 174.2 127.8  83.7 106.9  23.7 129.7  41.4 119.8 119.7  14.7 133.3  89.7  73.7  94.4 159.0 130.8   9.5 120.2  24.1 160.9  97.7 144.9  99.2  24.7 123.3  80.4 137.9  79.3  92.9 144.7  68.7 119.1  95.9  99.0  94.0  19.7  58.5  69.9   0.0  54.7 125.9 149.3  77.1  43.4
0.48 179.7 113.0  64.8 140.0 223.8 181.9  84.2 136.9  78.2 181.2  96.0 168.8 172.4  43.8 187.8 128.3 126.0 148.0 212.0 181.7  55.1 146.8  41.5 209.1 131.6 199.5 147.1  45.7 174.1 121.7 191.5 105.7 146.6 163.8  22.3 169.2 147.2 137.7 135.3  44.8 103.9 123.5  54.7   0.0 171.2 191.0 131.1  40.9
0.25 217.6 139.8 108.3  35.5 175.3 110.2 202.4 189.8 106.4  38.0  95.4 145.5  47.1 130.0  77.6  46.6 114.2  57.6 140.1  34.3 132.7 204.6 149.9 173.6 177.3 104.6 140.9 125.5  31.3 153.4  62.7 177.7  60.3 234.7 190.6  26.6  41.6 168.1 159.3 127.1  68.1  68.8 125.9 171.2   0.0 191.1  68.7 169.2
0.81  44.0  81.4 159.7 164.4  56.6  88.1 132.1  63.4 137.5 161.8 128.0  45.6 147.8 163.8 126.4 191.1  87.2 134.0  80.3 165.9 142.9  64.8 150.4  39.9  62.4 107.2  55.3 173.8 163.7  69.8 145.0  90.6 131.5  82.8 190.5 165.9 151.2  53.5  56.0 169.0 163.8 133.0 149.3 191.0 191.1   0.0 128.2 152.4
0.89 150.2  71.3  68.3  36.8 126.6  64.5 139.8 121.2  53.4  56.2  36.4  84.0  44.0  87.5  57.3  63.8  45.8  17.9  99.1  58.4  80.1 135.9  98.2 119.5 108.7  74.2  74.7  89.3  51.9  84.7  60.8 110.4  15.9 166.1 145.7  50.1  27.4  99.7  90.9  87.9  44.0   8.6  77.1 131.1  68.7 128.2   0.0 115.3
0.51 139.0  78.3  63.1 134.6 189.4 155.2  47.4  96.3  63.8 170.4  79.1 134.8 159.2  44.4 168.3 132.8  97.3 133.2 182.1 171.8  36.6 106.0  19.4 173.7  91.6 175.2 112.9  54.7 164.6  84.4 175.6  65.1 131.2 123.5  38.7 160.9 137.2  98.9  97.6  50.1 102.0 109.4  43.4  40.9 169.2 152.4 115.3   0.0
