38
7
0.14   0.0  71.2 104.2 176.3  82.7  52.0  93.2 129.1 167.7  37.3  36.6  12.5  15.9 105.1  56.3 121.0 176.5  42.4   4.9  61.7 124.0  27.7 163.4 120.4  73.2 131.3 108.8  15.5  71.9 103.8  55.4  72.5  81.3  99.2  74.0  55.7  27.7  50.3
0.29  71.2   0.0 174.9 243.5 128.8  43.2 163.7 165.7 232.8  36.6  55.2  64.5  58.7 173.8 104.0 183.2 245.0 112.0  70.2  13.2 145.8  93.8 228.3 189.8 120.1 197.5 178.4  85.0  46.0 171.0  49.4 102.3  78.4 170.2  82.9  80.9  77.0  29.5
0.49 104.2 174.9   0.0  79.3  92.4 151.9  35.0 124.0  77.8 141.3 134.0 110.6 116.3  51.8 109.6  56.3  76.3  63.1 104.7 165.9 145.2  88.9  74.7  51.1  91.1  45.3  46.1  92.5 162.4  29.3 152.9 116.5 152.2  27.2 139.3 120.7 103.0 150.2
0.27 176.3 243.5  79.3   0.0 130.1 227.0 111.0 134.2  18.9 213.4 209.6 179.8 185.5 121.9 188.9  65.4  11.7 134.0 175.6 236.5 166.4 166.0  22.3 112.1 134.6  46.2 114.1 167.2 221.0  72.7 228.8 161.6 201.4 101.7 188.3 174.5 167.0 215.9
0.34  82.7 128.8  92.4 130.1   0.0 130.5 110.2  47.3 114.9 110.0 118.3  77.3  81.3 129.8 130.2  64.7 135.6  62.0  78.9 126.3  54.9  95.0 110.3 137.4   9.6  86.3 128.2  85.8  95.4  69.3 135.4  31.9  71.7 109.1  58.8  49.1  58.0  99.2
0.78  52.0  43.2 151.9 227.0 130.5   0.0 133.8 174.4 219.2  22.2  18.1  53.5  49.2 140.4  63.4 173.0 226.5  93.3  54.1  30.2 162.2  63.7 215.0 157.1 120.9 182.6 146.1  59.8  76.7 155.0   7.0 112.2 102.8 141.6 101.9  91.0  72.5  49.0
0.51  93.2 163.7  35.0 111.0 110.2 133.8   0.0 149.1 111.8 127.8 115.7 102.7 107.9  19.9  82.0  89.4 106.0  60.6  95.3 153.0 165.1  70.7 109.1  29.1 106.0  80.3  18.4  78.7 160.7  61.1 133.3 127.4 157.6   9.4 145.7 125.5 101.4 143.0
0.68 129.1 165.7 124.0 134.2  47.3 174.4 149.1   0.0 115.8 152.9 163.6 122.4 125.7 169.0 177.5  76.5 142.8 108.4 125.0 165.8  34.3 142.3 111.9 173.7  56.4 100.3 166.0 133.1 125.2  95.6 179.8  63.7  94.1 146.0  84.7  85.5 103.0 136.9
0.52 167.7 232.8  77.8  18.9 114.9 219.2 111.8 115.8   0.0 204.2 202.2 170.0 175.6 125.2 185.7  50.9  29.6 125.9 166.5 226.5 148.5 160.1   4.6 117.7 120.2  36.7 117.9 160.0 207.8  64.3 221.6 146.7 186.5 102.9 173.6 160.9 155.9 204.5
0.31  37.3  36.6 141.3 213.4 110.0  22.2 127.8 152.9 204.2   0.0  21.9  34.7  29.5 137.3  69.4 156.4 213.8  79.6  37.8  25.2 140.1  57.4 199.9 153.5 100.5 168.0 142.1  49.5  57.6 140.8  28.7  90.3  81.4 134.6  79.9  68.9  52.4  29.4
0.74  36.6  55.2 134.0 209.6 118.3  18.1 115.7 163.6 202.2  21.9   0.0  41.2  38.3 122.8  48.8 156.9 208.9  76.3  39.7  42.2 154.6  45.6 198.0 139.4 108.7 165.6 128.3  42.4  79.1 137.9  19.3 103.4 100.5 123.5  97.3  83.4  60.7  51.0
0.22  12.5  64.5 110.6 179.8  77.3  53.5 102.7 122.4 170.0  34.7  41.2   0.0   5.7 115.8  68.3 121.8 180.8  47.6   8.3  56.7 114.6  40.0 165.6 130.6  67.7 134.1 119.1  27.4  60.0 107.1  58.2  63.1  69.0 108.2  62.1  44.7  19.5  40.4
0.81  15.9  58.7 116.3 185.5  81.3  49.2 107.9 125.7 175.6  29.5  38.3   5.7   0.0 120.5  69.6 127.2 186.5  53.3  12.7  51.0 116.6  43.4 171.2 135.6  71.8 139.7 124.0  31.3  56.1 112.8  54.2  65.2  67.6 113.5  61.8  45.7  23.3  35.1
0.54 105.1 173.8  51.8 121.9 129.8 140.4  19.9 169.0 125.2 137.3 122.8 115.8 120.5   0.0  82.7 107.7 115.3  77.4 107.9 162.3 184.7  79.9 122.9  16.9 125.3  96.3   8.0  89.9 175.0  79.7 138.9 145.8 174.4  24.8 162.9 142.4 116.9 155.4
0.72  56.3 104.0 109.6 188.9 130.2  63.4  82.0 177.5 185.7  69.4  48.8  68.3  69.6  82.7   0.0 148.3 185.6  71.2  61.2  91.0 177.6  35.3 182.1  99.6 121.4 149.9  89.7  46.0 122.8 123.5  60.0 127.0 137.1  91.1 130.3 111.8  82.9  96.2
0.62 121.0 183.2  56.3  65.4  64.7 173.0  89.4  76.5  50.9 156.4 156.9 121.8 127.2 107.7 148.3   0.0  71.2  81.3 119.2 177.7 105.1 118.2  46.3 107.2  69.4  24.0 102.4 115.6 156.9  28.3 176.1  96.2 136.1  82.9 123.0 110.0 106.3 154.5
0.28 176.5 245.0  76.3  11.7 135.6 226.5 106.0 142.8  29.6 213.8 208.9 180.8 186.5 115.3 185.6  71.2   0.0 134.2 176.2 237.4 174.4 164.5  32.3 104.4 139.4  49.7 107.4 166.7 224.5  74.1 228.0 166.6 206.3  96.6 193.1 178.4 169.0 218.0
0.78  42.4 112.0  63.1 134.0  62.0  93.3  60.6 108.4 125.9  79.6  76.3  47.6  53.3  77.4  71.2  81.3 134.2   0.0  42.1 103.6 114.6  37.7 121.7  89.7  54.5  89.3  78.6  34.3 101.3  61.7  95.7  69.8  97.2  64.0  85.5  65.1  41.4  87.1
0.69   4.9  70.2 104.7 175.6  78.9  54.1  95.3 125.0 166.5  37.8  39.7   8.3  12.7 107.9  61.2 119.2 176.2  42.1   0.0  61.4 119.3  31.8 162.2 122.9  69.3 130.2 111.4  19.2  68.2 103.0  58.0  67.8  76.6 101.0  69.1  50.8  23.0  47.8
0.73  61.7  13.2 165.9 236.5 126.3  30.2 153.0 165.8 226.5  25.2  42.2  56.7  51.0 162.3  91.0 177.7 237.4 103.6  61.4   0.0 148.3  82.5 222.1 178.5 117.2 190.8 167.2  74.6  52.4 163.8  36.5 102.1  83.0 159.8  85.5  80.3  71.6  29.3
0.78 124.0 145.8 145.2 166.4  54.9 162.2 165.1  34.3 148.5 140.1 154.6 114.6 116.6 184.7 177.6 105.1 174.4 114.6 119.3 148.3   0.0 142.8 144.4 192.0  60.4 129.1 182.9 131.7 101.8 119.1 168.5  51.6  68.8 163.7  63.0  71.4  96.3 119.0
0.44  27.7  93.8  88.9 166.0  95.0  63.7  70.7 142.3 160.1  57.4  45.6  40.0  43.4  79.9  35.3 118.2 164.5  37.7  31.8  82.5 142.8   0.0 156.1  96.0  86.2 123.5  84.6  12.9  99.6  96.0  64.1  92.8 107.7  78.2  99.2  79.5  50.1  76.8
0.65 163.4 228.3  74.7  22.3 110.3 215.0 109.1 111.9   4.6 199.9 198.0 165.6 171.2 122.9 182.1  46.3  32.3 121.7 162.2 222.1 144.4 156.1   0.0 115.9 115.6  32.6 115.7 155.8 203.2  60.2 217.4 142.1 182.0 100.3 169.0 156.3 151.4 200.0
0.68 120.4 189.8  51.1 112.1 137.4 157.1  29.1 173.7 117.7 153.5 139.4 130.6 135.6  16.9  99.6 107.2 104.4  89.7 122.9 178.5 192.0  96.0 115.9   0.0 133.9  92.5  11.5 105.4 189.2  80.4 155.7 156.1 186.8  28.3 174.8 154.6 130.3 170.6
0.38  73.2 120.1  91.1 134.6   9.6 120.9 106.0  56.4 120.2 100.5 108.7  67.7  71.8 125.3 121.4  69.4 139.4  54.5  69.3 117.2  60.4  86.2 115.6 133.9   0.0  89.8 124.2  76.7  88.4  70.3 125.9  27.4  66.9 105.7  53.7  41.5  48.5  90.5
0.16 131.3 197.5  45.3  46.2  86.3 182.6  80.3 100.3  36.7 168.0 165.6 134.1 139.7  96.3 149.9  24.0  49.7  89.3 130.2 190.8 129.1 123.5  32.6  92.5  89.8   0.0  89.9 123.3 175.1  27.6 184.9 117.1 156.6  72.2 143.4 128.8 120.8 169.8
0.26 108.8 178.4  46.1 114.1 128.2 146.1  18.4 166.0 117.9 142.1 128.3 119.1 124.0   8.0  89.7 102.4 107.4  78.6 111.4 167.2 182.9  84.6 115.7  11.5 124.2  89.9   0.0  93.9 177.8  74.7 144.9 145.8 175.7  20.1 163.9 143.6 119.0 159.1
0.26  15.5  85.0  92.5 167.2  85.8  59.8  78.7 133.1 160.0  49.5  42.4  27.4  31.3  89.9  46.0 115.6 166.7  34.3  19.2  74.6 131.7  12.9 155.8 105.4  76.7 123.3  93.9   0.0  87.3  95.6  61.7  81.1  94.8  85.2  86.4  66.9  37.6  65.7
0.52  71.9  46.0 162.4 221.0  95.4  76.7 160.7 125.2 207.8  57.6  79.1  60.0  56.1 175.0 122.8 156.9 224.5 101.3  68.2  52.4 101.8  99.6 203.2 189.2  88.4 175.1 177.8  87.3   0.0 151.2  83.8  64.8  33.2 165.1  40.5  47.0  59.9  28.2
0.64 103.8 171.0  29.3  72.7  69.3 155.0  61.1  95.6  64.3 140.8 137.9 107.1 112.8  79.7 123.5  28.3  74.1  61.7 103.0 163.8 119.1  96.0  60.2  80.4  70.3  27.6  74.7  95.6 151.2   0.0 157.3  97.4 135.7  55.0 122.5 106.0  94.9 143.8
0.11  55.4  49.4 152.9 228.8 135.4   7.0 133.3 179.8 221.6  28.7  19.3  58.2  54.2 138.9  60.0 176.1 228.0  95.7  58.0  36.5 168.5  64.1 217.4 155.7 125.9 184.9 144.9  61.7  83.8 157.3   0.0 118.1 109.7 141.3 108.5  97.1  77.4  56.0
0.49  72.5 102.3 116.5 161.6  31.9 112.2 127.4  63.7 146.7  90.3 103.4  63.1  65.2 145.8 127.0  96.2 166.6  69.8  67.8 102.1  51.6  92.8 142.1 156.1  27.4 117.1 145.8  81.1  64.8  97.4 118.1   0.0  39.8 128.4  26.9  21.8  44.8  73.3
0.70  81.3  78.4 152.2 201.4  71.7 102.8 157.6  94.1 186.5  81.4 100.5  69.0  67.6 174.4 137.1 136.1 206.3  97.2  76.6  83.0  68.8 107.7 182.0 186.8  66.9 156.6 175.7  94.8  33.2 135.7 109.7  39.8   0.0 160.2  13.3  32.2  58.9  54.8
0.19  99.2 170.2  27.2 101.7 109.1 141.6   9.4 146.0 102.9 134.6 123.5 108.2 113.5  24.8  91.1  82.9  96.6  64.0 101.0 159.8 163.7  78.2 100.3  28.3 105.7  72.2  20.1  85.2 165.1  55.0 141.3 128.4 160.2   0.0 148.0 128.0 105.4 148.6
0.38  74.0  82.9 139.3 188.3  58.8 101.9 145.7  84.7 173.6  79.9  97.3  62.1  61.8 162.9 130.3 123.0 193.1  85.5  69.1  85.5  63.0  99.2 169.0 174.8  53.7 143.4 163.9  86.4  40.5 122.5 108.5  26.9  13.3 148.0   0.0  20.6  49.3  56.3
0.78  55.7  80.9 120.7 174.5  49.1  91.0 125.5  85.5 160.9  68.9  83.4  44.7  45.7 142.4 111.8 110.0 178.4  65.1  50.8  80.3  71.4  79.5 156.3 154.6  41.5 128.8 143.6  66.9  47.0 106.0  97.1  21.8  32.2 128.0  20.6   0.0  29.4  51.7
0.67  27.7  77.0 103.0 167.0  58.0  72.5 101.4 103.0 155.9  52.4  60.7  19.5  23.3 116.9  82.9 106.3 169.0  41.4  23.0  71.6  96.3  50.1 151.4 130.3  48.5 120.8 119.0  37.6  59.9  94.9  77.4  44.8  58.9 105.4  49.3  29.4   0.0  49.0
0.32  50.3  29.5 150.2 215.9  99.2  49.0 143.0 136.9 204.5  29.4  51.0  40.4  35.1 155.4  96.2 154.5 218.0  87.1  47.8  29.3 119.0  76.8 200.0 170.6  90.5 169.8 159.1  65.7  28.2 143.8  56.0  73.3  54.8 148.6  56.3  51.7  49.0   0.0
