48
9
0.40   0.0 160.6  71.5 176.9  23.5 202.2  71.3   7.2 161.0  94.2 137.8 170.4  63.8   2.4  39.8  26.4 183.9  18.1 107.3  95.4  23.9  78.9 117.0  70.5 123.8  37.8 132.3  56.6 174.8 176.6 105.7  42.9 171.2 158.4  87.0  63.0 161.3 110.1 179.3 125.6 196.8  21.7 106.0  79.5 104.9 173.3 210.4 143.4
0.14 160.6   0.0  94.9 106.3 139.2 107.9 161.1 154.3  58.0  80.2  87.8  91.5 128.1 161.1 158.4 155.4  27.0 145.7  74.5  65.2 137.8 135.3  74.9 109.5 181.9 169.6  46.6 154.0  66.8  16.2 107.9 125.4  48.1  32.2 136.5 140.5 100.6  98.8  91.8 174.9  56.9 139.8 166.6 119.6  55.9  96.3  91.1  42.0
0.44  71.5  94.9   0.0 146.5  48.1 165.1 105.3  64.4 113.9  58.7 107.7 135.2  37.3  72.6  63.5  76.8 120.7  61.4  36.7  34.1  53.3  91.4  81.2  20.4 149.1  74.7  61.1  91.6 103.7 110.1  50.1  53.0  99.8 102.0  98.0  49.7 132.4  90.2 142.1 146.3 141.1  54.4 129.6  37.6  44.2 139.5 163.8  72.1
0.16 176.9 106.3 146.5   0.0 166.0  28.9 132.0 173.8  48.3  89.6  40.1  14.9 183.0 175.9 197.6 156.9  98.7 158.8 152.8 115.9 154.7 107.0  65.6 166.9 118.7 204.8 138.9 135.9 172.6 112.6 186.4 134.4 154.3  74.1 101.5 194.5  15.6  66.9  17.5 109.6  74.4 157.0 113.7 183.7 108.3  10.1  53.4 140.7
0.37  23.5 139.2  48.1 166.0   0.0 189.6  78.8  16.3 144.8  78.8 126.0 157.8  44.0  24.8  33.5  37.1 163.3  19.7  83.8  74.2  15.7  78.1 102.8  47.8 130.2  38.9 109.1  63.2 151.3 155.0  84.0  34.1 147.9 139.5  86.3  46.8 150.5 100.3 166.3 130.4 178.5  14.4 111.2  58.7  84.0 161.2 195.0 120.2
0.89 202.2 107.9 165.1  28.9 189.6   0.0 160.6 198.6  54.3 111.3  64.5  31.9 202.2 201.4 220.1 183.4  93.3 184.1 165.7 132.4 179.3 135.1  87.0 185.1 147.1 228.1 147.2 163.8 174.4 110.0 200.4 159.4 155.4  77.3 129.9 214.3  43.2  93.1  23.3 137.9  62.2 181.7 142.6 201.1 123.6  29.2  30.3 146.9
0.82  71.3 161.1 105.3 132.0  78.8 160.6   0.0  73.4 135.8  80.9 100.3 130.9 120.6  69.1 109.1  45.0 176.6  59.9 139.1 106.8  63.4  27.5  92.1 117.3  52.5 109.0 152.7  15.6 199.9 176.7 153.8  52.9 189.8 144.9  30.8 125.4 117.4  72.4 140.6  54.5 176.8  64.4  35.1 132.8 111.4 132.0 177.7 162.4
0.53   7.2 154.3  64.4 173.8  16.3 198.6  73.4   0.0 156.3  89.5 134.3 166.7  57.2   8.8  35.9  28.5 177.7  15.7 100.1  89.0  19.3  78.4 112.7  63.4 125.8  36.1 125.3  58.2 167.6 170.2  98.8  39.3 164.2 152.8  86.6  57.2 158.1 107.1 175.5 127.1 191.4  16.9 107.6  72.7  98.6 169.8 205.9 136.3
0.31 161.0  58.0 113.9  48.3 144.8  54.3 135.8 156.3   0.0  66.9  39.5  33.4 151.2 160.6 172.7 146.7  53.5 143.3 111.5  80.2 137.2 108.3  45.6 133.4 141.0 181.9  93.3 134.1 124.4  65.1 146.3 118.9 106.0  25.8 106.1 163.6  43.8  63.6  34.7 132.7  41.2 139.5 129.7 148.5  70.7  38.3  50.4  93.8
0.38  94.2  80.2  58.7  89.6  78.8 111.3  80.9  89.5  66.9   0.0  49.8  79.8  93.9  93.8 108.8  81.0  97.2  76.5  76.2  35.7  70.4  55.7  24.3  78.9 107.7 116.9  78.3  74.2 124.6  95.9 104.6  52.3 111.9  67.3  58.1 105.1  74.8  32.8  87.9 102.3 103.9  72.7  90.2  96.4  35.0  83.6 116.4  86.3
0.29 137.8  87.8 107.7  40.1 126.0  64.5 100.3 134.3  39.5  49.8   0.0  32.7 143.5 136.9 157.5 119.1  90.9 119.7 118.1  78.9 115.1  73.3  26.6 128.0 101.5 164.8 109.4 101.2 149.3  99.0 150.2  95.1 132.6  58.9  69.6 154.9  25.0  29.1  42.0  93.2  80.1 117.5  90.6 145.2  72.8  35.5  77.5 113.6
0.74 170.4  91.5 135.2  14.9 157.8  31.9 130.9 166.7  33.4  79.8  32.7   0.0 172.1 169.5 188.6 151.8  84.6 152.2 139.4 103.5 147.5 104.7  55.5 155.5 123.6 196.4 124.5 133.1 157.7  98.0 173.4 127.5 139.4  59.2 100.1 183.9  15.8  61.6   9.7 114.7  62.3 149.8 116.3 171.9  95.5   5.0  47.9 126.1
0.75  63.8 128.1  37.3 183.0  44.0 202.2 120.6  57.2 151.2  93.9 143.5 172.1   0.0  65.8  35.9  81.1 154.7  63.6  57.3  71.2  57.9 114.3 117.4  18.7 170.1  47.9  87.4 105.3 121.0 142.1  43.2  69.7 122.4 138.5 122.0  12.6 168.5 123.4 179.2 169.0 177.3  57.5 150.6  16.2  81.1 176.2 201.0  97.6
0.76   2.4 161.1  72.6 175.9  24.8 201.4  69.1   8.8 160.6  93.8 136.9 169.5  65.8   0.0  42.1  24.3 184.1  17.4 108.6  95.9  23.8  77.1 116.4  72.2 121.6  40.1 133.3  54.5 176.0 177.1 107.6  42.1 172.3 158.3  85.2  65.3 160.3 109.0 178.5 123.4 196.7  21.6 103.9  81.4 105.2 172.3 209.9 144.3
0.71  39.8 158.4  63.5 197.6  33.5 220.1 109.1  35.9 172.7 108.8 157.5 188.6  35.9  42.1   0.0  64.4 184.2  49.5  91.7  96.1  48.5 111.2 133.1  51.3 161.3  12.0 121.0  93.7 156.8 173.3  78.2  67.6 157.5 164.1 119.5  28.7 182.3 132.9 196.7 162.2 203.4  46.7 142.8  51.4 106.5 192.2 223.1 131.7
0.40  26.4 155.4  76.8 156.9  37.1 183.4  45.0  28.5 146.7  81.0 119.1 151.8  81.1  24.3  64.4   0.0 176.3  17.5 113.4  92.0  24.3  54.1 101.3  82.5  97.5  64.0 134.2  30.2 179.6 171.6 119.5  30.0 173.3 148.0  62.0  83.6 141.3  90.3 161.1  99.2 184.9  24.1  79.7  95.3 100.0 154.2 194.5 145.0
0.71 183.9  27.0 120.7  98.7 163.3  93.3 176.6 177.7  53.5  97.2  90.9  84.6 154.7 184.1 184.2 176.3   0.0 168.0 101.5  89.2 160.5 149.7  85.7 136.0 190.7 195.2  73.2 171.3  84.4  18.6 134.8 146.3  65.5  32.8 149.6 167.2  97.0 108.7  82.1 183.0  34.3 162.6 177.3 146.6  79.3  88.9  71.2  67.4
0.81  18.1 145.7  61.4 158.8  19.7 184.1  59.9  15.7 143.3  76.5 119.7 152.2  63.6  17.4  49.5  17.5 168.0   0.0  98.1  80.8   8.2  62.9  99.0  65.4 111.9  51.3 120.7  44.4 165.0 161.8 102.3  24.7 159.8 141.6  71.1  66.4 143.2  92.0 161.2 112.7 179.7   7.1  93.3  77.8  89.8 155.1 192.5 131.6
0.24 107.3  74.5  36.7 152.8  83.8 165.7 139.1 100.1 111.5  76.2 118.1 139.4  57.3 108.6  91.7 113.4 101.5  98.1   0.0  40.7  90.0 121.7  92.5  40.4 178.8 103.7  30.3 126.3  67.5  87.0  35.1  88.3  65.8  92.5 127.1  68.9 140.8 108.8 144.3 174.9 128.6  91.0 159.8  46.0  45.3 144.2 157.7  40.3
0.21  95.4  65.2  34.1 115.9  74.2 132.4 106.8  89.0  80.2  35.7  78.9 103.5  71.2  95.9  96.1  92.0  89.2  80.8  40.7   0.0  72.9  85.6  52.7  53.2 141.1 106.6  45.9  96.3  93.2  81.2  71.3  62.5  83.4  68.1  89.9  83.7 102.7  68.1 109.7 136.4 107.4  74.8 122.7  68.7  10.3 108.0 129.8  55.6
0.70  23.9 137.8  53.3 154.7  15.7 179.3  63.4  19.3 137.2  70.4 115.1 147.5  57.9  23.8  48.5  24.3 160.5   8.2  90.0  72.9   0.0  62.8  93.5  58.2 114.5  52.2 112.5  47.9 156.8 153.9  95.2  20.4 151.6 134.6  71.0  62.0 139.1  88.2 156.3 114.7 172.9   2.4  95.5  71.4  81.9 150.6 186.7 123.4
0.18  78.9 135.3  91.4 107.0  78.1 135.1  27.5  78.4 108.3  55.7  73.3 104.7 114.3  77.1 111.2  54.1 149.7  62.9 121.7  85.6  62.8   0.0  64.7 106.9  57.7 114.1 131.2  28.9 178.4 150.6 141.4  45.2 166.9 117.7   8.2 121.6  92.0  45.0 114.3  55.2 149.2  64.6  38.3 123.9  88.5 106.2 150.8 140.3
0.84 117.0  74.9  81.2  65.6 102.8  87.0  92.1 112.7  45.6  24.3  26.6  55.5 117.4 116.4 133.1 101.3  85.7  99.0  92.5  52.7  93.5  64.7   0.0 101.5 107.0 141.1  87.0  89.0 130.1  88.9 124.0  74.3 114.9  53.2  64.0 128.9  51.2  23.9  63.7 100.0  85.4  95.8  92.2 118.6  47.4  59.4  93.5  92.8
0.17  70.5 109.5  20.4 166.9  47.8 185.1 117.3  63.4 133.4  78.9 128.0 155.5  18.7  72.2  51.3  82.5 136.0  65.4  40.4  53.2  58.2 106.9 101.5   0.0 164.1  63.3  69.8 102.5 106.6 123.7  37.1  64.5 106.2 120.0 114.0  31.3 152.8 109.9 162.2 162.1 158.7  58.5 144.5  17.8  63.0 159.8 183.0  80.4
0.40 123.8 181.9 149.1 118.7 130.2 147.1  52.5 125.8 141.0 107.7 101.5 123.6 170.1 121.6 161.3  97.5 190.7 111.9 178.8 141.1 114.5  57.7 107.0 164.1   0.0 161.5 185.8  67.7 232.3 195.7 199.1 100.5 219.2 158.0  51.7 176.1 107.9  83.2 132.5   9.2 181.2 115.8  19.6 180.7 142.5 122.8 171.1 194.0
0.47  37.8 169.6  74.7 204.8  38.9 228.1 109.0  36.1 181.9 116.9 164.8 196.4  47.9  40.1  12.0  64.0 195.2  51.3 103.7 106.6  52.2 114.1 141.1  63.3 161.5   0.0 132.9  94.0 168.8 184.7  89.9  72.3 169.5 174.3 122.4  39.9 189.4 139.2 204.8 163.0 213.5  50.1 143.5  63.3 116.9 199.9 232.3 143.6
0.13 132.3  46.6  61.1 138.9 109.1 147.2 152.7 125.3  93.3  78.3 109.4 124.5  87.4 133.3 121.0 134.2  73.2 120.7  30.3  45.9 112.5 131.2  87.0  69.8 185.8 132.9   0.0 141.8  47.3  57.5  61.6 106.2  39.1  70.5 135.2  99.2 129.1 107.8 127.7 180.5 102.9 113.9 167.8  76.3  43.3 129.4 135.0  11.0
0.38  56.6 154.0  91.6 135.9  63.2 163.8  15.6  58.2 134.1  74.2 101.2 133.1 105.3  54.5  93.7  30.2 171.3  44.4 126.3  96.3  47.9  28.9  89.0 102.5  67.7  94.0 141.8   0.0 188.8 169.8 139.3  38.6 179.7 140.5  35.4 109.8 120.7  72.3 142.7  69.0 174.4  48.8  49.5 117.6 101.9 134.8 178.6 151.8
0.24 174.8  66.8 103.7 172.6 151.3 174.4 199.9 167.6 124.4 124.6 149.3 157.7 121.0 176.0 156.8 179.6  84.4 165.0  67.5  93.2 156.8 178.4 130.1 106.6 232.3 168.8  47.3 188.8   0.0  66.0  82.7 152.5  19.1  98.7 182.1 130.8 165.6 152.4 158.6 226.8 118.7 158.0 214.7 106.5  90.1 162.6 155.3  38.3
0.18 176.6  16.2 110.1 112.6 155.0 110.0 176.7 170.2  65.1  95.9  99.0  98.0 142.1 177.1 173.3 171.6  18.6 161.8  87.0  81.2 153.9 150.6  88.9 123.7 195.7 184.7  57.5 169.8  66.0   0.0 119.0 141.6  47.0  40.5 151.5 154.4 108.9 112.6  96.8 188.5  52.7 155.9 181.0 132.8  72.0 102.6  89.4  50.4
0.44 105.7 107.9  50.1 186.4  84.0 200.4 153.8  98.8 146.3 104.6 150.2 173.4  43.2 107.6  78.2 119.5 134.8 102.3  35.1  71.3  95.2 141.4 124.0  37.1 199.1  89.9  61.6 139.3  82.7 119.0   0.0 100.9  88.4 127.5 148.1  50.1 173.8 137.3 178.7 196.4 163.1  95.5 179.5  27.0  78.1 178.1 192.8  69.2
0.79  42.9 125.4  53.0 134.4  34.1 159.4  52.9  39.3 118.9  52.3  95.1 127.5  69.7  42.1  67.6  30.0 146.3  24.7  88.3  62.5  20.4  45.2  74.3  64.5 100.5  72.3 106.2  38.6 152.5 141.6 100.9   0.0 145.0 118.5  53.2  76.4 118.8  67.8 136.5  99.4 156.0  22.7  81.0  80.5  70.1 130.5 167.9 116.8
0.71 171.2  48.1  99.8 154.3 147.9 155.4 189.8 164.2 106.0 111.9 132.6 139.4 122.4 172.3 157.5 173.3  65.5 159.8  65.8  83.4 151.6 166.9 114.9 106.2 219.2 169.5  39.1 179.7  19.1  47.0  88.4 145.0   0.0  80.2 170.0 133.3 147.8 137.8 139.9 213.2  99.7 153.0 202.1 109.3  78.5 144.2 136.2  28.3
0.52 158.4  32.2 102.0  74.1 139.5  77.3 144.9 152.8  25.8  67.3  58.9  59.2 138.5 158.3 164.1 148.0  32.8 141.6  92.5  68.1 134.6 117.7  53.2 120.0 158.0 174.3  70.5 140.5  98.7  40.5 127.5 118.5  80.2   0.0 117.2 151.1  68.8  75.9  59.9 150.3  39.3 136.8 144.5 133.4  57.8  64.1  65.3  69.6
0.18  87.0 136.5  98.0 101.5  86.3 129.9  30.8  86.6 106.1  58.1  69.6 100.1 122.0  85.2 119.5  62.0 149.6  71.1 127.1  89.9  71.0   8.2  64.0 114.0  51.7 122.4 135.2  35.4 182.1 151.5 148.1  53.2 170.0 117.2   0.0 129.5  86.8  42.5 109.8  48.4 147.3  72.8  32.8 131.2  92.1 101.3 146.9 143.9
0.46  63.0 140.5  49.7 194.5  46.8 214.3 125.4  57.2 163.6 105.1 154.9 183.9  12.6  65.3  28.7  83.6 167.2  66.4  68.9  83.7  62.0 121.6 128.9  31.3 176.1  39.9  99.2 109.8 130.8 154.4  50.1  76.4 133.3 151.1 129.5   0.0 179.9 133.8 191.1 175.6 189.9  61.1 156.8  24.3  93.7 188.0 213.5 109.2
0.60 161.3 100.6 132.4  15.6 150.5  43.2 117.4 158.1  43.8  74.8  25.0  15.8 168.5 160.3 182.3 141.3  97.0 143.2 140.8 102.7 139.1  92.0  51.2 152.8 107.9 189.4 129.1 120.7 165.6 108.9 173.8 118.8 147.8  68.8  86.8 179.9   0.0  51.2  24.7  98.9  77.3 141.4 101.1 169.8  95.8  15.1  63.3 131.9
0.69 110.1  98.8  90.2  66.9 100.3  93.1  72.4 107.1  63.6  32.8  29.1  61.6 123.4 109.0 132.9  90.3 108.7  92.0 108.8  68.1  88.2  45.0  23.9 109.9  83.2 139.2 107.8  72.3 152.4 112.6 137.3  67.8 137.8  75.9  42.5 133.8  51.2   0.0  71.0  76.2 104.8  90.5  68.7 127.6  65.6  63.9 106.3 114.5
0.17 179.3  91.8 142.1  17.5 166.3  23.3 140.6 175.5  34.7  87.9  42.0   9.7 179.2 178.5 196.7 161.1  82.1 161.2 144.3 109.7 156.3 114.3  63.7 162.2 132.5 204.8 127.7 142.7 158.6  96.8 178.7 136.5 139.9  59.9 109.8 191.1  24.7  71.0   0.0 123.5  56.8 158.6 125.7 178.3 101.2   9.9  38.6 128.4
0.59 125.6 174.9 146.3 109.6 130.4 137.9  54.5 127.1 132.7 102.3  93.2 114.7 169.0 123.4 162.2  99.2 183.0 112.7 174.9 136.4 114.7  55.2 100.0 162.1   9.2 163.0 180.5  69.0 226.8 188.5 196.4  99.4 213.2 150.3  48.4 175.6  98.9  76.2 123.5   0.0 172.7 116.1  19.5 179.0 137.2 113.7 162.1 188.5
0.88 196.8  56.9 141.1  74.4 178.5  62.2 176.8 191.4  41.2 103.9  80.1  62.3 177.3 196.7 203.4 184.9  34.3 179.7 128.6 107.4 172.9 149.2  85.4 158.7 181.2 213.5 102.9 174.4 118.7  52.7 163.1 156.0  99.7  39.3 147.3 189.9  77.3 104.8  56.8 172.7   0.0 175.2 170.6 171.4  97.0  65.5  37.2  98.9
0.49  21.7 139.8  54.4 157.0  14.4 181.7  64.4  16.9 139.5  72.7 117.5 149.8  57.5  21.6  46.7  24.1 162.6   7.1  91.0  74.8   2.4  64.6  95.8  58.5 115.8  50.1 113.9  48.8 158.0 155.9  95.5  22.7 153.0 136.8  72.8  61.1 141.4  90.5 158.6 116.1 175.2   0.0  96.9  71.3  83.9 152.9 189.1 124.9
0.55 106.0 166.6 129.6 113.7 111.2 142.6  35.1 107.6 129.7  90.2  90.6 116.3 150.6 103.9 142.8  79.7 177.3  93.3 159.8 122.7  95.5  38.3  92.2 144.5  19.6 143.5 167.8  49.5 214.7 181.0 179.5  81.0 202.1 144.5  32.8 156.8 101.1  68.7 125.7  19.5 170.6  96.9   0.0 161.1 124.6 116.2 164.2 176.4
0.77  79.5 119.6  37.6 183.7  58.7 201.1 132.8  72.7 148.5  96.4 145.2 171.9  16.2  81.4  51.4  95.3 146.6  77.8  46.0  68.7  71.4 123.9 118.6  17.8 180.7  63.3  76.3 117.6 106.5 132.8  27.0  80.5 109.3 133.4 131.2  24.3 169.8 127.6 178.3 179.0 171.4  71.3 161.1   0.0  77.8 176.3 197.5  86.0
0.87 104.9  55.9  44.2 108.3  84.0 123.6 111.4  98.6  70.7  35.0  72.8  95.5  81.1 105.2 106.5 100.0  79.3  89.8  45.3  10.3  81.9  88.5  47.4  63.0 142.5 116.9  43.3 101.9  90.1  72.0  78.1  70.1  78.5  57.8  92.1  93.7  95.8  65.6 101.2 137.2  97.0  83.9 124.6  77.8   0.0 100.1 120.0  51.8
0.12 173.3  96.3 139.5  10.1 161.2  29.2 132.0 169.8  38.3  83.6  35.5   5.0 176.2 172.3 192.2 154.2  88.9 155.1 144.2 108.0 150.6 106.2  59.4 159.8 122.8 199.9 129.4 134.8 162.6 102.6 178.1 130.5 144.2  64.1 101.3 188.0  15.1  63.9   9.9 113.7  65.5 152.9 116.2 176.3 100.1   0.0  48.3 131.0
0.12 210.4  91.1 163.8  53.4 195.0  30.3 177.7 205.9  50.4 116.4  77.5  47.9 201.0 209.9 223.1 194.5  71.2 192.5 157.7 129.8 186.7 150.8  93.5 183.0 171.1 232.3 135.0 178.6 155.3  89.4 192.8 167.9 136.2  65.3 146.9 213.5  63.3 106.3  38.6 162.1  37.2 189.1 164.2 197.5 120.0  48.3   0.0 132.6
0.53 143.4  42.0  72.1 140.7 120.2 146.9 162.4 136.3  93.8  86.3 113.6 126.1  97.6 144.3 131.7 145.0  67.4 131.6  40.3  55.6 123.4 140.3  92.8  80.4 194.0 143.6  11.0 151.8  38.3  50.4  69.2 116.8  28.3  69.6 143.9 109.2 131.9 114.5 128.4 188.5  98.9 124.9 176.4  86.0  51.8 131.0 132.6   0.0
