54
10
0.50   0.0  36.0 196.1 106.7 108.2 216.2 136.3  11.7 106.4 119.8 130.8 118.7 136.9  17.8  15.2 189.0 102.0 155.5  78.7 136.3  71.1 161.2  81.7 194.0 168.7  45.0 148.3 172.5 194.6 156.2 183.2 107.5  39.1  67.5   8.1  16.4  74.5  82.4 209.5 184.9  85.4  59.1 188.4  28.7 185.1 170.0 146.9  98.7  54.7  57.1  84.6 164.8 184.0 108.7
0.32  36.0   0.0 191.2  76.1  72.2 184.2 110.8  35.8  95.9 103.1 132.7 120.1 122.0  53.4  29.1 158.0 103.0 145.6  43.1 101.3  41.4 125.3  56.9 165.2 133.3  76.9 132.2 163.7 167.2 128.7 152.8 107.5  20.3  58.9  28.4  19.7  47.6  46.4 183.0 170.5  66.6  40.3 169.5  59.7 174.7 156.9 111.5  62.8  54.8  37.0  62.0 128.8 171.0  95.9
0.59 196.1 191.2   0.0 153.1 200.7 180.9 121.4 184.4  96.0  97.2  69.1  79.4  79.2 196.1 182.5 160.8  94.8  49.9 185.5 235.8 222.1 219.9 144.1 144.6 205.8 182.5  76.0  32.4 133.9 130.1 153.7  88.9 211.4 132.7 192.0 194.8 153.5 195.0 132.3  53.4 128.8 151.5  78.6 182.3  32.6  51.6 237.6 203.9 141.8 154.9 137.2 228.4  46.1  97.4
0.35 106.7  76.1 153.1   0.0  47.8 109.5  40.5 100.2  68.2  56.6 118.8 108.8  73.9 120.6  93.2  82.4  97.1 103.2  42.1  83.2  83.3  77.7  30.2  89.2  74.0 133.3  78.9 120.9  91.9  53.9  76.8  97.5  91.5  63.9  98.7  93.2  33.3  49.1 108.2 115.3  41.4  52.5 105.7 118.9 127.0 106.1  86.4  52.5  78.1  52.8  32.9  85.1 118.6  62.9
0.35 108.2  72.2 200.7  47.8   0.0 126.4  85.5 106.6 112.1 103.8 161.8 150.7 121.6 125.4  99.3 105.2 136.6 150.8  31.0  37.8  53.7  53.1  64.0 118.9  63.6 146.6 126.6 168.7 125.3  92.0 102.7 138.4  77.5  94.9 100.5  91.9  58.6  25.8 142.1 162.4  80.1  75.0 150.7 129.8 174.7 153.8  44.4  11.5 103.6  73.1  70.2  56.7 166.0 107.8
0.78 216.2 184.2 180.9 109.5 126.4   0.0  90.2 209.6 148.0 125.8 188.3 184.0 126.5 230.0 202.6  28.5 180.7 145.3 144.0 134.4 179.4  93.8 137.0  36.8  72.4 240.5 119.3 153.6  47.0  68.5  35.9 177.9 197.1 165.9 208.1 202.3 142.3 146.1  51.8 127.4 141.0 160.5 102.4 227.2 148.4 132.4 126.9 137.6 182.2 161.4 136.6  99.9 134.8 141.4
0.61 136.3 110.8 121.4  40.5  85.5  90.2   0.0 127.7  58.6  37.3 104.1  97.4  45.7 147.3 121.5  61.9  91.6  73.4  82.3 116.9 123.5  98.6  54.9  60.0  86.1 153.4  45.4  89.0  58.6  22.0  54.3  89.5 128.5  77.5 128.8 125.3  63.4  89.5  73.2  77.5  53.3  77.4  65.5 141.8  92.1  71.0 117.3  92.1  94.2  79.3  51.8 107.0  81.9  51.9
0.59  11.7  35.8 184.4 100.2 106.6 209.6 127.7   0.0  95.2 109.4 119.2 107.0 126.1  20.4   7.4 182.1  90.3 144.1  76.1 137.1  74.9 159.2  73.6 186.1 165.3  41.1 137.6 161.0 186.2 148.1 176.0  95.9  44.6  56.5  10.6  19.5  67.3  81.2 200.8 173.8  75.8  50.3 178.0  23.9 173.7 158.8 147.2  97.9  43.2  48.8  75.9 163.3 172.8  97.7
0.61 106.4  95.9  96.0  68.2 112.1 148.0  58.6  95.2   0.0  22.4  50.6  41.1  32.2 111.2  91.6 120.1  33.0  50.0  91.7 149.5 126.4 145.1  50.0 114.9 137.9 107.8  44.2  67.9 110.2  79.6 112.3  31.3 116.1  39.2 100.9 101.8  58.6 101.5 120.8  78.7  33.7  55.7  85.6 100.8  79.4  63.6 154.0 112.8  52.6  59.1  43.1 152.8  77.6   6.7
0.26 119.8 103.1  97.2  56.6 103.8 125.8  37.3 109.4  22.4   0.0  67.4  60.2  19.5 127.1 104.6  98.0  54.9  47.4  89.0 139.8 127.6 129.9  49.0  92.5 120.5 127.1  29.1  65.7  87.9  57.6  90.1  52.4 122.9  53.3 113.4 112.6  58.9  98.3  99.0  67.5  36.5  63.4  68.6 118.4  74.0  54.6 142.8 106.8  69.2  66.4  42.4 138.0  68.5  16.0
0.57 130.8 132.7  69.1 118.8 161.8 188.3 104.1 119.2  50.6  67.4   0.0  12.6  61.8 128.7 118.5 161.9  29.8  50.3 138.9 199.5 169.1 195.6  98.3 152.5 187.5 113.6  69.8  57.3 145.1 122.5 154.0  25.4 152.1  74.8 127.9 132.2 105.5 148.7 151.5  84.0  81.9  96.5 103.1 114.2  71.7  69.3 204.4 161.5  78.9  99.8  91.8 203.3  78.7  56.2
0.79 118.7 120.1  79.4 108.8 150.7 184.0  97.4 107.0  41.1  60.2  12.6   0.0  58.1 117.2 106.1 156.9  17.2  53.0 127.0 188.4 156.6 186.1  86.8 148.9 179.0 103.4  67.7  63.5 142.2 116.9 149.0  12.9 139.5  62.3 115.5 119.7  93.7 136.8 149.9  87.6  70.6  84.1 104.3 103.0  77.9  72.1 193.6 149.9  66.4  87.4  80.5 193.7  83.1  47.2
0.36 136.9 122.0  79.2  73.9 121.6 126.5  45.7 126.1  32.2  19.5  61.8  58.1   0.0 142.8 121.8 100.2  58.6  29.3 108.2 156.7 147.1 143.4  68.4  90.9 131.8 140.0  12.0  47.1  84.1  61.3  92.3  54.3 142.0  69.5 130.8 130.7  78.3 117.5  92.4  48.6  55.5  82.0  53.4 132.9  54.6  35.1 158.9 125.2  84.3  85.1  61.9 151.7  49.1  28.4
0.65  17.8  53.4 196.1 120.6 125.4 230.0 147.3  20.4 111.2 127.1 128.7 117.2 142.8   0.0  27.6 202.4 101.3 158.7  95.4 154.1  88.7 178.3  93.7 206.1 185.1  29.2 154.6 174.8 205.9 168.0 196.2 107.2  56.5  73.8  25.0  34.2  87.6  99.7 220.3 189.8  94.8  70.3 195.5  16.0 188.0 174.4 164.6 116.2  58.6  68.9  95.6 182.1 188.2 114.4
0.19  15.2  29.1 182.5  93.2  99.3 202.6 121.5   7.4  91.6 104.6 118.5 106.1 121.8  27.6   0.0 175.2  89.1 141.0  68.7 130.1  69.1 151.8  67.1 179.6 157.9  48.0 133.1 158.2 179.9 141.6 169.2  94.5  40.0  52.5   9.5  15.3  60.4  73.9 194.7 169.9  70.2  44.1 173.2  30.8 170.5 155.1 140.1  90.7  40.7  42.3  69.7 155.9 169.2  93.6
0.50 189.0 158.0 160.8  82.4 105.2  28.5  61.9 182.1 120.1  98.0 161.9 156.9 100.2 202.4 175.2   0.0 152.9 121.3 119.2 119.9 156.6  83.2 109.1  19.9  62.1 212.3  94.1 131.5  31.3  40.4   7.9 150.3 171.9 137.5 181.1 175.6 114.8 122.4  44.6 108.0 112.5 132.6  84.3 199.2 128.2 110.4 114.2 116.0 153.8 133.6 108.4  90.7 115.0 113.4
0.51 102.0 103.0  94.8  97.1 136.6 180.7  91.6  90.3  33.0  54.9  29.8  17.2  58.6 101.3  89.1 152.9   0.0  61.8 111.7 174.4 139.9 174.8  72.7 146.9 169.3  89.7  69.7  75.3 141.4 112.5 145.0   6.0 122.4  45.7  98.6 102.6  78.7 121.4 150.8  96.0  57.0  67.7 109.4  87.7  89.4  80.1 180.2 135.2  49.2  71.0  66.8 182.1  92.5  39.7
0.86 155.5 145.6  49.9 103.2 150.8 145.3  73.4 144.1  50.0  47.4  50.3  53.0  29.3 158.7 141.0 121.3  61.8   0.0 136.1 186.1 173.8 171.9  95.2 108.5 159.2 150.8  28.5  18.5  99.5  85.6 113.6  56.0 165.8  88.9 150.4 151.7 104.9 145.6 103.5  34.6  80.7 105.3  52.9 146.7  29.6  19.1 188.2 154.1 101.0 108.6  88.4 180.3  30.7  49.7
0.64  78.7  43.1 185.5  42.1  31.0 144.0  82.3  76.1  91.7  89.0 138.9 127.0 108.2  95.4  68.7 119.2 111.7 136.1   0.0  66.0  41.3  83.1  41.8 129.0  90.2 115.6 115.7 154.6 133.0  95.6 114.9 114.2  53.1  67.4  70.8  62.7  33.5   9.9 149.5 153.7  58.0  46.1 146.7  99.0 162.8 142.7  74.4  24.8  74.0  43.7  48.7  87.3 156.1  88.8
0.35 136.3 101.3 235.8  83.2  37.8 134.4 116.9 137.1 149.5 139.8 199.5 188.4 156.7 154.1 130.1 119.9 174.4 186.1  66.0   0.0  69.3  42.3 101.7 137.1  62.5 178.0 160.5 203.5 145.7 118.2 119.8 176.2 100.2 132.3 129.3 119.9  96.2  57.8 161.9 194.4 117.9 111.8 179.9 160.9 208.4 187.3  11.7  41.2 140.0 109.5 107.9  39.5 198.7 145.0
0.55  71.1  41.4 222.1  83.3  53.7 179.4 123.5  74.9 126.4 127.6 169.1 156.6 147.1  88.7  69.1 156.6 139.9 173.8  41.3  69.3   0.0 103.0  78.7 168.3 116.7 115.5 155.4 192.4 173.0 136.3 153.2 143.7  32.4  94.3  65.4  55.8  69.0  35.0 189.7 193.8  93.4  72.6 187.7  98.4 201.5 182.0  80.8  42.2  94.1  69.3  85.5 104.1 195.7 124.7
0.19 161.2 125.3 219.9  77.7  53.1  93.8  98.6 159.2 145.1 129.9 195.6 186.1 143.4 178.3 151.8  83.2 174.8 171.9  83.1  42.3 103.0   0.0 105.0 102.1  21.6 198.4 144.0 187.6 112.1  92.5  84.8 175.1 130.0 139.0 153.5 145.0 103.3  78.9 127.3 172.9 118.7 122.3 154.5 181.9 189.7 168.9  33.3  63.5 150.7 121.1 109.5   8.5 178.4 139.3
0.68  81.7  56.9 144.1  30.2  64.0 137.0  54.9  73.6  50.0  49.0  98.3  86.8  68.4  93.7  67.1 109.1  72.7  95.2  41.8 101.7  78.7 105.0   0.0 112.5 103.7 103.9  77.3 113.8 112.9  74.6 102.7  74.5  75.8  34.2  74.0  70.4  10.0  51.6 128.0 115.8  16.5  23.6 112.9  90.2 122.8 103.5 107.6  63.3  47.8  24.8   6.9 111.7 117.3  47.0
0.33 194.0 165.2 144.6  89.2 118.9  36.8  60.0 186.1 114.9  92.5 152.5 148.9  90.9 206.1 179.6  19.9 146.9 108.5 129.0 137.1 168.3 102.1 112.5   0.0  81.4 213.4  83.0 116.8  11.7  38.3  17.4 143.6 180.6 137.5 186.2 181.6 119.6 133.4  25.2  91.3 113.1 135.9  66.7 201.5 112.1  95.6 132.2 129.1 154.2 137.4 110.6 109.9  98.6 108.4
0.27 168.7 133.3 205.8  74.0  63.6  72.4  86.1 165.3 137.9 120.5 187.5 179.0 131.8 185.1 157.9  62.1 169.3 159.2  90.2  62.5 116.7  21.6 103.7  81.4   0.0 202.8 130.9 173.9  91.8  76.2  64.4 168.8 140.9 137.8 160.8 152.9 104.0  88.3 106.5 156.9 115.3 123.6 137.1 186.9 174.8 154.4  54.5  75.0 151.1 123.0 106.9  28.7 162.8 131.7
0.56  45.0  76.9 182.5 133.3 146.6 240.5 153.4  41.1 107.8 127.1 113.6 103.4 140.0  29.2  48.0 212.3  89.7 150.8 115.6 178.0 115.5 198.4 103.9 213.4 202.8   0.0 152.0 165.1 211.6 175.1 205.5  95.8  84.1  76.0  50.1  59.8 100.3 121.5 224.7 184.0 100.3  80.9 193.4  17.2 179.0 168.1 188.0 138.4  59.3  80.7 103.9 203.0 181.3 112.4
0.64 148.3 132.2  76.0  78.9 126.6 119.3  45.4 137.6  44.2  29.1  69.8  67.7  12.0 154.6 133.1  94.1  69.7  28.5 115.7 160.5 155.4 144.0  77.3  83.0 130.9 152.0   0.0  43.6  75.2  57.2  86.2  65.1 152.0  81.1 142.1 141.6  87.3 124.6  82.2  38.6  65.6  92.5  41.4 144.8  48.1  27.3 161.8 131.1  96.1  95.5  71.0 152.5  40.4  40.2
0.59 172.5 163.7  32.4 120.9 168.7 153.6  89.0 161.0  67.9  65.7  57.3  63.5  47.1 174.8 158.2 131.5  75.3  18.5 154.6 203.5 192.4 187.6 113.8 116.8 173.9 165.1  43.6   0.0 106.8  98.7 124.1  69.3 184.0 106.5 167.6 169.3 123.4 164.0 108.0  30.1  99.2 123.5  54.3 162.2  14.5  21.2 205.2 172.3 117.8 126.9 106.9 196.1  23.2  68.1
0.11 194.6 167.2 133.9  91.9 125.3  47.0  58.6 186.2 110.2  87.9 145.1 142.2  84.1 205.9 179.9  31.3 141.4  99.5 133.0 145.7 173.0 112.1 112.9  11.7  91.8 211.6  75.2 106.8   0.0  38.6  27.5 137.8 183.4 135.6 186.9 182.9 120.6 138.1  16.8  80.5 111.8 135.8  55.6 200.4 101.4  85.7 141.4 135.0 152.3 137.6 110.3 120.1  87.8 103.9
0.73 156.2 128.7 130.1  53.9  92.0  68.5  22.0 148.1  79.6  57.6 122.5 116.9  61.3 168.0 141.6  40.4 112.5  85.6  95.6 118.2 136.3  92.5  74.6  38.3  76.2 175.1  57.2  98.7  38.6   0.0  32.6 109.9 145.1  99.4 148.5 144.4  82.1 101.4  54.5  80.7  74.8  97.8  62.4 163.2  98.6  78.5 116.4 100.5 116.0  99.4  72.4 101.0  86.6  73.0
0.44 183.2 152.8 153.7  76.8 102.7  35.9  54.3 176.0 112.3  90.1 154.0 149.0  92.3 196.2 169.2   7.9 145.0 113.6 114.9 119.8 153.2  84.8 102.7  17.4  64.4 205.5  86.2 124.1  27.5  32.6   0.0 142.4 167.2 130.4 175.2 170.0 108.8 118.6  42.5 101.1 105.5 126.2  78.0 192.7 121.2 103.1 114.9 113.2 146.8 127.4 101.7  92.7 108.0 105.6
0.40 107.5 107.5  88.9  97.5 138.4 177.9  89.5  95.9  31.3  52.4  25.4  12.9  54.3 107.2  94.5 150.3   6.0  56.0 114.2 176.2 143.7 175.1  74.5 143.6 168.8  95.8  65.1  69.3 137.8 109.9 142.4   0.0 127.0  49.4 104.0 107.8  81.0 124.1 146.7  90.3  58.3  71.2 104.3  93.7  83.4  74.4 181.6 137.4  54.3  74.5  68.3 182.5  86.7  37.8
0.85  39.1  20.3 211.4  91.5  77.5 197.1 128.5  44.6 116.1 122.9 152.1 139.5 142.0  56.5  40.0 171.9 122.4 165.8  53.1 100.2  32.4 130.0  75.8 180.6 140.9  84.1 152.0 184.0 183.4 145.1 167.2 127.0   0.0  78.9  34.4  25.2  66.1  52.7 199.6 190.4  86.5  60.5 188.7  67.3 194.9 177.0 111.4  66.6  73.5  57.2  81.4 132.3 191.1 116.1
0.48  67.5  58.9 132.7  63.9  94.9 165.9  77.5  56.5  39.2  53.3  74.8  62.3  69.5  73.8  52.5 137.5  45.7  88.9  67.4 132.3  94.3 139.0  34.2 137.5 137.8  76.0  81.1 106.5 135.6  99.4 130.4  49.4  78.9   0.0  61.7  62.8  36.5  76.9 148.9 117.4  25.0  22.1 121.8  65.5 118.4 102.6 139.3  91.8  16.7  25.3  31.2 145.4 116.7  41.2
0.34   8.1  28.4 192.0  98.7 100.5 208.1 128.8  10.6 100.9 113.4 127.9 115.5 130.8  25.0   9.5 181.1  98.6 150.4  70.8 129.3  65.4 153.5  74.0 186.2 160.8  50.1 142.1 167.6 186.9 148.5 175.2 104.0  34.4  61.7   0.0   9.7  66.6  74.7 202.0 179.1  78.4  51.8 181.9  33.1 179.9 164.3 139.8  91.2  50.2  49.6  77.2 157.1 178.4 102.8
0.71  16.4  19.7 194.8  93.2  91.9 202.3 125.3  19.5 101.8 112.6 132.2 119.7 130.7  34.2  15.3 175.6 102.6 151.7  62.7 119.9  55.8 145.0  70.4 181.6 152.9  59.8 141.6 169.3 182.9 144.4 170.0 107.8  25.2  62.8   9.7   0.0  62.3  66.1 198.3 179.2  76.8  49.6 180.6  42.7 181.2 164.8 130.5  82.3  53.5  47.0  74.4 148.4 179.0 103.1
0.53  74.5  47.6 153.5  33.3  58.6 142.3  63.4  67.3  58.6  58.9 105.5  93.7  78.3  87.6  60.4 114.8  78.7 104.9  33.5  96.2  69.0 103.3  10.0 119.6 104.0 100.3  87.3 123.4 120.6  82.1 108.8  81.0  66.1  36.5  66.6  62.3   0.0  43.3 136.1 125.8  24.9  19.7 122.6  85.7 132.6 113.4 102.9  56.5  47.4  19.6  16.5 109.4 127.2  56.1
0.47  82.4  46.4 195.0  49.1  25.8 146.1  89.5  81.2 101.5  98.3 148.7 136.8 117.5  99.7  73.9 122.4 121.4 145.6   9.9  57.8  35.0  78.9  51.6 133.4  88.3 121.5 124.6 164.0 138.1 101.4 118.6 124.1  52.7  76.9  74.7  66.1  43.3   0.0 154.8 162.4  67.9  55.3 154.5 104.6 172.0 151.7  66.9  17.0  82.8  52.7  58.5  82.4 164.9  98.5
0.15 209.5 183.0 132.3 108.2 142.1  51.8  73.2 200.8 120.8  99.0 151.5 149.9  92.4 220.3 194.7  44.6 150.8 103.5 149.5 161.9 189.7 127.3 128.0  25.2 106.5 224.7  82.2 108.0  16.8  54.5  42.5 146.7 199.6 148.9 202.0 198.3 136.1 154.8   0.0  79.4 125.7 150.6  54.1 214.1 100.5  87.6 157.3 151.8 165.5 152.5 125.0 135.0  87.0 114.9
0.17 184.9 170.5  53.4 115.3 162.4 127.4  77.5 173.8  78.7  67.5  84.0  87.6  48.6 189.8 169.9 108.0  96.0  34.6 153.7 194.4 193.8 172.9 115.8  91.3 156.9 184.0  38.6  30.1  80.5  80.7 101.1  90.3 190.4 117.4 179.1 179.2 125.8 162.4  79.4   0.0 103.9 130.5  25.4 178.7  21.1  15.9 194.4 167.8 131.3 133.7 109.6 181.5   7.5  76.3
0.24  85.4  66.6 128.8  41.4  80.1 141.0  53.3  75.8  33.7  36.5  81.9  70.6  55.5  94.8  70.2 112.5  57.0  80.7  58.0 117.9  93.4 118.7  16.5 113.1 115.3 100.3  65.6  99.2 111.8  74.8 105.5  58.3  86.5  25.0  78.4  76.8  24.9  67.9 125.7 103.9   0.0  27.2 103.9  88.6 109.0  90.6 123.3  79.8  41.3  30.1   9.9 125.7 104.6  31.4
0.80  59.1  40.3 151.5  52.5  75.0 160.5  77.4  50.3  55.7  63.4  96.5  84.1  82.0  70.3  44.1 132.6  67.7 105.3  46.1 111.8  72.6 122.3  23.6 135.9 123.6  80.9  92.5 123.5 135.8  97.8 126.2  71.2  60.5  22.1  51.8  49.6  19.7  55.3 150.6 130.5  27.2   0.0 131.0  66.8 134.3 116.7 119.4  70.8  28.7   3.4  25.6 128.1 130.9  55.6
0.13 188.4 169.5  78.6 105.7 150.7 102.4  65.5 178.0  85.6  68.6 103.1 104.3  53.4 195.5 173.2  84.3 109.4  52.9 146.7 179.9 187.7 154.5 112.9  66.7 137.1 193.4  41.4  54.3  55.6  62.4  78.0 104.3 188.7 121.8 181.9 180.6 122.6 154.5  54.1  25.4 103.9 131.0   0.0 186.1  46.5  34.9 178.6 157.5 137.2 133.8 107.4 163.0  32.9  81.4
0.77  28.7  59.7 182.3 118.9 129.8 227.2 141.8  23.9 100.8 118.4 114.2 103.0 132.9  16.0  30.8 199.2  87.7 146.7  99.0 160.9  98.4 181.9  90.2 201.5 186.9  17.2 144.8 162.2 200.4 163.2 192.7  93.7  67.3  65.5  33.1  42.7  85.7 104.6 214.1 178.7  88.6  66.8 186.1   0.0 175.7 163.1 170.9 121.4  49.2  66.1  91.0 186.3 176.7 104.7
0.82 185.1 174.7  32.6 127.0 174.7 148.4  92.1 173.7  79.4  74.0  71.7  77.9  54.6 188.0 170.5 128.2  89.4  29.6 162.8 208.4 201.5 189.7 122.8 112.1 174.8 179.0  48.1  14.5 101.4  98.6 121.2  83.4 194.9 118.4 179.9 181.2 132.6 172.0 100.5  21.1 109.0 134.3  46.5 175.7   0.0  21.1 209.3 179.1 130.5 137.6 116.1 198.3  13.6  78.7
0.77 170.0 156.9  51.6 106.1 153.8 132.4  71.0 158.8  63.6  54.6  69.3  72.1  35.1 174.4 155.1 110.4  80.1  19.1 142.7 187.3 182.0 168.9 103.5  95.6 154.4 168.1  27.3  21.2  85.7  78.5 103.1  74.4 177.0 102.6 164.3 164.8 113.4 151.7  87.6  15.9  90.6 116.7  34.9 163.1  21.1   0.0 188.2 158.4 116.0 119.9  97.0 177.4  14.1  61.7
0.65 146.9 111.5 237.6  86.4  44.4 126.9 117.3 147.2 154.0 142.8 204.4 193.6 158.9 164.6 140.1 114.2 180.2 188.2  74.4  11.7  80.8  33.3 107.6 132.2  54.5 188.0 161.8 205.2 141.4 116.4 114.9 181.6 111.4 139.3 139.8 130.5 102.9  66.9 157.3 194.4 123.3 119.4 178.6 170.9 209.3 188.2   0.0  50.0 147.9 117.4 113.4  29.1 199.1 149.1
0.70  98.7  62.8 203.9  52.5  11.5 137.6  92.1  97.9 112.8 106.8 161.5 149.9 125.2 116.2  90.7 116.0 135.2 154.1  24.8  41.2  42.2  63.5  63.3 129.1  75.0 138.4 131.1 172.3 135.0 100.5 113.2 137.4  66.6  91.8  91.2  82.3  56.5  17.0 151.8 167.8  79.8  70.8 157.5 121.4 179.1 158.4  50.0   0.0  98.9  68.5  69.9  66.3 171.0 109.1
0.53  54.7  54.8 141.8  78.1 103.6 182.2  94.2  43.2  52.6  69.2  78.9  66.4  84.3  58.6  40.7 153.8  49.2 101.0  74.0 140.0  94.1 150.7  47.8 154.2 151.1  59.3  96.1 117.8 152.3 116.0 146.8  54.3  73.5  16.7  50.2  53.5  47.4  82.8 165.5 131.3  41.3  28.7 137.2  49.2 130.5 116.0 147.9  98.9   0.0  30.5  46.2 156.7 129.9  55.9
0.24  57.1  37.0 154.9  52.8  73.1 161.4  79.3  48.8  59.1  66.4  99.8  87.4  85.1  68.9  42.3 133.6  71.0 108.6  43.7 109.5  69.3 121.1  24.8 137.4 123.0  80.7  95.5 126.9 137.6  99.4 127.4  74.5  57.2  25.3  49.6  47.0  19.6  52.7 152.5 133.7  30.1   3.4 133.8  66.1 137.6 119.9 117.4  68.5  30.5   0.0  27.6 126.7 134.0  58.9
0.83  84.6  62.0 137.2  32.9  70.2 136.6  51.8  75.9  43.1  42.4  91.8  80.5  61.9  95.6  69.7 108.4  66.8  88.4  48.7 107.9  85.5 109.5   6.9 110.6 106.9 103.9  71.0 106.9 110.3  72.4 101.7  68.3  81.4  31.2  77.2  74.4  16.5  58.5 125.0 109.6   9.9  25.6 107.4  91.0 116.1  97.0 113.4  69.9  46.2  27.6   0.0 116.3 110.9  40.1
0.22 164.8 128.8 228.4  85.1  56.7  99.9 107.0 163.3 152.8 138.0 203.3 193.7 151.7 182.1 155.9  90.7 182.1 180.3  87.3  39.5 104.1   8.5 111.7 109.9  28.7 203.0 152.5 196.1 120.1 101.0  92.7 182.5 132.3 145.4 157.1 148.4 109.4  82.4 135.0 181.5 125.7 128.1 163.0 186.3 198.3 177.4  29.1  66.3 156.7 126.7 116.3   0.0 186.9 147.1
0.41 184.0 171.0  46.1 118.6 166.0 134.8  81.9 172.8  77.6  68.5  78.7  83.1  49.1 188.2 169.2 115.0  92.5  30.7 156.1 198.7 195.7 178.4 117.3  98.6 162.8 181.3  40.4  23.2  87.8  86.6 108.0  86.7 191.1 116.7 178.4 179.0 127.2 164.9  87.0   7.5 104.6 130.9  32.9 176.7  13.6  14.1 199.1 171.0 129.9 134.0 110.9 186.9   0.0  75.8
0.58 108.7  95.9  97.4  62.9 107.8 141.4  51.9  97.7   6.7  16.0  56.2  47.2  28.4 114.4  93.6 113.4  39.7  49.7  88.8 145.0 124.7 139.3  47.0 108.4 131.7 112.4  40.2  68.1 103.9  73.0 105.6  37.8 116.1  41.2 102.8 103.1  56.1  98.5 114.9  76.3  31.4  55.6  81.4 104.7  78.7  61.7 149.1 109.1  55.9  58.9  40.1 147.1  75.8   0.0
