44
8
0.22   0.0  61.8 190.9 242.6 169.8  42.1 193.2 183.7  25.0 130.3 207.3  97.0 202.5  73.5  26.9  95.2 120.7  73.4  36.2  80.0 246.3 130.3  85.0  63.8 115.8 134.5  44.0  54.8 143.4 181.3 179.2  33.4 162.8 106.9 162.3 207.7 159.2 184.7 186.5  60.0 123.4 167.3 131.9 119.3
0.26  61.8   0.0 179.7 214.8 151.0  63.7 169.3 158.2  36.8 132.4 186.0  86.7 179.8  12.1  36.5  40.8 115.7  12.9  29.7  97.9 213.8 133.4  67.5  70.6  99.1  73.5  58.6  15.6  87.0 161.0 118.3  67.4 175.6  73.1 178.3 197.3 181.0 153.9 156.0  53.5  73.3 132.7 102.7  93.9
0.66 190.9 179.7   0.0  72.8  33.3 148.9  39.1  45.3 184.5  64.5  34.2  96.2  36.7 176.2 190.7 153.2  70.3 173.6 171.1 116.2  88.5  65.6 113.5 127.2  80.7 177.4 147.2 167.0 152.2  30.5 191.1 158.8  70.7 110.0  79.7  17.6  96.6  61.9  60.6 135.2 133.3  76.8  82.9  87.2
0.25 242.6 214.8  72.8   0.0  75.3 202.6  50.0  58.9 230.2 130.8  40.4 146.3  42.3 207.7 235.6 178.9 128.7 205.3 215.5 177.6  20.1 132.4 158.1 180.6 127.0 186.2 199.1 205.8 157.1  63.7 182.3 213.7 143.3 142.2 152.3  68.9 169.2  61.0  58.8 182.8 149.6  82.9 113.1 124.3
0.47 169.8 151.0  33.3  75.3   0.0 128.8  25.7  21.9 160.1  57.8  37.5  72.9  33.3 146.4 166.0 121.8  53.5 143.9 146.0 102.4  84.5  59.7  87.5 106.7  54.6 144.2 125.9 139.5 118.9  11.7 158.3 139.6  84.7  79.2  93.5  49.5 109.0  36.2  35.8 111.2 100.3  45.2  50.7  57.2
0.74  42.1  63.7 148.9 202.6 128.8   0.0 152.8 143.8  42.6  88.6 166.3  56.3 161.8  71.1  49.2  79.2  78.7  69.6  36.4  40.3 207.6  88.6  48.1  22.1  75.7 123.4   6.4  49.0 123.8 140.4 165.6  11.5 123.7  74.3 124.2 165.6 123.5 146.4 148.0  25.5  99.4 130.9  94.9  81.7
0.62 193.2 169.3  39.1  50.0  25.7 152.8   0.0  11.7 181.8  83.1  17.7  96.5  10.7 163.4 187.5 136.4  79.0 160.9 167.3 127.9  58.8  84.9 109.2 130.8  77.4 152.2 149.5 159.1 124.6  14.8 159.1 163.8 104.8  96.3 113.9  48.3 130.1  25.3  23.4 133.7 110.7  45.4  66.7  76.4
0.86 183.7 158.2  45.3  58.9  21.9 143.8  11.7   0.0 171.6  79.2  29.3  87.5  22.4 152.1 177.1 124.9  72.6 149.6 157.0 121.0  64.9  81.1  99.2 122.0  68.1 140.7 140.2 148.2 113.3  15.5 148.7 155.0 105.8  85.1 114.8  57.2 130.5  16.6  15.5 123.9  99.0  34.3  55.5  65.8
0.64  25.0  36.8 184.5 230.2 160.1  42.6 181.8 171.6   0.0 128.2 197.2  88.4 191.8  48.6   6.7  72.0 115.2  48.6  15.0  82.8 232.1 128.6  72.7  59.8 105.6 109.8  40.8  31.3 120.1 171.2 154.6  40.2 165.9  90.1 166.7 201.8 166.1 170.7 172.6  49.3 101.9 151.7 117.5 105.9
0.47 130.3 132.4  64.5 130.8  57.8  88.6  83.1  79.2 128.2   0.0  90.6  46.7  88.7 132.5 134.7 118.0  19.8 130.0 116.7  52.3 141.9   2.3  66.2  68.4  44.0 154.5  88.2 117.7 137.1  68.3 182.3  97.2  46.5  78.2  52.2  79.6  62.6  90.5  90.9  81.0 111.5  88.7  66.1  59.3
0.32 207.3 186.0  34.2  40.4  37.5 166.3  17.7  29.3 197.2  90.6   0.0 110.4   7.2 180.4 202.9 153.8  90.0 177.9 182.8 138.8  54.4  92.2 124.4 144.2  91.8 169.8 163.4 175.3 142.0  26.0 175.6 177.1 104.6 113.1 113.7  36.9 130.4  41.6  39.5 148.5 128.3  62.8  83.5  92.5
0.63  97.0  86.7  96.2 146.3  72.9  56.3  96.5  87.5  88.4  46.7 110.4   0.0 105.6  86.0  94.5  72.0  29.0  83.5  75.0  41.4 151.6  48.1  19.5  34.5  19.5 111.4  53.0  72.6  98.4  84.4 144.2  67.5  92.3  36.9  96.8 113.6 103.7  91.0  92.4  39.1  71.5  77.8  42.7  29.5
0.62 202.5 179.8  36.7  42.3  33.3 161.8  10.7  22.4 191.8  88.7   7.2 105.6   0.0 174.0 197.4 147.1  86.6 171.5 177.3 135.5  54.1  90.3 119.1 139.7  86.8 162.6 158.7 169.4 134.8  21.6 168.4 172.7 105.8 106.9 115.0  42.1 131.6  34.4  32.3 143.3 121.3  55.6  77.2  86.6
0.75  73.5  12.1 176.2 207.7 146.4  71.1 163.4 152.1  48.6 132.5 180.4  86.0 174.0   0.0  48.6  30.5 114.8   2.6  39.7 102.3 205.8 133.7  66.5  74.7  96.4  61.4  65.4  22.2  75.2 156.0 106.3  76.2 176.9  67.4 180.2 193.8 184.0 146.7 148.9  56.9  63.1 125.0  96.9  89.4
0.61  26.9  36.5 190.7 235.6 166.0  49.2 187.5 177.1   6.7 134.7 202.9  94.5 197.4  48.6   0.0  74.0 121.7  49.0  20.1  89.4 237.2 135.1  78.5  66.4 111.5 110.0  47.4  33.8 121.9 177.0 154.8  46.3 172.5  94.8 173.3 208.1 172.6 175.8 177.7  55.5 104.8 156.5 122.7 111.3
0.73  95.2  40.8 153.2 178.9 121.8  79.2 136.4 124.9  72.0 118.0 153.8  72.0 147.1  30.5  74.0   0.0  98.7  28.6  59.1  99.7 176.1 119.5  54.0  73.9  76.9  44.5  72.8  40.7  48.2 130.4  86.7  87.7 164.2  43.3 168.8 170.5 175.2 118.1 120.4  57.0  32.6  96.0  71.1  66.3
0.34 120.7 115.7  70.3 128.7  53.5  78.7  79.0  72.6 115.2  19.8  90.0  29.0  86.6 114.8 121.7  98.7   0.0 112.3 102.6  48.9 137.3  21.7  48.4  57.0  24.3 134.8  77.0 101.5 117.5  65.0 162.9  88.7  66.2  58.4  72.0  87.1  81.7  81.0  81.8  66.5  91.8  74.9  48.0  39.9
0.60  73.4  12.9 173.6 205.3 143.9  69.6 160.9 149.6  48.6 130.0 177.9  83.5 171.5   2.6  49.0  28.6 112.3   0.0  39.1 100.2 203.5 131.2  64.0  72.6  93.8  61.2  63.8  21.0  74.1 153.4 106.0  75.0 174.5  64.9 177.8 191.2 181.7 144.3 146.5  54.7  61.2 122.7  94.4  86.8
0.29  36.2  29.7 171.1 215.5 146.0  36.4 167.3 157.0  15.0 116.7 182.8  75.0 177.3  39.7  20.1  59.1 102.6  39.1   0.0  74.6 217.2 117.3  58.5  49.3  91.5  99.2  32.5  18.9 107.2 156.9 143.7  38.2 156.4  75.1 157.9 188.6 158.6 155.8 157.7  36.2  87.8 136.7 102.6  91.2
0.71  80.0  97.9 116.2 177.6 102.4  40.3 127.9 121.0  82.8  52.3 138.8  41.4 135.5 102.3  89.4  99.7  48.9 100.2  74.6   0.0 185.8  51.8  49.1  27.6  58.0 143.3  42.3  82.3 135.4 113.9 180.6  46.7  83.4  75.5  83.9 131.8  84.0 127.7 128.8  45.5 108.6 117.4  83.6  70.7
0.24 246.3 213.8  88.5  20.1  84.5 207.6  58.8  64.9 232.1 141.9  54.4 151.6  54.1 205.8 237.2 176.1 137.3 203.5 217.2 185.8   0.0 143.7 161.3 186.0 132.1 178.6 203.6 206.0 149.4  73.6 170.4 218.9 159.0 142.5 168.1  87.0 184.9  61.6  59.8 186.3 145.3  81.2 114.7 127.0
0.33 130.3 133.4  65.6 132.4  59.7  88.6  84.9  81.1 128.6   2.3  92.2  48.1  90.3 133.7 135.1 119.5  21.7 131.2 117.3  51.8 143.7   0.0  67.4  68.8  45.9 156.4  88.4 118.6 139.1  70.1 184.4  97.1  44.8  80.0  50.3  80.3  60.5  92.6  93.0  81.7 113.5  90.9  68.3  61.4
0.44  85.0  67.5 113.5 158.1  87.5  48.1 109.2  99.2  72.7  66.2 124.4  19.5 119.1  66.5  78.5  54.0  48.4  64.0  58.5  49.1 161.3  67.4   0.0  29.9  33.1  95.5  43.2  53.8  86.3  98.5 131.6  59.7 111.4  27.9 115.4 131.1 121.3  99.8 101.5  25.0  59.5  83.1  47.2  34.3
0.64  63.8  70.6 127.2 180.6 106.7  22.1 130.8 122.0  59.8  68.4 144.2  34.5 139.7  74.7  66.4  73.9  57.0  72.6  49.3  27.6 186.0  68.8  29.9   0.0  53.9 118.1  20.0  55.0 113.4 118.3 157.5  33.0 107.1  57.7 108.8 144.1 110.6 125.2 126.7  18.0  87.3 110.6  74.7  61.3
0.87 115.8  99.1  80.7 127.0  54.6  75.7  77.4  68.1 105.6  44.0  91.8  19.5  86.8  96.4 111.5  76.9  24.3  93.8  91.5  58.0 132.1  45.9  33.1  53.9   0.0 110.9  72.1  86.4  93.3  65.8 138.7  86.9  90.2  34.8  96.2  98.3 105.9  71.6  73.0  56.7  67.6  59.4  26.5  15.9
0.37 134.5  73.5 177.4 186.2 144.2 123.4 152.2 140.7 109.8 154.5 169.8 111.4 162.6  61.4 110.0  44.5 134.8  61.2  99.2 143.3 178.6 156.4  95.5 118.1 110.9   0.0 117.1  80.3  29.2 150.2  44.9 131.4 201.0  76.3 206.6 193.6 214.8 129.3 131.6 101.5  44.6 107.1  95.9  96.8
0.25  44.0  58.6 147.2 199.1 125.9   6.4 149.5 140.2  40.8  88.2 163.4  53.0 158.7  65.4  47.4  72.8  77.0  63.8  32.5  42.3 203.6  88.4  43.2  20.0  72.1 117.1   0.0  43.6 117.4 137.4 159.2  17.0 125.1  68.6 126.1 164.1 126.2 142.3 143.9  19.6  93.1 126.2  90.3  77.1
0.30  54.8  15.6 167.0 205.8 139.5  49.0 159.1 148.2  31.3 117.7 175.3  72.6 169.4  22.2  33.8  40.7 101.5  21.0  18.9  82.3 206.0 118.6  53.8  55.0  86.4  80.3  43.6   0.0  88.9 149.9 124.8  54.0 160.3  63.7 162.9 184.6 165.4 145.2 147.3  38.0  71.0 124.9  92.8  82.9
0.24 143.4  87.0 152.2 157.1 118.9 123.8 124.6 113.3 120.1 137.1 142.0  98.4 134.8  75.2 121.9  48.2 117.5  74.1 107.2 135.4 149.4 139.1  86.3 113.4  93.3  29.2 117.4  88.9   0.0 123.9  45.9 133.4 182.8  61.5 189.2 167.8 199.1 101.1 103.3  99.2  27.0  79.2  73.7  77.8
0.57 181.3 161.0  30.5  63.7  11.7 140.4  14.8  15.5 171.2  68.3  26.0  84.4  21.6 156.0 177.0 130.4  65.0 153.4 156.9 113.9  73.6  70.1  98.5 118.3  65.8 150.2 137.4 149.9 123.9   0.0 161.3 151.2  91.1  88.6 100.2  44.1 116.2  32.0  30.9 122.5 107.1  46.6  59.3  67.2
0.52 179.2 118.3 191.1 182.3 158.3 165.6 159.1 148.7 154.6 182.3 175.6 144.2 168.4 106.3 154.8  86.7 162.9 106.0 143.7 180.6 170.4 184.4 131.6 157.5 138.7  44.9 159.2 124.8  45.9 161.3   0.0 174.4 227.6 107.3 234.3 205.4 244.6 134.0 136.1 142.2  72.8 114.7 117.5 123.0
0.51  33.4  67.4 158.8 213.7 139.6  11.5 163.8 155.0  40.2  97.2 177.1  67.5 172.7  76.2  46.3  87.7  88.7  75.0  38.2  46.7 218.9  97.1  59.7  33.0  86.9 131.4  17.0  54.0 133.4 151.2 174.4   0.0 129.7  85.6 129.6 175.3 127.4 157.9 159.4  36.6 109.6 142.5 106.5  93.2
0.77 162.8 175.6  70.7 143.3  84.7 123.7 104.8 105.8 165.9  46.5 104.6  92.3 105.8 176.9 172.5 164.2  66.2 174.5 156.4  83.4 159.0  44.8 111.4 107.1  90.2 201.0 125.1 160.3 182.8  91.1 227.6 129.7   0.0 124.7   9.1  77.1  25.9 120.9 120.4 122.5 157.7 125.8 110.2 105.1
0.26 106.9  73.1 110.0 142.2  79.2  74.3  96.3  85.1  90.1  78.2 113.1  36.9 106.9  67.4  94.8  43.3  58.4  64.9  75.1  75.5 142.5  80.0  27.9  57.7  34.8  76.3  68.6  63.7  61.5  88.6 107.3  85.6 124.7   0.0 130.3 127.4 138.9  81.6  83.6  49.1  34.6  61.7  29.7  23.0
0.79 162.3 178.3  79.7 152.3  93.5 124.2 113.9 114.8 166.7  52.2 113.7  96.8 115.0 180.2 173.3 168.8  72.0 177.8 157.9  83.9 168.1  50.3 115.4 108.8  96.2 206.6 126.1 162.9 189.2 100.2 234.3 129.6   9.1 130.3   0.0  85.8  16.9 129.7 129.3 124.9 163.8 134.1 117.2 111.4
0.13 207.7 197.3  17.6  68.9  49.5 165.6  48.3  57.2 201.8  79.6  36.9 113.6  42.1 193.8 208.1 170.5  87.1 191.2 188.6 131.8  87.0  80.3 131.1 144.1  98.3 193.6 164.1 184.6 167.8  44.1 205.4 175.3  77.1 127.4  85.8   0.0 102.6  73.2  71.5 152.6 149.8  90.6  99.9 104.7
0.41 159.2 181.0  96.6 169.2 109.0 123.5 130.1 130.5 166.1  62.6 130.4 103.7 131.6 184.0 172.6 175.2  81.7 181.7 158.6  84.0 184.9  60.5 121.3 110.6 105.9 214.8 126.2 165.4 199.1 116.2 244.6 127.4  25.9 138.9  16.9 102.6   0.0 145.1 144.8 127.6 173.1 148.2 128.7 121.6
0.12 184.7 153.9  61.9  61.0  36.2 146.4  25.3  16.6 170.7  90.5  41.6  91.0  34.4 146.7 175.8 118.1  81.0 144.3 155.8 127.7  61.6  92.6  99.8 125.2  71.6 129.3 142.3 145.2 101.1  32.0 134.0 157.9 120.9  81.6 129.7  73.2 145.1   0.0   2.3 124.7  89.8  22.6  53.2  65.5
0.61 186.5 156.0  60.6  58.8  35.8 148.0  23.4  15.5 172.6  90.9  39.5  92.4  32.3 148.9 177.7 120.4  81.8 146.5 157.7 128.8  59.8  93.0 101.5 126.7  73.0 131.6 143.9 147.3 103.3  30.9 136.1 159.4 120.4  83.6 129.3  71.5 144.8   2.3   0.0 126.5  92.1  24.9  55.1  67.2
0.19  60.0  53.5 135.2 182.8 111.2  25.5 133.7 123.9  49.3  81.0 148.5  39.1 143.3  56.9  55.5  57.0  66.5  54.7  36.2  45.5 186.3  81.7  25.0  18.0  56.7 101.5  19.6  38.0  99.2 122.5 142.2  36.6 122.5  49.1 124.9 152.6 127.6 124.7 126.5   0.0  74.2 107.7  72.0  59.3
0.63 123.4  73.3 133.3 149.6 100.3  99.4 110.7  99.0 101.9 111.5 128.3  71.5 121.3  63.1 104.8  32.6  91.8  61.2  87.8 108.6 145.3 113.5  59.5  87.3  67.6  44.6  93.1  71.0  27.0 107.1  72.8 109.6 157.7  34.6 163.8 149.8 173.1  89.8  92.1  74.2   0.0  67.2  51.3  52.8
0.74 167.3 132.7  76.8  82.9  45.2 130.9  45.4  34.3 151.7  88.7  62.8  77.8  55.6 125.0 156.5  96.0  74.9 122.7 136.7 117.4  81.2  90.9  83.1 110.6  59.4 107.1 126.2 124.9  79.2  46.6 114.7 142.5 125.8  61.7 134.1  90.6 148.2  22.6  24.9 107.7  67.2   0.0  36.0  49.4
0.33 131.9 102.7  82.9 113.1  50.7  94.9  66.7  55.5 117.5  66.1  83.5  42.7  77.2  96.9 122.7  71.1  48.0  94.4 102.6  83.6 114.7  68.3  47.2  74.7  26.5  95.9  90.3  92.8  73.7  59.3 117.5 106.5 110.2  29.7 117.2  99.9 128.7  53.2  55.1  72.0  51.3  36.0   0.0  13.5
0.81 119.3  93.9  87.2 124.3  57.2  81.7  76.4  65.8 105.9  59.3  92.5  29.5  86.6  89.4 111.3  66.3  39.9  86.8  91.2  70.7 127.0  61.4  34.3  61.3  15.9  96.8  77.1  82.9  77.8  67.2 123.0  93.2 105.1  23.0 111.4 104.7 121.6  65.5  67.2  59.3  52.8  49.4  13.5   0.0
