54
10
0.81   0.0  42.3  99.9  76.3  54.3  61.1 106.4  42.4 161.1  72.6 185.5 174.1  64.7  23.1 108.5 188.0 113.6 126.5  87.0  61.1 182.6 114.8 109.5 109.2 166.9 164.9 124.4  69.0 166.5 109.8 191.9   8.4 138.5  83.9 143.4  76.7 170.5 142.3 171.2  34.1  94.9 152.1 166.1 146.9 127.9 123.1 199.8 127.9 134.2  57.4  58.6 111.7 133.3  36.4
0.46  42.3   0.0  69.0  36.9  59.6  33.1  66.1  45.0 121.7  83.7 145.8 136.0  27.6  63.0 110.0 146.5  74.9  85.3  50.0  19.6 140.2  97.0  87.4  79.0 139.7 130.3 119.8  76.0 124.8 108.7 157.0  43.0  97.4  42.4 101.1  34.5 128.9 108.5 160.3  34.3  88.0 122.5 126.3 131.0  97.5 110.4 162.4  93.5 103.4  49.7  64.7 111.8  98.7  78.6
0.39  99.9  69.0   0.0  75.5  68.9  92.7  36.8  66.7  70.0  83.8  93.9  78.7  41.9 111.1  83.1 104.5  31.0  90.4  87.7  66.2 114.1  41.9  28.1 120.2  70.8  65.4  80.0  74.6  86.7  77.8  92.4  95.3  59.8  44.1  78.8  52.2 119.4  42.8 104.7  68.2  56.6  53.6  76.1  72.1 134.2  60.0 102.4 122.4 138.4  52.4  70.6  81.9  34.6 133.5
0.62  76.3  36.9  75.5   0.0  93.3  25.0  53.4  79.7 105.7 117.4 127.7 122.3  40.8  98.6 138.3 123.0  65.4  50.5  14.5  18.2 110.5 113.5 101.1  47.4 143.0 123.5 144.2 108.8 101.2 135.7 148.3  78.8  77.6  32.2  73.6  23.3  94.7 104.8 178.3  70.0 113.4 123.7 108.8 146.5  64.4 129.9 149.0  57.8  69.8  80.0  98.2 139.3  94.8 111.0
0.71  54.3  59.6  68.9  93.3   0.0  92.3  93.3  14.9 138.7  24.2 162.7 147.4  57.7  52.2  54.8 171.9  94.7 134.3 107.6  75.3 176.4  66.4  65.5 138.3 123.5 131.7  70.2  16.7 152.6  55.7 157.8  46.1 124.1  80.2 137.5  79.1 173.7 109.6 117.5  26.5  41.7 112.5 144.6  95.5 156.6  70.9 170.1 151.1 162.4  17.4   5.2  57.7 102.8  76.0
0.81  61.1  33.1  92.7  25.0  92.3   0.0  76.5  77.5 130.3 116.3 152.5 146.6  52.2  84.2 143.1 147.9  88.1  72.1  28.7  26.4 134.2 126.4 115.4  48.6 162.6 146.3 152.2 108.9 126.2 141.5 171.7  65.8 102.4  53.2  98.2  43.2 116.0 126.4 190.8  66.3 120.5 143.9 133.6 160.3  67.4 141.2 173.4  66.9  73.7  82.8  97.5 144.8 116.4  92.4
0.50 106.4  66.1  36.8  53.4  93.3  76.5   0.0  85.8  55.8 113.0  79.7  70.9  42.2 123.5 118.7  82.0  12.4  54.1  61.4  53.2  83.0  78.3  64.5  90.9  92.5  70.2 116.7 103.5  61.0 113.8  95.2 104.6  32.4  24.4  44.6  34.2  83.7  52.1 139.2  82.3  91.8  72.7  60.2 106.3 102.4  96.5  97.6  89.0 105.7  76.0  96.6 117.9  42.4 142.7
0.82  42.4  45.0  66.7  79.7  14.9  77.5  85.8   0.0 134.8  38.7 159.2 145.1  46.9  45.9  68.9 166.5  88.9 122.8  93.8  61.6 168.3  73.2  69.5 124.0 127.8 131.6  82.9  31.6 146.3  69.2 158.3  35.0 117.6  69.8 129.0  67.4 163.5 109.1 128.9  11.6  52.6 115.0 140.5 104.6 142.3  80.6 169.1 137.4 148.2  16.1  20.1  71.6 101.3  69.5
0.73 161.1 121.7  70.0 105.7 138.7 130.3  55.8 134.8   0.0 153.5  24.6  17.6  96.4 176.5 146.3  36.8  47.5  81.2 109.8 108.7  59.0  96.8  85.8 132.4  72.9  34.3 136.4 144.4  27.7 140.0  48.1 158.5  29.0  80.1  47.0  89.6  80.4  38.7 139.4 133.9 122.1  57.3   6.4 109.9 138.0 112.7  43.5 121.9 139.2 121.8 140.6 143.9  39.5 197.0
0.19  72.6  83.7  83.8 117.4  24.2 116.3 113.0  38.7 153.5   0.0 176.7 160.1  80.6  63.4  38.4 188.3 112.5 157.1 131.7  99.4 195.6  68.6  72.5 162.5 126.8 141.7  57.9   9.5 170.1  41.9 166.4  64.1 142.2 102.4 157.6 102.3 195.2 120.8 107.0  50.1  38.6 119.3 159.7  90.9 180.7  66.6 180.9 175.1 186.5  38.8  19.1  42.4 115.5  85.6
0.86 185.5 145.8  93.9 127.7 162.7 152.5  79.7 159.2  24.6 176.7   0.0  19.1 120.9 201.1 167.1  24.3  71.9  96.8 130.3 132.0  56.3 117.1 107.2 149.7  82.7  44.3 155.5 167.9  32.7 160.6  42.9 183.0  50.0 103.8  61.1 113.0  84.5  58.0 152.3 158.4 144.0  71.5  19.5 125.3 153.0 131.7  28.1 136.5 153.3 146.0 164.5 164.4  61.5 221.5
0.11 174.1 136.0  78.7 122.3 147.4 146.6  70.9 145.1  17.6 160.1  19.1   0.0 109.8 188.3 148.8  41.3  61.1  98.8 127.0 124.1  70.0  98.7  89.4 150.0  64.2  25.3 136.7 151.4  40.9 142.2  31.1 170.9  46.5  95.3  64.1 105.1  94.9  39.9 133.4 145.3 126.3  52.4  18.0 106.2 155.5 112.9  26.8 139.4 156.6 131.1 148.8 146.0  44.8 209.5
0.46  64.7  27.6  41.9  40.8  57.7  52.2  42.2  46.9  96.4  80.6 120.9 109.8   0.0  81.4  97.9 124.2  49.0  76.6  55.0  26.3 122.5  74.5  63.2  88.1 112.8 102.9 103.4  71.5 103.0  95.0 129.7  62.5  74.5  23.0  82.9  21.7 116.7  81.0 139.2  41.1  72.7  95.1 101.4 108.2 104.9  90.0 135.9  96.7 110.1  41.9  62.0  98.7  71.3 100.7
0.67  23.1  63.0 111.1  98.6  52.2  84.2 123.5  45.9 176.5  63.4 201.1 188.3  81.4   0.0 101.6 205.5 129.3 148.2 109.7  82.5 202.4 118.0 115.3 132.3 173.7 176.5 120.0  62.9 184.4 104.3 203.4  20.0 155.9 102.6 162.9  96.4 191.9 153.9 168.5  43.0  93.6 160.8 181.9 147.6 150.9 123.0 213.1 151.0 157.3  61.9  54.9 105.4 145.5  23.9
0.37 108.5 110.0  83.1 138.3  54.8 143.1 118.7  68.9 146.3  38.4 167.1 148.8  97.9 101.6   0.0 183.0 114.1 169.5 152.8 121.7 196.6  50.1  60.6 185.5 102.7 126.7  21.2  39.6 167.8   6.9 148.0 100.2 142.4 115.8 161.9 118.9 202.2 109.2  69.6  80.4  26.9 100.7 152.7  59.4 202.7  38.8 165.4 194.5 208.0  60.3  50.1   4.6 106.9 124.0
0.48 188.0 146.5 104.5 123.0 171.9 147.9  82.0 166.5  36.8 188.3  24.3  41.3 124.2 205.5 183.0   0.0  77.6  84.3 122.9 130.5  33.2 133.6 122.4 137.6 105.4  66.2 173.2 179.1  21.9 176.7  67.2 186.5  49.6 104.2  50.4 112.3  63.4  75.3 174.1 164.0 158.4  92.3  30.5 145.8 138.2 149.5  50.8 121.8 137.7 154.7 174.3 180.6  76.1 224.4
0.74 113.6  74.9  31.0  65.4  94.7  88.1  12.4  88.9  47.5 112.5  71.9  61.1  49.0 129.3 114.1  77.6   0.0  63.9  73.8  63.9  83.5  70.6  56.9 103.1  80.3  58.2 110.1 103.1  57.9 108.7  83.8 111.1  29.7  35.1  47.8  45.2  88.7  39.7 129.4  87.0  87.5  60.4  52.6  96.5 114.2  88.8  87.6 100.4 117.3  77.3  97.4 112.9  30.0 149.5
0.71 126.5  85.3  90.4  50.5 134.3  72.1  54.1 122.8  81.2 157.1  96.8  98.8  76.6 148.2 169.5  84.3  63.9   0.0  43.7  65.8  63.7 132.3 118.4  53.4 141.1 110.1 169.7 147.8  65.0 165.3 129.2 128.3  53.8  54.8  35.6  55.4  44.3  98.9 193.1 115.1 142.7 121.5  81.5 160.2  56.8 150.4 123.0  40.7  58.0 118.3 138.6 169.3  90.8 161.4
0.33  87.0  50.0  87.7  14.5 107.6  28.7  61.4  93.8 109.8 131.7 130.3 127.0  55.0 109.7 152.8 122.9  73.8  43.7   0.0  32.3 106.7 126.8 114.1  33.3 153.1 130.8 158.3 123.2 101.7 150.0 154.5  90.3  81.0  43.6  72.5  36.1  87.4 113.5 191.4  83.8 127.7 133.5 112.2 159.3  49.9 143.5 153.4  43.7  55.3  94.4 112.5 153.7 103.7 120.2
0.30  61.1  19.6  66.2  18.2  75.3  26.4  53.2  61.6 108.7  99.4 132.0 124.1  26.3  82.5 121.7 130.5  63.9  65.8  32.3   0.0 122.0 100.8  89.3  63.9 136.3 121.6 128.8  91.0 108.7 119.4 147.6  62.5  82.4  28.9  83.4  19.1 109.5 101.1 165.5  51.9  97.5 117.8 112.6 134.5  81.7 116.2 150.9  75.9  87.3  62.5  80.2 122.9  91.0  96.9
0.77 182.6 140.2 114.1 110.5 176.4 134.2  83.0 168.3  59.0 195.6  56.3  70.0 122.5 202.4 196.6  33.2  83.5  63.7 106.7 122.0   0.0 149.6 136.9 114.4 131.8  92.8 190.0 186.1  31.5 190.8  98.8 182.6  54.3 100.1  39.6 106.0  31.5  95.7 197.9 163.6 170.5 116.1  54.2 167.4 111.8 167.0  83.8  95.7 110.3 159.0 179.6 194.9  93.3 218.8
0.68 114.8  97.0  41.9 113.5  66.4 126.4  78.3  73.2  96.8  68.6 117.1  98.7  74.5 118.0  50.1 133.6  70.6 132.3 126.8 100.8 149.6   0.0  13.9 159.9  58.3  76.8  40.3  62.1 119.7  43.5  99.4 107.9  96.3  84.2 117.8  90.7 159.0  59.1  64.8  80.7  30.3  51.8 103.2  34.0 174.9  18.2 115.8 163.8 179.3  57.5  65.0  47.3  57.6 141.9
0.46 109.5  87.4  28.1 101.1  65.5 115.4  64.5  69.5  85.8  72.5 107.2  89.4  63.2 115.3  60.6 122.4  56.9 118.4 114.1  89.3 136.9  13.9   0.0 147.1  58.3  69.4  53.4  64.7 107.4  54.4  93.9 103.2  83.2  71.0 104.3  78.1 145.4  49.5  77.4  75.4  36.9  47.3  92.2  45.3 161.7  32.1 108.7 150.3 166.0  53.5  65.2  58.4  46.3 139.0
0.74 109.2  79.0 120.2  47.4 138.3  48.6  90.9 124.0 132.4 162.5 149.7 150.0  88.1 132.3 185.5 137.6 103.1  53.4  33.3  63.9 114.4 159.9 147.1   0.0 183.3 157.6 191.5 154.4 118.3 183.0 179.4 114.3 103.6  76.2  88.7  69.3  88.0 142.4 224.5 113.2 160.7 163.5 133.5 192.2  18.8 176.8 175.2  22.9  25.1 126.4 143.4 186.5 133.0 138.0
0.48 166.9 139.7  70.8 143.0 123.5 162.6  92.5 127.8  72.9 126.8  82.7  64.2 112.8 173.7 102.7 105.4  80.3 141.1 153.1 136.3 131.8  58.3  58.3 183.3   0.0  39.3  85.2 120.4 100.6  95.8  49.1 161.0  89.9 110.8 113.5 120.3 151.9  42.2  70.1 133.2  88.3  19.8  77.7  47.7 194.2  63.9  69.4 179.8 197.0 111.8 122.6  98.8  50.7 197.3
0.71 164.9 130.3  65.4 123.5 131.7 146.3  70.2 131.6  34.3 141.7  44.3  25.3 102.9 176.5 126.7  66.2  58.2 110.1 130.8 121.6  92.8  76.8  69.4 157.6  39.3   0.0 113.1 133.6  61.9 119.9  27.0 160.6  56.5  93.1  78.6 103.2 114.6  22.7 108.1 133.7 105.9  27.5  38.6  81.2 165.8  89.5  39.3 150.4 167.8 116.5 132.4 123.5  31.7 198.9
0.17 124.4 119.8  80.0 144.2  70.2 152.2 116.7  82.9 136.4  57.9 155.5 136.7 103.4 120.0  21.2 173.2 110.1 169.7 158.3 128.8 190.0  40.3  53.4 191.5  85.2 113.1   0.0  57.1 159.9  16.1 132.4 116.3 136.5 118.3 157.7 123.0 198.8  98.1  49.1  93.7  31.8  86.1 142.7  39.5 207.9  23.8 150.8 198.3 212.8  71.3  66.2  16.6  97.6 142.9
0.52  69.0  76.0  74.6 108.8  16.7 108.9 103.5  31.6 144.4   9.5 167.9 151.4  71.5  62.9  39.6 179.1 103.1 147.8 123.2  91.0 186.1  62.1  64.7 154.4 120.4 133.6  57.1   0.0 160.7  41.6 158.6  60.6 132.8  93.1 148.1  93.2 185.7 112.4 105.7  43.2  33.1 111.9 150.6  87.0 172.5  62.4 172.6 166.5 178.2  29.5  11.5  43.0 106.7  86.0
0.47 166.5 124.8  86.7 101.2 152.6 126.2  61.0 146.3  27.7 170.1  32.7  40.9 103.0 184.4 167.8  21.9  57.9  65.0 101.7 108.7  31.5 119.7 107.4 118.3 100.6  61.9 159.9 160.7   0.0 161.7  71.5 165.2  28.7  82.6  29.7  90.5  54.0  64.3 166.4 143.3 142.2  84.5  23.6 136.0 120.6 136.6  60.4 104.1 120.8 135.2 155.3 165.8  62.5 202.9
0.18 109.8 108.7  77.8 135.7  55.7 141.5 113.8  69.2 140.0  41.9 160.6 142.2  95.0 104.3   6.9 176.7 108.7 165.3 150.0 119.4 190.8  43.5  54.4 183.0  95.8 119.9  16.1  41.6 161.7   0.0 141.1 101.6 136.7 112.1 156.6 115.6 197.1 102.6  65.2  80.4  22.7  93.8 146.3  53.0 199.9  31.9 158.5 191.3 205.1  59.2  51.3   4.1 100.5 127.1
0.71 191.9 157.0  92.4 148.3 157.8 171.7  95.2 158.3  48.1 166.4  42.9  31.1 129.7 203.4 148.0  67.2  83.8 129.2 154.5 147.6  98.8  99.4  93.9 179.4  49.1  27.0 132.4 158.6  71.5 141.1   0.0 187.6  75.9 118.9  95.0 129.0 125.4  49.6 118.2 160.6 129.4  47.6  49.1  96.5 185.8 109.6  21.0 169.9 187.2 143.0 158.2 144.5  58.7 225.9
0.68   8.4  43.0  95.3  78.8  46.1  65.8 104.6  35.0 158.5  64.1 183.0 170.9  62.5  20.0 100.2 186.5 111.1 128.3  90.3  62.5 182.6 107.9 103.2 114.3 161.0 160.6 116.3  60.6 165.2 101.6 187.6   0.0 136.9  83.0 143.2  76.6 171.9 138.0 163.4  27.9  87.1 146.8 163.7 139.5 133.0 115.6 196.3 132.2 139.3  50.4  50.3 103.4 129.2  38.6
0.41 138.5  97.4  59.8  77.6 124.1 102.4  32.4 117.6  29.0 142.2  50.0  46.5  74.5 155.9 142.4  49.6  29.7  53.8  81.0  82.4  54.3  96.3  83.2 103.6  89.9  56.5 136.5 132.8  28.7 136.7  75.9 136.9   0.0  55.0  23.8  63.7  64.3  48.5 149.4 114.6 116.2  71.1  31.3 117.4 110.1 114.0  72.5  94.3 111.7 106.7 126.9 140.8  42.8 174.9
0.14  83.9  42.4  44.1  32.2  80.2  53.2  24.4  69.8  80.1 102.4 103.8  95.3  23.0 102.6 115.8 104.2  35.1  54.8  43.6  28.9 100.1  84.2  71.0  76.2 110.8  93.1 118.3  93.1  82.6 112.1 118.9  83.0  55.0   0.0  60.5  10.1  93.7  73.3 148.4  63.9  89.4  91.6  84.3 116.0  90.8 101.5 122.0  80.1  95.2  63.7  84.3 116.0  63.3 120.4
0.62 143.4 101.1  78.8  73.6 137.5  98.2  44.6 129.0  47.0 157.6  61.1  64.1  82.9 162.9 161.9  50.4  47.8  35.6  72.5  83.4  39.6 117.8 104.3  88.7 113.5  78.6 157.7 148.1  29.7 156.6  95.0 143.2  23.8  60.5   0.0  66.7  41.3  72.2 172.8 124.1 135.2  94.9  46.4 140.6  92.1 135.8  87.6  75.7  92.8 120.3 141.0 160.7  66.4 179.7
0.82  76.7  34.5  52.2  23.3  79.1  43.2  34.2  67.4  89.6 102.3 113.0 105.1  21.7  96.4 118.9 112.3  45.2  55.4  36.1  19.1 106.0  90.7  78.1  69.3 120.3 103.2 123.0  93.2  90.5 115.6 129.0  76.6  63.7  10.1  66.7   0.0  96.9  83.3 155.4  60.0  93.0 101.3  93.6 123.3  84.9 107.5 131.8  75.7  89.8  63.6  83.6 119.4  73.2 113.1
0.33 170.5 128.9 119.4  94.7 173.7 116.0  83.7 163.5  80.4 195.2  84.5  94.9 116.7 191.9 202.2  63.4  88.7  44.3  87.4 109.5  31.5 159.0 145.4  88.0 151.9 114.6 198.8 185.7  54.0 197.1 125.4 171.9  64.3  93.7  41.3  96.9   0.0 112.0 213.6 156.9 175.4 134.1  77.3 181.6  82.6 177.1 112.6  67.3  80.4 156.8 177.6 201.2 107.0 205.6
0.47 142.3 108.5  42.8 104.8 109.6 126.4  52.1 109.1  38.7 120.8  58.0  39.9  81.0 153.9 109.2  75.3  39.7  98.9 113.5 101.1  95.7  59.1  49.5 142.4  42.2  22.7  98.1 112.4  64.3 102.6  49.6 138.0  48.5  73.3  72.2  83.3 112.0   0.0 102.4 111.0  86.4  22.8  44.8  71.7 152.5  74.3  60.6 137.9 155.1  94.1 110.6 106.5  10.0 176.2
0.12 171.2 160.3 104.7 178.3 117.5 190.8 139.2 128.9 139.4 107.0 152.3 133.4 139.2 168.5  69.6 174.1 129.4 193.1 191.4 165.5 197.9  64.8  77.4 224.5  70.1 108.1  49.1 105.7 166.4  65.2 118.2 163.4 149.4 148.4 172.8 155.4 213.6 102.4   0.0 138.8  76.3  82.1 145.0  32.9 238.9  49.9 139.0 227.1 243.1 115.3 114.0  65.1 106.6 191.7
0.30  34.1  34.3  68.2  70.0  26.5  66.3  82.3  11.6 133.9  50.1 158.4 145.3  41.1  43.0  80.4 164.0  87.0 115.1  83.8  51.9 163.6  80.7  75.4 113.2 133.2 133.7  93.7  43.2 143.3  80.4 160.6  27.9 114.6  63.9 124.1  60.0 156.9 111.0 138.8   0.0  62.8 119.1 139.4 113.2 131.7  89.8 170.1 127.4 137.7  23.7  31.7  82.9 102.6  65.3
0.75  94.9  88.0  56.6 113.4  41.7 120.5  91.8  52.6 122.1  38.6 144.0 126.3  72.7  93.6  26.9 158.4  87.5 142.7 127.7  97.5 170.5  30.3  36.9 160.7  88.3 105.9  31.8  33.1 142.2  22.7 129.4  87.1 116.2  89.4 135.2  93.0 175.4  86.4  76.3  62.8   0.0  81.9 128.5  54.2 177.5  29.5 145.1 168.7 182.6  39.8  38.8  26.6  82.8 117.4
0.23 152.1 122.5  53.6 123.7 112.5 143.9  72.7 115.0  57.3 119.3  71.5  52.4  95.1 160.8 100.7  92.3  60.4 121.5 133.5 117.8 116.1  51.8  47.3 163.5  19.8  27.5  86.1 111.9  84.5  93.8  47.6 146.8  71.1  91.6  94.9 101.3 134.1  22.8  82.1 119.1  81.9   0.0  62.8  53.8 174.3  62.7  64.8 160.0 177.2  99.1 112.4  97.3  30.9 184.1
0.48 166.1 126.3  76.1 108.8 144.6 133.6  60.2 140.5   6.4 159.7  19.5  18.0 101.4 181.9 152.7  30.5  52.6  81.5 112.2 112.6  54.2 103.2  92.2 133.5  77.7  38.6 142.7 150.6  23.6 146.3  49.1 163.7  31.3  84.3  46.4  93.6  77.3  44.8 145.0 139.4 128.5  62.8   0.0 115.7 138.3 119.0  41.7 122.0 139.2 127.7 146.7 150.3  45.8 202.1
0.41 146.9 131.0  72.1 146.5  95.5 160.3 106.3 104.6 109.9  90.9 125.3 106.2 108.2 147.6  59.4 145.8  96.5 160.2 159.3 134.5 167.4  34.0  45.3 192.2  47.7  81.2  39.5  87.0 136.0  53.0  96.5 139.5 117.4 116.0 140.6 123.3 181.6  71.7  32.9 113.2  54.2  53.8 115.7   0.0 206.3  24.7 116.2 194.3 210.4  89.6  92.9  55.0  74.9 171.4
0.59 127.9  97.5 134.2  64.4 156.6  67.4 102.4 142.3 138.0 180.7 153.0 155.5 104.9 150.9 202.7 138.2 114.2  56.8  49.9  81.7 111.8 174.9 161.7  18.8 194.2 165.8 207.9 172.5 120.6 199.9 185.8 133.0 110.1  90.8  92.1  84.9  82.6 152.5 238.9 131.7 177.5 174.3 138.3 206.3   0.0 192.1 179.6  16.5   6.4 144.1 161.6 203.6 143.5 156.0
0.12 123.1 110.4  60.0 129.9  70.9 141.2  96.5  80.6 112.7  66.6 131.7 112.9  90.0 123.0  38.8 149.5  88.8 150.4 143.5 116.2 167.0  18.2  32.1 176.8  63.9  89.5  23.8  62.4 136.6  31.9 109.6 115.6 114.0 101.5 135.8 107.5 177.1  74.3  49.9  89.8  29.5  62.7 119.0  24.7 192.1   0.0 127.6 181.4 196.7  66.2  68.3  35.0  74.1 146.8
0.34 199.8 162.4 102.4 149.0 170.1 173.4  97.6 169.1  43.5 180.9  28.1  26.8 135.9 213.1 165.4  50.8  87.6 123.0 153.4 150.9  83.8 115.8 108.7 175.2  69.4  39.3 150.8 172.6  60.4 158.5  21.0 196.3  72.5 122.0  87.6 131.8 112.6  60.6 139.0 170.1 145.1  64.8  41.7 116.2 179.6 127.6   0.0 163.3 180.3 154.4 171.1 162.1  67.8 234.8
0.17 127.9  93.5 122.4  57.8 151.1  66.9  89.0 137.4 121.9 175.1 136.5 139.4  96.7 151.0 194.5 121.8 100.4  40.7  43.7  75.9  95.7 163.8 150.3  22.9 179.8 150.4 198.3 166.5 104.1 191.3 169.9 132.2  94.3  80.1  75.7  75.7  67.3 137.9 227.1 127.4 168.7 160.0 122.0 194.3  16.5 181.4 163.3   0.0  17.4 137.5 156.0 195.1 129.2 158.6
0.81 134.2 103.4 138.4  69.8 162.4  73.7 105.7 148.2 139.2 186.5 153.3 156.6 110.1 157.3 208.0 137.7 117.3  58.0  55.3  87.3 110.3 179.3 166.0  25.1 197.0 167.8 212.8 178.2 120.8 205.1 187.2 139.3 111.7  95.2  92.8  89.8  80.4 155.1 243.1 137.7 182.6 177.2 139.2 210.4   6.4 196.7 180.3  17.4   0.0 149.7 167.4 208.8 146.3 162.4
0.49  57.4  49.7  52.4  80.0  17.4  82.8  76.0  16.1 121.8  38.8 146.0 131.1  41.9  61.9  60.3 154.7  77.3 118.3  94.4  62.5 159.0  57.5  53.5 126.4 111.8 116.5  71.3  29.5 135.2  59.2 143.0  50.4 106.7  63.7 120.3  63.6 156.8  94.1 115.3  23.7  39.8  99.1 127.7  89.6 144.1  66.2 154.4 137.5 149.7   0.0  20.8  62.2  86.8  85.5
0.60  58.6  64.7  70.6  98.2   5.2  97.5  96.6  20.1 140.6  19.1 164.5 148.8  62.0  54.9  50.1 174.3  97.4 138.6 112.5  80.2 179.6  65.0  65.2 143.4 122.6 132.4  66.2  11.5 155.3  51.3 158.2  50.3 126.9  84.3 141.0  83.6 177.6 110.6 114.0  31.7  38.8 112.4 146.7  92.9 161.6  68.3 171.1 156.0 167.4  20.8   0.0  53.2 104.1  78.6
0.14 111.7 111.8  81.9 139.3  57.7 144.8 117.9  71.6 143.9  42.4 164.4 146.0  98.7 105.4   4.6 180.6 112.9 169.3 153.7 122.9 194.9  47.3  58.4 186.5  98.8 123.5  16.6  43.0 165.8   4.1 144.5 103.4 140.8 116.0 160.7 119.4 201.2 106.5  65.1  82.9  26.6  97.3 150.3  55.0 203.6  35.0 162.1 195.1 208.8  62.2  53.2   0.0 104.5 127.9
0.59 133.3  98.7  34.6  94.8 102.8 116.4  42.4 101.3  39.5 115.5  61.5  44.8  71.3 145.5 106.9  76.1  30.0  90.8 103.7  91.0  93.3  57.6  46.3 133.0  50.7  31.7  97.6 106.7  62.5 100.5  58.7 129.2  42.8  63.3  66.4  73.2 107.0  10.0 106.6 102.6  82.8  30.9  45.8  74.9 143.5  74.1  67.8 129.2 146.3  86.8 104.1 104.5   0.0 167.6
0.83  36.4  78.6 133.5 111.0  76.0  92.4 142.7  69.5 197.0  85.6 221.5 209.5 100.7  23.9 124.0 224.4 149.5 161.4 120.2  96.9 218.8 141.9 139.0 138.0 197.3 198.9 142.9  86.0 202.9 127.1 225.9  38.6 174.9 120.4 179.7 113.1 205.6 176.2 191.7  65.3 117.4 184.1 202.1 171.4 156.0 146.8 234.8 158.6 162.4  85.5  78.6 127.9 167.6   0.0
