48
9
0.50   0.0 137.3  36.8  99.5 166.4 145.6 103.6  62.9 104.7  40.0  63.2  93.0  88.2  41.5 155.3 124.2 122.8 121.5  34.9 102.4 129.9 139.3  33.0 130.8 140.8  46.6  70.9 135.3 127.9 137.2 123.6  20.4 165.5  16.5  68.4 129.4  95.4 125.3 160.5  46.1 153.7  95.7  42.4 148.6 156.5 178.6 121.4  81.0
0.59 137.3   0.0 142.0 144.4 177.2 166.9 161.5 194.8 195.1 147.3 165.0 100.4  49.8 153.3 118.5 204.4 118.4  53.0 138.4 193.0 237.5 208.4 124.5 204.4   4.3 180.7  77.2 237.4 137.2 225.5  21.1 154.2 146.1 152.4 186.8 111.1 115.7 224.5 206.4 101.5 242.5  45.2 144.8 184.0 192.1 184.3 216.7 161.3
0.41  36.8 142.0   0.0 135.1 201.4 181.0 140.2  87.1 140.5  76.7  99.3 122.5  92.9  11.3 183.9 160.4 154.0 139.6  71.7 138.2 161.5 175.9  67.5 167.3 146.0  70.7  91.7 168.1 161.3 172.3 133.1  29.7 197.2  33.4 100.3 159.0 127.6 159.0 197.3  72.7 188.3 107.6  79.2 185.0 193.0 213.5 156.0 117.8
0.56  99.5 144.4 135.1   0.0  67.2  46.2  17.7 105.9  59.0  64.7  56.2  44.0 117.4 140.9  78.8  61.9  43.9  96.4  65.6  57.7 104.7  64.1  67.6  60.4 145.2 103.7  76.6 100.9  35.7  83.7 123.3 116.5  75.4 111.2  81.1  55.9  29.0  87.9  68.6  71.2  99.7 103.9  60.7  51.3  59.8  79.5  79.1  34.1
0.57 166.4 177.2 201.4  67.2   0.0  21.2  68.7 167.8 102.2 131.5 119.3  89.3 166.4 207.7  65.9  90.0  60.4 124.1 132.7 102.4 140.1  76.4 134.0  81.3 176.4 168.4 129.6 131.6  44.1 106.9 157.0 183.7  40.1 178.4 140.8  66.1  77.7 121.7  47.9 133.3 115.6 147.5 127.7  31.1  31.6  12.4 113.4  95.2
0.14 145.6 166.9 181.0  46.2  21.2   0.0  47.8 147.0  83.7 110.4  98.3  73.2 151.3 187.0  65.6  73.9  48.5 114.2 111.7  83.6 124.2  63.3 113.5  66.4 166.6 147.3 112.8 116.6  29.8  92.9 146.1 162.7  46.2 157.4 120.2  57.3  60.0 105.7  43.0 114.1 103.9 133.6 106.6  20.1  26.3  33.6  97.0  74.2
0.78 103.6 161.5 140.2  17.7  68.7  47.8   0.0  99.2  42.9  65.4  50.6  61.5 132.4 144.8  93.2  44.1  59.8 114.1  68.7  41.8  88.2  47.3  74.2  43.0 162.4  99.7  91.5  83.7  48.0  65.9 140.5 118.6  85.6 113.3  72.6  72.0  46.6  70.9  57.8  82.4  82.0 120.1  62.1  45.5  53.0  81.0  62.0  26.5
0.44  62.9 194.8  87.1 105.9 167.8 147.0  99.2   0.0  74.2  51.4  49.7 124.3 147.6  83.4 180.8  94.8 144.9 168.0  58.6  72.8  78.1 113.4  71.3 104.2 197.7  16.7 120.3  86.7 141.4  98.4 178.4  57.6 181.3  54.9  27.6 155.1 118.6  80.9 144.1  94.1 111.4 150.4  55.2 141.4 147.1 179.9  81.1  73.1
0.79 104.7 195.1 140.5  59.0 102.2  83.7  42.9  74.2   0.0  65.7  41.7  98.9 158.9 141.7 136.0  20.9 102.5 151.9  73.6   2.4  45.7  39.2  85.2  30.0 196.7  81.6 119.7  42.8  90.6  33.4 174.8 113.3 126.5 108.5  47.3 114.6  85.6  29.7  70.7 102.3  50.8 151.1  64.8  72.4  76.4 113.4  21.6  33.9
0.22  40.0 147.3  76.7  64.7 131.5 110.4  65.4  51.4  65.7   0.0  24.2  73.6 103.2  80.0 132.6  84.5  97.2 116.9   9.3  63.4  96.9  99.3  23.5  90.8 149.9  42.8  70.8 100.4  97.5  98.9 129.5  53.3 137.1  48.0  39.6 106.4  69.8  89.1 121.2  46.0 115.8 102.2   4.3 110.9 118.4 143.9  84.0  41.3
0.63  63.2 165.0  99.3  56.2 119.3  98.3  50.6  49.7  41.7  24.2   0.0  79.7 123.7 101.3 132.3  61.1  96.2 128.8  32.6  39.4  74.4  76.9  45.6  68.1 167.2  49.2  87.7  76.9  91.7  74.7 146.0  73.3 131.6  68.2  26.3 107.0  71.3  65.3 101.9  65.8  91.6 119.8  23.9  94.9 101.6 131.6  59.9  24.1
0.88  93.0 100.4 122.5  44.0  89.3  73.2  61.5 124.3  98.9  73.6  79.7   0.0  78.2 131.1  62.2 105.2  32.4  53.1  68.7  97.1 143.9 108.0  61.5 104.4 101.2 116.3  40.3 141.7  45.2 126.8  79.3 113.2  75.4 108.6 105.7  36.6  15.4 128.6 108.0  49.8 143.3  61.6  69.5  86.9  95.5  99.8 120.1  66.9
0.14  88.2  49.8  92.9 117.4 166.4 151.3 132.4 147.6 158.9 103.2 123.7  78.2   0.0 104.2 121.6 171.8 106.5  58.2  94.0 156.7 198.0 179.4  79.8 173.8  53.5 132.8  40.9 199.5 122.6 191.4  40.9 104.5 144.6 102.9 142.8 104.1  92.4 187.1 185.0  57.9 208.8  22.0 101.5 164.7 173.3 176.0 180.1 125.3
0.55  41.5 153.3  11.3 140.9 207.7 187.0 144.8  83.4 141.7  80.0 101.3 131.1 104.2   0.0 192.9 162.1 162.1 150.3  76.1 139.6 159.6 178.2  73.9 169.4 157.3  67.6 101.8 166.8 168.5 172.7 144.3  28.5 205.2  33.3  99.4 167.6 135.3 158.5 201.2  81.5 188.2 118.6  83.0 190.0 197.8 219.9 156.0 121.3
0.82 155.3 118.5 183.9  78.8  65.9  65.6  93.2 180.8 136.0 132.6 132.3  62.2 121.6 192.9   0.0 132.8  36.1  67.8 129.2 135.0 180.8 126.4 123.4 127.4 116.9 175.2  95.1 175.2  45.6 153.8 100.4 175.4  28.3 170.7 158.3  26.3  62.8 162.9 108.3 111.4 167.0  99.9 128.4  85.7  91.2  69.5 153.9 112.4
0.66 124.2 204.4 160.4  61.9  90.0  73.9  44.1  94.8  20.9  84.5  61.1 105.2 171.8 162.1 132.8   0.0 102.3 158.1  91.7  22.9  50.3  18.9 102.2  10.0 205.6 102.6 131.5  42.9  87.4  21.8 183.6 133.8 119.3 128.8  68.1 114.4  90.6  31.8  52.4 117.0  38.1 161.8  83.0  58.9  61.0 100.1  23.4  47.4
0.26 122.8 118.4 154.0  43.9  60.4  48.5  59.8 144.9 102.5  97.2  96.2  32.4 106.5 162.1  36.1 102.3   0.0  65.7  94.4 101.3 148.0  99.3  90.1  98.4 118.1 139.6  71.7 143.4  19.0 123.9  97.7 142.4  43.3 137.6 122.3  12.2  27.8 130.7  89.4  81.7 138.6  87.2  93.0  66.4  74.1  69.6 121.7  76.8
0.38 121.5  53.0 139.6  96.4 124.1 114.2 114.1 168.0 151.9 116.9 128.8  53.1  58.2 150.3  67.8 158.1  65.7   0.0 109.4 150.1 196.6 159.7  97.6 156.8  52.5 156.8  50.5 194.8  84.6 179.8  33.1 141.4  94.2 138.0 153.6  58.1  67.5 181.6 154.6  76.5 196.1  36.4 113.4 131.8 139.7 131.4 173.2 119.3
0.32  34.9 138.4  71.7  65.6 132.7 111.7  68.7  58.6  73.6   9.3  32.6  68.7  94.0  76.1 129.2  91.7  94.4 109.4   0.0  71.2 106.0 105.6  14.2  97.4 141.1  48.1  62.3 109.3  96.5 106.9 120.9  51.0 135.5  45.7  48.8 102.9  66.7  97.9 125.6  36.9 124.0  93.4   8.8 113.8 121.7 145.0  92.5  46.5
0.88 102.4 193.0 138.2  57.7 102.4  83.6  41.8  72.8   2.4  63.4  39.4  97.1 156.7 139.6 135.0  22.9 101.3 150.1  71.2   0.0  47.1  40.9  82.9  31.6 194.6  79.8 117.5  44.7  89.7  35.8 172.8 111.2 126.0 106.3  45.6 113.4  84.0  31.6  71.8 100.0  53.1 149.0  62.4  72.8  77.0 113.6  23.7  31.8
0.87 129.9 237.5 161.5 104.7 140.1 124.2  88.2  78.1  45.7  96.9  74.4 143.9 198.0 159.6 180.8  50.3 148.0 196.6 106.0  47.1   0.0  64.9 119.7  58.8 239.4  92.3 160.8  11.4 135.2  35.6 217.8 131.9 169.1 128.1  61.6 160.1 131.1  18.5  99.0 140.1  39.3 192.7  97.6 109.0 110.3 149.9  27.3  77.3
0.61 139.3 208.4 175.9  64.1  76.4  63.3  47.3 113.4  39.2  99.3  76.9 108.0 179.4 178.2 126.4  18.9  99.3 159.7 105.6  40.9  64.9   0.0 114.7   9.2 209.2 120.6 138.6  55.6  82.4  30.5 187.3 150.2 109.5 145.1  86.5 111.0  92.8  47.0  34.5 127.2  40.7 167.4  97.2  45.6  45.7  85.4  39.9  59.4
0.60  33.0 124.5  67.5  67.6 134.0 113.5  74.2  71.3  85.2  23.5  45.6  61.5  79.8  73.9 123.4 102.2  90.1  97.6  14.2  82.9 119.7 114.7   0.0 107.1 127.2  59.2  49.0 122.5  94.9 118.7 107.3  52.3 132.5  47.5  63.0  97.2  62.6 110.8 131.9  23.0 136.0  79.6  22.1 118.0 126.2 146.1 105.0  55.4
0.48 130.8 204.4 167.3  60.4  81.3  66.4  43.0 104.2  30.0  90.8  68.1 104.4 173.8 169.4 127.4  10.0  98.4 156.8  97.4  31.6  58.8   9.2 107.1   0.0 205.4 111.4 133.2  50.4  82.5  26.6 183.5 141.3 112.3 136.3  77.2 110.4  89.4  40.5  42.4 120.5  40.2 162.7  89.0  50.2  51.7  91.1  32.6  51.7
0.59 140.8   4.3 146.0 145.2 176.4 166.6 162.4 197.7 196.7 149.9 167.2 101.2  53.5 157.3 116.9 205.6 118.1  52.5 141.1 194.6 239.4 209.2 127.2 205.4   0.0 183.8  79.5 239.1 137.0 226.8  22.0 157.8 144.7 156.0 189.3 110.5 116.5 226.1 206.5 104.2 243.7  47.7 147.3 183.9 191.9 183.3 218.3 162.9
0.38  46.6 180.7  70.7 103.7 168.4 147.3  99.7  16.7  81.6  42.8  49.2 116.3 132.8  67.6 175.2 102.6 139.6 156.8  48.1  79.8  92.3 120.6  59.2 111.4 183.8   0.0 107.9 100.1 138.3 109.1 165.0  41.0 178.3  38.3  34.8 149.1 112.4  92.9 149.2  81.3 123.3 136.9  47.0 143.9 150.3 180.7  91.8  73.3
0.55  70.9  77.2  91.7  76.6 129.6 112.8  91.5 120.3 119.7  70.8  87.7  40.3  40.9 101.8  95.1 131.5  71.7  50.5  62.3 117.5 160.8 138.6  49.0 133.2  79.5 107.9   0.0 161.3  85.5 151.5  58.8  90.9 113.5  87.5 109.9  72.7  52.9 148.6 144.6  26.5 168.9  32.1  68.0 124.9 133.6 140.0 141.2  85.8
0.47 135.3 237.4 168.1 100.9 131.6 116.6  83.7  86.7  42.8 100.4  76.9 141.7 199.5 166.8 175.2  42.9 143.4 194.8 109.3  44.7  11.4  55.6 122.5  50.4 239.1 100.1 161.3   0.0 129.6  25.4 217.3 138.8 162.1 134.7  67.7 155.6 128.3  13.1  89.1 142.0  27.9 193.0 100.7 100.5 101.3 141.0  21.8  76.2
0.23 127.9 137.2 161.3  35.7  44.1  29.8  48.0 141.4  90.6  97.5  91.7  45.2 122.6 168.5  45.6  87.4  19.0  84.6  96.5  89.7 135.2  82.4  94.9  82.5 137.0 138.3  85.5 129.6   0.0 108.7 116.4 146.6  40.0 141.5 116.8  29.2  34.4 117.3  70.5  90.8 122.5 104.3  93.3  47.4  55.1  54.7 108.3  69.7
0.30 137.2 225.5 172.3  83.7 106.9  92.9  65.9  98.4  33.4  98.9  74.7 126.8 191.4 172.7 153.8  21.8 123.9 179.8 106.9  35.8  35.6  30.5 118.7  26.6 226.8 109.1 151.5  25.4 108.7   0.0 204.8 144.2 138.9 139.6  74.4 136.0 112.3  19.8  63.7 135.4  17.5 182.3  98.1  75.9  76.1 115.9  17.3  66.0
0.60 123.6  21.1 133.1 123.3 157.0 146.1 140.5 178.4 174.8 129.5 146.0  79.3  40.9 144.3 100.4 183.6  97.7  33.1 120.9 172.8 217.8 187.3 107.3 183.5  22.0 165.0  58.8 217.3 116.4 204.8   0.0 141.8 127.3 139.4 168.6  91.0  94.6 204.3 185.3  84.3 221.7  28.1 126.8 163.0 171.1 164.5 196.4 141.1
0.37  20.4 154.2  29.7 116.5 183.7 162.7 118.6  57.6 113.3  53.3  73.3 113.2 104.5  28.5 175.4 133.8 142.4 141.4  51.0 111.2 131.9 150.2  52.3 141.3 157.8  41.0  90.9 138.8 146.6 144.2 141.8   0.0 184.8   5.3  71.1 149.4 114.9 130.2 174.1  66.5 159.8 114.2  56.6 164.1 171.7 196.0 127.6  94.2
0.15 165.5 146.1 197.2  75.4  40.1  46.2  85.6 181.3 126.5 137.1 131.6  75.4 144.6 205.2  28.3 119.3  43.3  94.2 135.5 126.0 169.1 109.5 132.5 112.3 144.7 178.3 113.5 162.1  40.0 138.9 127.3 184.8   0.0 179.8 156.4  41.0  70.1 150.7  86.1 124.9 150.1 123.7 132.9  65.2  69.0  41.6 141.9 109.1
0.72  16.5 152.4  33.4 111.2 178.4 157.4 113.3  54.9 108.5  48.0  68.2 108.6 102.9  33.3 170.7 128.8 137.6 138.0  45.7 106.3 128.1 145.1  47.5 136.3 156.0  38.3  87.5 134.7 141.5 139.6 139.4   5.3 179.8   0.0  67.0 144.6 109.9 125.8 168.9  62.5 155.3 111.7  51.3 158.8 166.4 190.7 123.1  89.0
0.85  68.4 186.8 100.3  81.1 140.8 120.2  72.6  27.6  47.3  39.6  26.3 105.7 142.8  99.4 158.3  68.1 122.3 153.6  48.8  45.6  61.6  86.5  63.0  77.2 189.3  34.8 109.9  67.7 116.8  74.4 168.6  71.1 156.4  67.0   0.0 133.2  97.6  59.1 116.5  85.6  89.2 141.5  42.0 113.9 119.5 152.8  57.3  47.3
0.17 129.4 111.1 159.0  55.9  66.1  57.3  72.0 155.1 114.6 106.4 107.0  36.6 104.1 167.6  26.3 114.4  12.2  58.1 102.9 113.4 160.1 111.0  97.2 110.4 110.5 149.1  72.7 155.6  29.2 136.0  91.0 149.4  41.0 144.6 133.2   0.0  36.6 142.9  99.4  86.3 150.6  83.6 102.2  76.2  83.4  73.8 133.9  88.4
0.74  95.4 115.7 127.6  29.0  77.7  60.0  46.6 118.6  85.6  69.8  71.3  15.4  92.4 135.3  62.8  90.6  27.8  67.5  66.7  84.0 131.1  92.8  62.6  89.4 116.5 112.4  52.9 128.3  34.4 112.3  94.6 114.9  70.1 109.9  97.6  36.6   0.0 115.2  93.0  56.4 128.6  76.7  65.6  72.3  81.0  88.8 106.5  55.2
0.58 125.3 224.5 159.0  87.9 121.7 105.7  70.9  80.9  29.7  89.1  65.3 128.6 187.1 158.5 162.9  31.8 130.7 181.6  97.9  31.6  18.5  47.0 110.8  40.5 226.1  92.9 148.6  13.1 117.3  19.8 204.3 130.2 150.7 125.8  59.1 142.9 115.2   0.0  81.4 129.7  30.5 180.2  89.1  90.6  92.1 131.5   9.0  63.2
0.50 160.5 206.4 197.3  68.6  47.9  43.0  57.8 144.1  70.7 121.2 101.9 108.0 185.0 201.2 108.3  52.4  89.4 154.6 125.6  71.8  99.0  34.5 131.9  42.4 206.5 149.2 144.6  89.1  70.5  63.7 185.3 174.1  86.1 168.9 116.5  99.4  93.0  81.4   0.0 139.3  69.3 169.7 118.3  23.2  17.2  54.3  74.4  79.9
0.13  46.1 101.5  72.7  71.2 133.3 114.1  82.4  94.1 102.3  46.0  65.8  49.8  57.9  81.5 111.4 117.0  81.7  76.5  36.9 100.0 140.1 127.2  23.0 120.5 104.2  81.3  26.5 142.0  90.8 135.4  84.3  66.5 124.9  62.5  85.6  86.3  56.4 129.7 139.3   0.0 152.9  56.5  43.8 122.4 131.0 144.8 123.1  69.7
0.75 153.7 242.5 188.3  99.7 115.6 103.9  82.0 111.4  50.8 115.8  91.6 143.3 208.8 188.2 167.0  38.1 138.6 196.1 124.0  53.1  39.3  40.7 136.0  40.2 243.7 123.3 168.9  27.9 122.5  17.5 221.7 159.8 150.1 155.3  89.2 150.6 128.6  30.5  69.3 152.9   0.0 199.6 115.2  85.4  84.0 123.3  32.3  83.5
0.59  95.7  45.2 107.6 103.9 147.5 133.6 120.1 150.4 151.1 102.2 119.8  61.6  22.0 118.6  99.9 161.8  87.2  36.4  93.4 149.0 192.7 167.4  79.6 162.7  47.7 136.9  32.1 193.0 104.3 182.3  28.1 114.2 123.7 111.7 141.5  83.6  76.7 180.2 169.7  56.5 199.6   0.0  99.6 148.4 156.9 156.6 172.6 117.2
0.50  42.4 144.8  79.2  60.7 127.7 106.6  62.1  55.2  64.8   4.3  23.9  69.5 101.5  83.0 128.4  83.0  93.0 113.4   8.8  62.4  97.6  97.2  22.1  89.0 147.3  47.0  68.0 100.7  93.3  98.1 126.8  56.6 132.9  51.3  42.0 102.2  65.6  89.1 118.3  43.8 115.2  99.6   0.0 107.5 115.1 140.1  83.7  38.6
0.61 148.6 184.0 185.0  51.3  31.1  20.1  45.5 141.4  72.4 110.9  94.9  86.9 164.7 190.0  85.7  58.9  66.4 131.8 113.8  72.8 109.0  45.6 118.0  50.2 183.9 143.9 124.9 100.5  47.4  75.9 163.0 164.1  65.2 158.8 113.9  76.2  72.3  90.6  23.2 122.4  85.4 148.4 107.5   0.0   8.7  41.2  82.3  71.2
0.31 156.5 192.1 193.0  59.8  31.6  26.3  53.0 147.1  76.4 118.4 101.6  95.5 173.3 197.8  91.2  61.0  74.1 139.7 121.7  77.0 110.3  45.7 126.2  51.7 191.9 150.3 133.6 101.3  55.1  76.1 171.1 171.7  69.0 166.4 119.5  83.4  81.0  92.1  17.2 131.0  84.0 156.9 115.1   8.7   0.0  39.8  84.3  78.2
0.26 178.6 184.3 213.5  79.5  12.4  33.6  81.0 179.9 113.4 143.9 131.6  99.8 176.0 219.9  69.5 100.1  69.6 131.4 145.0 113.6 149.9  85.4 146.1  91.1 183.3 180.7 140.0 141.0  54.7 115.9 164.5 196.0  41.6 190.7 152.8  73.8  88.8 131.5  54.3 144.8 123.3 156.6 140.1  41.2  39.8   0.0 123.4 107.4
0.46 121.4 216.7 156.0  79.1 113.4  97.0  62.0  81.1  21.6  84.0  59.9 120.1 180.1 156.0 153.9  23.4 121.7 173.2  92.5  23.7  27.3  39.9 105.0  32.6 218.3  91.8 141.2  21.8 108.3  17.3 196.4 127.6 141.9 123.1  57.3 133.9 106.5   9.0  74.4 123.1  32.3 172.6  83.7  82.3  84.3 123.4   0.0  55.5
0.57  81.0 161.3 117.8  34.1  95.2  74.2  26.5  73.1  33.9  41.3  24.1  66.9 125.3 121.3 112.4  47.4  76.8 119.3  46.5  31.8  77.3  59.4  55.4  51.7 162.9  73.3  85.8  76.2  69.7  66.0 141.1  94.2 109.1  89.0  47.3  88.4  55.2  63.2  79.9  69.7  83.5 117.2  38.6  71.2  78.2 107.4  55.5   0.0
