34
6
0.78   0.0 138.7  38.4 154.1  64.7 113.8 163.5 196.9  92.2  91.3 150.4  33.2 176.5 110.9 170.1 121.1 178.1 120.6  64.6 139.3  34.1  66.8 123.9 206.3 150.8  86.9 151.6 192.1 104.3 186.9 172.3 170.8 183.8 107.6
0.30 138.7   0.0 146.0  60.9 118.0  28.2  94.9  58.3 187.7  80.5  88.8 130.8  55.3  29.1 105.6 106.4  56.3  76.8 112.5  62.0 106.8 115.1  15.6 129.7  31.6  67.2  13.4  56.9  89.5 125.2  51.9  42.9 135.4  81.0
0.89  38.4 146.0   0.0 145.5  40.0 125.9 146.8 203.4  55.7 118.5 134.0  15.6 191.9 121.9 151.4  98.1 174.6 146.8  98.9 161.4  44.3  43.3 130.4 187.1 150.2 109.2 159.4 193.5 133.7 165.6 169.0 170.2 159.6  92.9
0.33 154.1  60.9 145.5   0.0 107.5  78.2  34.9  84.4 170.7 129.2  32.6 133.3 109.9  75.2  45.4  66.7  34.5 133.9 152.4 122.5 120.1 104.0  58.6  69.8  31.2 112.3  65.5  61.9 142.3  64.4  30.4  39.4  75.7  54.2
0.36  64.7 118.0  40.0 107.5   0.0 103.6 106.8 172.7  69.7 113.5  94.0  32.8 169.2  98.8 111.4  58.6 138.4 138.4 106.7 147.1  44.2   3.5 102.6 147.2 116.2  99.5 131.2 159.7 130.4 126.0 132.9 135.7 120.9  53.8
0.43 113.8  28.2 125.9  78.2 103.6   0.0 108.7  84.2 172.4  53.5  99.8 110.4  66.2   5.1 119.3 106.6  82.3  56.0  84.3  50.0  83.9 101.1  20.1 147.9  54.6  39.2  39.2  85.1  64.6 139.6  77.3  69.9 147.3  79.1
0.24 163.5  94.9 146.8  34.9 106.8 108.7   0.0 116.5 160.4 156.2  13.1 137.3 144.8 104.9  10.7  52.1  63.1 164.6 174.3 155.5 131.3 103.5  90.3  43.7  66.1 138.5 100.3  91.8 170.7  31.0  61.0  72.0  40.9  56.0
0.48 196.9  58.3 203.4  84.4 172.7  84.2 116.5   0.0 241.7 130.0 116.9 188.4  49.9  86.4 125.5 148.0  53.9 115.6 165.5  91.9 165.1 169.5  73.5 134.9  59.3 120.6  45.4  26.7 133.8 140.6  55.5  45.0 155.2 127.6
0.26  92.2 187.7  55.7 170.7  69.7 172.4 160.4 241.7   0.0 172.9 149.5  68.9 238.4 167.7 161.4 108.4 203.9 200.5 154.6 213.0  97.6  72.7 172.3 193.3 184.1 162.0 200.9 227.2 188.6 169.9 198.7 202.9 159.0 117.2
0.37  91.3  80.5 118.5 129.2 113.5  53.5 156.2 130.0 172.9   0.0 145.5 104.0  94.7  55.1 166.3 140.3 135.7  29.2  37.3  50.3  75.2 112.5  73.2 197.8 108.0  17.8  88.7 136.3  17.1 186.6 130.8 123.2 191.7 113.9
0.66 150.4  88.8 134.0  32.6  94.0  99.8  13.1 116.9 149.5 145.5   0.0 124.3 140.9  95.7  21.2  41.1  65.2 155.4 162.2 147.9 118.2  90.7  82.4  56.6  62.4 127.7  95.7  93.6 160.4  41.3  62.1  71.9  47.5  42.8
0.70  33.2 130.8  15.6 133.3  32.8 110.4 137.3 188.4  68.9 104.0 124.3   0.0 176.3 106.3 142.7  91.1 161.3 132.1  87.1 146.1  29.1  35.5 115.2 178.8 136.1  94.1 144.2 179.2 119.7 158.2 155.6 156.2 153.6  82.1
0.38 176.5  55.3 191.9 109.9 169.2  66.2 144.8  49.9 238.4  94.7 140.9 176.3   0.0  70.7 155.2 161.7  90.4  73.3 132.0  47.7 149.0 166.5  68.5 172.9  78.8  91.1  45.4  71.2  93.5 173.3  89.0  76.8 185.6 136.2
0.30 110.9  29.1 121.9  75.2  98.8   5.1 104.9  86.4 167.7  55.1  95.7 106.3  70.7   0.0 115.4 101.6  81.2  59.8  84.3  54.9  80.3  96.3  18.3 144.7  53.0  39.7  41.0  85.7  67.2 135.8  76.0  69.3 143.1  74.1
0.20 170.1 105.6 151.4  45.4 111.4 119.3  10.7 125.5 161.4 166.3  21.2 142.7 155.2 115.4   0.0  54.4  71.7 175.2 183.5 166.2 138.5 108.2 101.0  36.3  76.6 148.6 110.9 100.3 180.9  20.4  70.1  81.5  30.5  62.8
0.40 121.1 106.4  98.1  66.7  58.6 106.6  52.1 148.0 108.4 140.3  41.1  91.1 161.7 101.6  54.4   0.0 101.2 157.4 147.6 156.5  92.9  55.7  94.8  89.3  89.1 122.9 116.9 127.9 157.0  67.5  96.8 104.2  62.7  27.6
0.81 178.1  56.3 174.6  34.5 138.4  82.3  63.1  53.9 203.9 135.7  65.2 161.3  90.4  81.2  71.7 101.2   0.0 132.8 164.9 115.7 144.0 135.0  63.0  82.9  28.7 120.9  53.3  28.7 145.7  86.8   5.8  14.3 101.3  86.7
0.50 120.6  76.8 146.8 133.9 138.4  56.0 164.6 115.6 200.5  29.2 155.4 132.1  73.3  59.8 175.2 157.4 132.8   0.0  63.5  25.6 103.0 137.0  75.2 203.7 107.7  39.0  80.8 127.2  20.8 195.6 128.6 119.0 202.8 130.0
0.64  64.6 112.5  98.9 152.4 106.7  84.3 174.3 165.5 154.6  37.3 162.2  87.1 132.0  84.3 183.5 147.6 164.9  63.5   0.0  87.1  62.7 106.8 102.2 217.6 136.3  45.4 122.5 169.3  43.8 203.2 159.5 153.6 205.4 124.3
0.27 139.3  62.0 161.4 122.5 147.1  50.0 155.5  91.9 213.0  50.3 147.9 146.1  47.7  54.9 166.2 156.5 115.7  25.6  87.1   0.0 117.1 145.2  65.5 191.6  93.5  52.7  62.4 106.1  46.2 186.2 112.2 101.4 195.3 129.0
0.69  34.1 106.8  44.3 120.1  44.2  83.9 131.3 165.1  97.6  75.2 118.2  29.1 149.0  80.3 138.5  92.9 144.0 103.0  62.7 117.1   0.0  44.7  91.6 174.6 117.0  65.0 120.0 158.7  91.2 156.3 138.2 137.0 154.8  75.7
0.25  66.8 115.1  43.3 104.0   3.5 101.1 103.5 169.5  72.7 112.5  90.7  35.5 166.5  96.3 108.2  55.7 135.0 137.0 106.8 145.2  44.7   0.0  99.7 144.1 112.8  98.1 128.2 156.3 129.5 123.0 129.5 132.3 118.1  50.3
0.89 123.9  15.6 130.4  58.6 102.6  20.1  90.3  73.5 172.3  73.2  82.4 115.2  68.5  18.3 101.0  94.8  63.0  75.2 102.2  65.5  91.6  99.7   0.0 128.4  34.8  57.9  29.1  69.3  84.7 121.2  57.8  51.4 129.8  68.3
0.88 206.3 129.7 187.1  69.8 147.2 147.9  43.7 134.9 193.3 197.8  56.6 178.8 172.9 144.7  36.3  89.3  82.9 203.7 217.6 191.6 174.6 144.1 128.4   0.0  98.3 180.5 131.9 108.2 211.6  23.6  83.9  96.1  37.9  99.0
0.59 150.8  31.6 150.2  31.2 116.2  54.6  66.1  59.3 184.1 108.0  62.4 136.1  78.8  53.0  76.6  89.1  28.7 107.7 136.3  93.5 117.0 112.8  34.8  98.3   0.0  92.7  34.4  43.5 118.9  95.4  23.2  20.1 106.9  68.5
0.23  86.9  67.2 109.2 112.3  99.5  39.2 138.5 120.6 162.0  17.8 127.7  94.1  91.1  39.7 148.6 122.9 120.9  39.0  45.4  52.7  65.0  98.1  57.9 180.5  92.7   0.0  77.0 124.0  34.0 168.9 115.7 108.9 173.9  96.2
0.79 151.6  13.4 159.4  65.5 131.2  39.2 100.3  45.4 200.9  88.7  95.7 144.2  45.4  41.0 110.9 116.9  53.3  80.8 122.5  62.4 120.0 128.2  29.1 131.9  34.4  77.0   0.0  47.6  95.8 129.7  50.0  39.0 141.2  92.5
0.80 192.1  56.9 193.5  61.9 159.7  85.1  91.8  26.7 227.2 136.3  93.6 179.2  71.2  85.7 100.3 127.9  28.7 127.2 169.3 106.1 158.7 156.3  69.3 108.2  43.5 124.0  47.6   0.0 143.1 114.5  31.6  24.3 129.5 110.6
0.53 104.3  89.5 133.7 142.3 130.4  64.6 170.7 133.8 188.6  17.1 160.4 119.7  93.5  67.2 180.9 157.0 145.7  20.8  43.8  46.2  91.2 129.5  84.7 211.6 118.9  34.0  95.8 143.1   0.0 201.4 141.0 132.4 207.1 130.2
0.79 186.9 125.2 165.6  64.4 126.0 139.6  31.0 140.6 169.9 186.6  41.3 158.2 173.3 135.8  20.4  67.5  86.8 195.6 203.2 186.2 156.3 123.0 121.2  23.6  95.4 168.9 129.7 114.5 201.4   0.0  86.1  98.1  16.8  80.9
0.28 172.3  51.9 169.0  30.4 132.9  77.3  61.0  55.5 198.7 130.8  62.1 155.6  89.0  76.0  70.1  96.8   5.8 128.6 159.5 112.2 138.2 129.5  57.8  83.9  23.2 115.7  50.0  31.6 141.0  86.1   0.0  12.2 100.1  81.5
0.82 170.8  42.9 170.2  39.4 135.7  69.9  72.0  45.0 202.9 123.2  71.9 156.2  76.8  69.3  81.5 104.2  14.3 119.0 153.6 101.4 137.0 132.3  51.4  96.1  20.1 108.9  39.0  24.3 132.4  98.1  12.2   0.0 111.7  86.3
0.73 183.8 135.4 159.6  75.7 120.9 147.3  40.9 155.2 159.0 191.7  47.5 153.6 185.6 143.1  30.5  62.7 101.3 202.8 205.4 195.3 154.8 118.1 129.8  37.9 106.9 173.9 141.2 129.5 207.1  16.8 100.1 111.7   0.0  81.3
0.34 107.6  81.0  92.9  54.2  53.8  79.1  56.0 127.6 117.2 113.9  42.8  82.1 136.2  74.1  62.8  27.6  86.7 130.0 124.3 129.0  75.7  50.3  68.3  99.0  68.5  96.2  92.5 110.6 130.2  80.9  81.5  86.3  81.3   0.0
