38
7
0.57   0.0  91.0  18.7  38.7  99.3  74.3  74.1  89.5  98.1  33.8  90.5  41.7  75.4 158.6  53.3  80.9 128.0 112.3  88.5  99.9  21.4 134.9 105.5  34.4  68.7  48.5  80.4 162.8  72.0 104.5  45.6 121.7  51.4  93.1 144.8 117.7  66.0  54.3
0.72  91.0   0.0  77.3  73.4  15.9 103.1  93.6  21.6  32.0  59.7  93.4  91.7  79.7 118.4  49.5 106.2  38.2  87.0  94.2  38.2 103.0  54.3  18.4  68.5  42.1  43.6  61.5  73.0  92.0  88.6 120.2  95.3  97.0  15.9  54.4  44.8 134.8  74.9
0.68  18.7  77.3   0.0  42.9  83.7  83.9  58.5  73.0  89.5  28.3  95.7  29.6  57.9 158.5  35.2  90.3 115.1 113.2  94.2  82.1  39.3 125.1  90.2  15.7  50.7  33.7  79.4 147.4  56.4  86.6  46.5 122.9  62.7  81.9 129.9 100.1  83.4  58.6
0.10  38.7  73.4  42.9   0.0  86.4  42.5  99.0  81.2  68.6  21.3  52.9  72.6  94.6 120.1  59.0  48.5 105.1  73.7  51.3  96.6  36.3 105.5  91.1  52.5  71.2  44.5  42.9 145.8  96.8 120.3  84.0  83.0  25.9  69.1 126.9 111.6  61.5  15.9
0.34  99.3  15.9  83.7  86.4   0.0 118.3  89.4  13.3  46.4  70.5 109.3  93.3  74.4 131.8  51.6 121.6  38.7 102.4 110.0  24.8 113.4  61.1   6.9  72.5  39.9  50.7  77.4  63.7  88.0  78.4 123.4 110.5 110.9  30.8  46.4  28.9 147.8  89.4
0.71  74.3 103.1  83.9  42.5 118.3   0.0 141.3 116.4  85.4  63.5  26.3 113.2 137.1 100.1 100.8   6.6 125.9  57.3  23.5 133.4  60.2 116.8 121.5  94.9 111.6  85.2  46.9 170.1 139.1 162.4 118.7  63.5  23.3  93.2 151.3 146.1  49.8  30.7
0.54  74.1  93.6  58.5  99.0  89.4 141.3   0.0  76.2 120.0  79.4 149.4  33.7  15.6 202.3  49.1 147.5 128.0 160.6 148.3  71.6  95.3 147.8  95.8  46.5  51.5  64.7 126.4 143.8   2.2  38.0  57.9 170.4 121.0 106.3 130.9  87.8 139.9 113.5
0.54  89.5  21.6  73.0  81.2  13.3 116.4  76.2   0.0  53.4  63.3 110.4  80.6  61.3 140.0  39.4 120.4  51.9 107.2 110.8  17.9 105.1  73.1  20.0  60.7  26.8  41.3  79.1  75.0  74.8  67.4 111.0 115.9 106.5  37.4  58.6  30.4 141.9  86.5
0.39  98.1  32.0  89.5  68.6  46.4  85.4 120.0  53.4   0.0  64.2  69.4 111.0 107.4  86.6  71.8  86.8  40.5  56.7  70.8  70.2 103.9  37.1  45.7  85.8  69.5  59.5  38.9  85.0 118.1 119.7 135.7  64.3  86.4  16.1  66.6  74.4 126.0  63.2
0.25  33.8  59.7  28.3  21.3  70.5  63.5  79.4  63.3  64.2   0.0  70.1  56.3  73.8 130.3  37.7  69.2  95.3  85.2  69.0  77.3  43.3 101.0  76.1  33.3  50.3  23.8  51.2 132.7  77.2  99.1  74.2  95.0  46.8  59.8 114.1  93.4  79.0  34.2
0.51  90.5  93.4  95.7  52.9 109.3  26.3 149.4 110.4  69.4  70.1   0.0 125.2 142.6  74.4 103.9  23.1 109.2  31.2   2.8 128.1  80.8  96.1 111.1 103.4 111.8  87.4  31.9 154.0 147.2 164.9 136.0  37.3  44.9  80.6 135.8 138.1  76.1  37.1
0.16  41.7  91.7  29.6  72.6  93.3 113.2  33.7  80.6 111.0  56.3 125.2   0.0  39.7 186.0  42.3 119.7 129.5 141.4 123.7  83.5  62.4 144.2 100.2  25.4  54.0  51.5 107.2 154.8  31.9  68.8  31.3 151.2  91.5 100.4 139.1 101.8 106.8  88.2
0.44  75.4  79.7  57.9  94.6  74.4 137.1  15.6  61.3 107.4  73.8 142.6  39.7   0.0 191.4  39.2 143.0 113.1 151.1 141.8  56.0  96.7 133.7  80.7  43.4  38.0  55.7 117.4 128.2  14.9  29.5  68.4 160.8 118.3  93.1 115.4  72.2 141.2 107.9
0.66 158.6 118.4 158.5 120.1 131.8 100.1 202.3 140.0  86.6 130.3  74.4 186.0 191.4   0.0 153.2  95.5 108.2  46.5  77.1 156.3 153.1  82.1 129.5 161.2 154.4 137.9  79.2 145.8 200.3 206.1 203.3  37.7 118.8 102.6 132.8 157.8 149.3 105.1
0.20  53.3  49.5  35.2  59.0  51.6 100.8  49.1  39.4  71.8  37.7 103.9  42.3  39.2 153.2   0.0 106.2  87.2 112.0 103.3  46.9  71.9 102.8  58.4  21.5  15.5  16.6  78.2 114.4  47.1  61.7  71.9 121.8  84.4  59.4  97.8  65.0 113.6  70.6
0.88  80.9 106.2  90.3  48.5 121.6   6.6 147.5 120.4  86.8  69.2  23.1 119.7 143.0  95.5 106.2   0.0 127.3  54.2  20.4 137.6  66.8 116.9 124.5 101.0 116.7  90.5  48.0 171.8 145.3 168.0 125.3  59.6  29.9  95.6 153.2 149.7  53.7  35.7
0.83 128.0  38.2 115.1 105.1  38.7 125.9 128.0  51.9  40.5  95.3 109.2 129.5 113.1 108.2  87.2 127.3   0.0  91.7 110.8  60.7 138.0  27.4  32.5 106.6  77.7  81.6  79.3  44.8 126.6 115.2 158.4  97.2 125.5  36.1  27.1  54.2 164.9 102.2
0.67 112.3  87.0 113.2  73.7 102.4  57.3 160.6 107.2  56.7  85.2  31.2 141.4 151.1  46.5 112.0  54.2  91.7   0.0  33.9 124.8 106.7  72.9 102.3 117.3 116.0  95.9  34.4 135.6 158.5 169.4 157.3   9.8  73.5  71.6 118.8 130.9 107.1  58.6
0.64  88.5  94.2  94.2  51.3 110.0  23.5 148.3 110.8  70.8  69.0   2.8 123.7 141.8  77.1 103.3  20.4 110.8  33.9   0.0 128.5  78.5  98.2 112.0 102.2 111.5  86.8  32.9 155.6 146.2 164.5 134.1  40.1  42.4  81.7 137.4 138.7  73.3  35.6
0.42  99.9  38.2  82.1  96.6  24.8 133.4  71.6  17.9  70.2  77.3 128.1  83.5  56.0 156.3  46.9 137.6  60.7 124.8 128.5   0.0 117.3  85.1  28.9  68.0  31.6  54.0  96.9  72.6  70.7  54.6 114.8 133.3 122.3  54.1  59.3  18.4 156.3 103.1
0.69  21.4 103.0  39.3  36.3 113.4  60.2  95.3 105.1 103.9  43.3  80.8  62.4  96.7 153.1  71.9  66.8 138.0 106.7  78.5 117.3   0.0 141.0 119.2  54.9  87.1  63.9  78.6 175.9  93.3 125.7  59.6 115.4  37.1 102.0 157.4 134.5  44.6  48.7
0.73 134.9  54.3 125.1 105.5  61.1 116.8 147.8  73.1  37.1 101.0  96.1 144.2 133.7  82.1 102.8 116.9  27.4  72.9  98.2  85.1 141.0   0.0  56.2 119.6  96.4  93.3  70.6  64.8 146.2 139.5 170.7  76.5 121.5  43.8  50.8  81.0 161.0  98.6
0.16 105.5  18.4  90.2  91.1   6.9 121.5  95.8  20.0  45.7  76.1 111.1 100.2  80.7 129.5  58.4 124.5  32.5 102.3 112.0  28.9 119.2  56.2   0.0  79.2  46.7  57.0  79.1  57.3  94.5  83.4 130.3 110.0 115.1  31.0  39.7  28.8 152.6  93.2
0.39  34.4  68.5  15.7  52.5  72.5  94.9  46.5  60.7  85.8  33.3 103.4  25.4  43.4 161.2  21.5 101.0 106.6 117.3 102.2  68.0  54.9 119.6  79.2   0.0  36.4  26.4  82.9 135.7  44.3  71.4  51.7 127.1  75.1  75.8 118.9  86.3  98.7  67.1
0.26  68.7  42.1  50.7  71.2  39.9 111.6  51.5  26.8  69.5  50.3 111.8  54.0  38.0 154.4  15.5 116.7  77.7 116.0 111.5  31.6  87.1  96.4  46.7  36.4   0.0  26.7  83.6 100.9  49.9  53.6  84.8 125.4  97.0  55.1  85.2  49.9 128.0  81.0
0.61  48.5  43.6  33.7  44.5  50.7  85.2  64.7  41.3  59.5  23.8  87.4  51.5  55.7 137.9  16.6  90.5  81.6  95.9  86.8  54.0  63.9  93.3  57.0  26.4  26.7   0.0  61.9 114.3  62.7  77.9  77.5 105.7  70.3  49.5  96.5  70.7 102.5  54.7
0.89  80.4  61.5  79.4  42.9  77.4  46.9 126.4  79.1  38.9  51.2  31.9 107.2 117.4  79.2  78.2  48.0  79.3  34.4  32.9  96.9  78.6  70.6  79.1  82.9  83.6  61.9   0.0 123.8 124.2 137.2 124.4  44.3  52.0  48.8 105.3 106.2  90.9  30.6
0.87 162.8  73.0 147.4 145.8  63.7 170.1 143.8  75.0  85.0 132.7 154.0 154.8 128.2 145.8 114.4 171.8  44.8 135.6 155.6  72.6 175.9  64.8  57.3 135.7 100.9 114.3 123.8   0.0 143.0 119.6 185.7 140.4 168.0  77.7  19.0  56.1 206.8 145.0
0.38  72.0  92.0  56.4  96.8  88.0 139.1   2.2  74.8 118.1  77.2 147.2  31.9  14.9 200.3  47.1 145.3 126.6 158.5 146.2  70.7  93.3 146.2  94.5  44.3  49.9  62.7 124.2 143.0   0.0  38.9  56.9 168.3 118.9 104.5 129.9  87.1 137.9 111.3
0.50 104.5  88.6  86.6 120.3  78.4 162.4  38.0  67.4 119.7  99.1 164.9  68.8  29.5 206.1  61.7 168.0 115.2 169.4 164.5  54.6 125.7 139.5  83.4  71.4  53.6  77.9 137.2 119.6  38.9   0.0  95.8 178.7 145.0 104.0 110.5  65.0 170.0 132.3
0.79  45.6 120.2  46.5  84.0 123.4 118.7  57.9 111.0 135.7  74.2 136.0  31.3  68.4 203.3  71.9 125.3 158.4 157.3 134.1 114.8  59.6 170.7 130.3  51.7  84.8  77.5 124.4 185.7  56.9  95.8   0.0 166.8  95.5 127.0 169.6 133.1  98.5  99.7
0.74 121.7  95.3 122.9  83.0 110.5  63.5 170.4 115.9  64.3  95.0  37.3 151.2 160.8  37.7 121.8  59.6  97.2   9.8  40.1 133.3 115.4  76.5 110.0 127.1 125.4 105.7  44.3 140.4 168.3 178.7 166.8   0.0  81.2  79.7 124.2 138.7 113.2  67.7
0.84  51.4  97.0  62.7  25.9 110.9  23.3 121.0 106.5  86.4  46.8  44.9  91.5 118.3 118.8  84.4  29.9 125.5  73.5  42.4 122.3  37.1 121.5 115.1  75.1  97.0  70.3  52.0 168.0 118.9 145.0  95.5  81.2   0.0  90.3 149.0 136.9  39.6  23.3
0.19  93.1  15.9  81.9  69.1  30.8  93.2 106.3  37.4  16.1  59.8  80.6 100.4  93.1 102.6  59.4  95.6  36.1  71.6  81.7  54.1 102.0  43.8  31.0  75.8  55.1  49.5  48.8  77.7 104.5 104.0 127.0  79.7  90.3   0.0  58.8  59.3 129.4  67.3
0.22 144.8  54.4 129.9 126.9  46.4 151.3 130.9  58.6  66.6 114.1 135.8 139.1 115.4 132.8  97.8 153.2  27.1 118.8 137.4  59.3 157.4  50.8  39.7 118.9  85.2  96.5 105.3  19.0 129.9 110.5 169.6 124.2 149.0  58.8   0.0  45.5 187.9 126.0
0.17 117.7  44.8 100.1 111.6  28.9 146.1  87.8  30.4  74.4  93.4 138.1 101.8  72.2 157.8  65.0 149.7  54.2 130.9 138.7  18.4 134.5  81.0  28.8  86.3  49.9  70.7 106.2  56.1  87.1  65.0 133.1 138.7 136.9  59.3  45.5   0.0 172.2 116.5
0.17  66.0 134.8  83.4  61.5 147.8  49.8 139.9 141.9 126.0  79.0  76.1 106.8 141.2 149.3 113.6  53.7 164.9 107.1  73.3 156.3  44.6 161.0 152.6  98.7 128.0 102.5  90.9 206.8 137.9 170.0  98.5 113.2  39.6 129.4 187.9 172.2   0.0  62.9
0.17  54.3  74.9  58.6  15.9  89.4  30.7 113.5  86.5  63.2  34.2  37.1  88.2 107.9 105.1  70.6  35.7 102.2  58.6  35.6 103.1  48.7  98.6  93.2  67.1  81.0  54.7  30.6 145.0 111.3 132.3  99.7  67.7  23.3  67.3 126.0 116.5  62.9   0.0
