38
7
0.41   0.0  95.6 129.6 182.9  71.5 116.5  12.4 153.2  87.3 131.8 103.8 133.7  65.0 132.6  61.6  80.8  48.7  72.7 115.0  82.0 157.1 102.5  68.9 126.5  84.7 119.4 171.8 145.2 162.6 162.3 170.8 198.0  83.8   9.9 141.7  62.0 141.6  45.2
0.65  95.6   0.0  67.7 108.9 116.9  64.3 107.8  76.0  20.6  63.3  50.0 123.9 107.3  75.2 140.3  56.5  47.5  82.6  45.6  59.8  61.9  83.8  47.7  83.4  79.0  47.3  88.4  66.1  67.6  79.1  88.6 110.5  12.2  96.1  50.8 124.2  62.4 127.5
0.75 129.6  67.7   0.0 160.8 175.0  14.5 139.0 130.5  54.5   8.8  26.0 191.6 101.8   8.1 147.6 122.5  94.9  72.0 110.4 126.0  72.4  47.3  60.8 150.1  58.9 110.7 134.5  26.9  92.9 127.4 136.0 147.1  69.1 134.8  48.7 124.5 118.2 141.1
0.22 182.9 108.9 160.8   0.0 158.5 164.3 194.8  32.9 129.4 152.9 153.7 104.7 213.9 168.8 239.6 103.4 139.3 191.3  69.5 103.1  96.6 190.8 156.1  65.7 187.8  65.7  28.1 142.5  75.2  33.5  25.8  39.7 118.4 178.4 115.1 228.0  46.5 224.5
0.21  71.5 116.9 175.0 158.5   0.0 165.1  75.4 137.7 121.6 173.9 149.8  74.9 135.8 180.5 127.8  66.7  80.5 137.3 106.5  64.6 173.6 162.5 118.9  92.9 146.4 110.8 158.7 181.5 169.8 150.7 156.6 186.3 109.5  61.6 167.4 133.0 130.9 112.0
0.14 116.5  64.3  14.5 164.3 165.1   0.0 125.5 133.0  47.8  21.1  15.7 186.8  87.4  16.1 133.1 116.3  84.7  57.5 109.0 119.8  81.2  34.2  48.3 147.7  44.5 110.0 139.1  39.7 100.3 131.4 140.3 153.9  63.1 122.2  57.1 110.0 120.1 126.7
0.38  12.4 107.8 139.0 194.8  75.4 125.5   0.0 165.3  98.8 141.7 113.6 141.7  65.6 141.6  53.4  92.2  61.0  78.1 127.1  93.2 169.1 108.9  78.8 137.4  91.0 131.5 184.0 155.7 174.9 174.6 183.0 210.3  95.8  17.3 153.3  58.2 153.8  37.1
0.11 153.2  76.0 130.5  32.9 137.7 133.0 165.3   0.0  96.6 123.0 121.7  98.0 181.3 138.7 208.3  76.3 107.9 158.4  38.4  76.8  72.6 158.4 123.2  50.2 155.0  34.1  21.0 114.6  54.0  14.2  19.0  48.6  85.5 149.5  87.3 195.9  13.6 193.6
0.88  87.3  20.6  54.5 129.4 121.6  47.8  98.8  96.6   0.0  52.5  32.3 139.1  88.8  61.1 125.0  68.6  43.6  62.7  65.6  72.0  71.9  63.5  28.7 101.8  58.5  67.7 108.1  60.8  82.4  99.1 108.5 129.1  15.4  89.9  54.5 107.1  83.0 113.5
0.62 131.8  63.3   8.8 152.9 173.9  21.1 141.7 123.0  52.5   0.0  28.3 187.2 108.0  16.3 153.2 119.1  94.5  77.9 104.5 122.6  63.6  55.0  63.0 144.5  65.4 104.5 126.3  18.7  84.2 119.4 127.9 138.4  66.2 136.6  40.0 130.4 110.9 146.0
0.14 103.8  50.0  26.0 153.7 149.8  15.7 113.6 121.7  32.3  28.3   0.0 171.4  82.6  30.7 126.3 100.8  69.4  52.6  95.4 104.2  77.2  38.1  35.0 133.2  41.9  96.6 129.6  44.2  94.2 121.4 130.6 146.5  47.7 108.9  53.9 104.4 108.4 118.4
0.83 133.7 123.9 191.6 104.7  74.9 186.8 141.7  98.0 139.1 187.2 171.4   0.0 190.3 199.0 194.9  71.5 114.7 181.1  87.1  68.1 160.1 197.4 151.5  49.4 185.5  89.2 116.7 187.3 147.2 112.1 113.9 141.2 123.7 124.9 164.6 194.2  98.8 178.5
0.61  65.0 107.3 101.8 213.9 135.8  87.4  65.6 181.3  88.8 108.0  82.6 190.3   0.0 100.8  47.0 124.9  79.3  30.2 145.2 127.4 157.0  58.0  60.0 170.6  43.0 148.6 195.4 125.9 170.5 186.1 195.4 217.6  96.3  74.8 135.2  22.8 167.9  45.6
0.45 132.6  75.2   8.1 168.8 180.5  16.1 141.6 138.7  61.1  16.3  30.7 199.0 100.8   0.0 147.2 129.5 100.1  71.6 118.3 132.9  79.7  44.4  64.4 157.9  58.0 118.7 142.5  32.6 100.4 135.4 144.0 154.7  76.0 138.4  56.2 123.6 126.3 141.6
0.12  61.6 140.3 147.6 239.6 127.8 133.1  53.4 208.3 125.0 153.2 126.3 194.9  47.0 147.2   0.0 140.5 100.4  75.7 170.2 142.1 196.4 105.0  97.6 186.9  89.3 174.3 225.0 170.4 207.1 215.5 224.6 249.6 128.3  70.0 176.3  24.6 195.6  16.5
0.29  80.8  56.5 122.5 103.4  66.7 116.3  92.2  76.3  68.6 119.1 100.8  71.5 124.9 129.5 140.5   0.0  45.9 111.5  40.9   3.5 107.7 126.0  80.3  46.6 114.7  45.4  96.6 122.5 103.2  87.8  95.1 124.2  53.5  75.4 104.3 133.5  67.0 124.6
0.41  48.7  47.5  94.9 139.3  80.5  84.7  61.0 107.9  43.6  94.5  69.4 114.7  79.3 100.1 100.4  45.9   0.0  66.4  69.8  48.6 109.3  85.2  39.5  91.3  71.4  73.9 125.2 104.3 114.0 115.6 124.5 150.6  36.1  48.7  96.0  89.7  95.4  85.7
0.62  72.7  82.6  72.0 191.3 137.3  57.5  78.1 158.4  62.7  77.9  52.6 181.1  30.2  71.6  75.7 111.5  66.4   0.0 124.4 114.5 127.9  31.6  35.3 154.5  14.0 127.3 170.8  95.8 142.5 161.7 171.1 191.6  73.0  81.2 105.6  52.5 144.8  70.6
0.73 115.0  45.6 110.4  69.5 106.5 109.0 127.1  38.4  65.6 104.5  95.4  87.1 145.2 118.3 170.2  40.9  69.8 124.4   0.0  42.3  73.9 129.2  89.3  40.5 122.9   4.6  57.1 101.6  64.8  47.9  56.0  84.2  52.0 111.5  77.7 158.6  26.9 155.3
0.12  82.0  59.8 126.0 103.1  64.6 119.8  93.2  76.8  72.0 122.6 104.2  68.1 127.4 132.9 142.1   3.5  48.6 114.5  42.3   0.0 110.4 129.3  83.5  44.8 117.8  46.7  97.3 125.8 105.3  88.6  95.7 124.9  57.0  76.2 107.3 135.6  68.0 126.1
0.76 157.1  61.9  72.4  96.6 173.6  81.2 169.1  72.6  71.9  63.6  77.2 160.1 157.0  79.7 196.4 107.7 109.3 127.9  73.9 110.4   0.0 114.1  98.9 111.3 118.8  71.2  68.6  48.8  22.0  64.1  70.8  75.7  73.4 157.9  24.0 177.2  64.7 185.3
0.21 102.5  83.8  47.3 190.8 162.5  34.2 108.9 158.4  63.5  55.0  38.1 197.4  58.0  44.4 105.0 126.0  85.2  31.6 129.2 129.3 114.1   0.0  46.2 164.4  18.0 131.1 167.3  73.7 132.0 158.9 168.2 184.6  77.8 110.2  90.3  80.7 145.0 101.5
0.61  68.9  47.7  60.8 156.1 118.9  48.3  78.8 123.2  28.7  63.0  35.0 151.5  60.0  64.4  97.6  80.3  39.5  35.3  89.3  83.5  98.9  46.2   0.0 120.9  34.8  92.1 136.1  77.2 110.8 126.9 136.3 157.7  37.7  74.1  78.9  78.7 109.6  87.3
0.54 126.5  83.4 150.1  65.7  92.9 147.7 137.4  50.2 101.8 144.5 133.2  49.4 170.6 157.9 186.9  46.6  91.3 154.5  40.5  44.8 111.3 164.4 120.9   0.0 155.6  41.5  70.3 142.1  97.8  64.4  67.8  96.8  86.7 120.2 117.8 180.0  49.5 170.9
0.89  84.7  79.0  58.9 187.8 146.4  44.5  91.0 155.0  58.5  65.4  41.9 185.5  43.0  58.0  89.3 114.7  71.4  14.0 122.9 117.8 118.8  18.0  34.8 155.6   0.0 125.4 166.0  83.6 134.7 157.1 166.5 185.3  70.9  92.7  95.7  65.7 141.4  84.6
0.47 119.4  47.3 110.7  65.7 110.8 110.0 131.5  34.1  67.7 104.5  96.6  89.2 148.6 118.7 174.3  45.4  73.9 127.3   4.6  46.7  71.2 131.1  92.1  41.5 125.4   0.0  52.6 100.9  61.1  43.4  51.5  79.6  54.6 116.0  76.3 162.3  22.4 159.5
0.27 171.8  88.4 134.5  28.1 158.7 139.1 184.0  21.0 108.1 126.3 129.6 116.7 195.4 142.5 225.0  96.6 125.2 170.8  57.1  97.3  68.6 167.3 136.1  70.3 166.0  52.6   0.0 115.1  47.1   9.5   3.0  27.7  99.1 168.6  87.8 211.3  30.2 210.8
0.34 145.2  66.1  26.9 142.5 181.5  39.7 155.7 114.6  60.8  18.7  44.2 187.3 125.9  32.6 170.4 122.5 104.3  95.8 101.6 125.8  48.8  73.7  77.2 142.1  83.6 100.9 115.1   0.0  70.4 109.1 117.0 124.4  72.0 149.1  27.5 148.2 103.6 162.5
0.73 162.6  67.6  92.9  75.2 169.8 100.3 174.9  54.0  82.4  84.2  94.2 147.2 170.5 100.4 207.1 103.2 114.0 142.5  64.8 105.3  22.0 132.0 110.8  97.8 134.7  61.1  47.1  70.4   0.0  43.6  49.5  54.2  79.8 162.1  44.2 189.4  48.7 194.9
0.37 162.3  79.1 127.4  33.5 150.7 131.4 174.6  14.2  99.1 119.4 121.4 112.1 186.1 135.4 215.5  87.8 115.6 161.7  47.9  88.6  64.1 158.9 126.9  64.4 157.1  43.4   9.5 109.1  43.6   0.0   9.4  36.4  89.8 159.2  81.6 201.8  21.0 201.2
0.48 170.8  88.6 136.0  25.8 156.6 140.3 183.0  19.0 108.5 127.9 130.6 113.9 195.4 144.0 224.6  95.1 124.5 171.1  56.0  95.7  70.8 168.2 136.3  67.8 166.5  51.5   3.0 117.0  49.5   9.4   0.0  29.7  99.2 167.5  89.6 211.1  29.2 210.2
0.59 198.0 110.5 147.1  39.7 186.3 153.9 210.3  48.6 129.1 138.4 146.5 141.2 217.6 154.7 249.6 124.2 150.6 191.6  84.2 124.9  75.7 184.6 157.7  96.8 185.3  79.6  27.7 124.4  54.2  36.4  29.7   0.0 122.1 195.2  98.5 234.7  57.4 235.8
0.18  83.8  12.2  69.1 118.4 109.5  63.1  95.8  85.5  15.4  66.2  47.7 123.7  96.3  76.0 128.3  53.5  36.1  73.0  52.0  57.0  73.4  77.8  37.7  86.7  70.9  54.6  99.1  72.0  79.8  89.8  99.2 122.1   0.0  84.6  60.3 112.6  72.0 115.4
0.89   9.9  96.1 134.8 178.4  61.6 122.2  17.3 149.5  89.9 136.6 108.9 124.9  74.8 138.4  70.0  75.4  48.7  81.2 111.5  76.2 157.9 110.2  74.1 120.2  92.7 116.0 168.6 149.1 162.1 159.2 167.5 195.2  84.6   0.0 143.8  71.7 138.3  53.6
0.70 141.7  50.8  48.7 115.1 167.4  57.1 153.3  87.3  54.5  40.0  53.9 164.6 135.2  56.2 176.3 104.3  96.0 105.6  77.7 107.3  24.0  90.3  78.9 117.8  95.7  76.3  87.8  27.5  44.2  81.6  89.6  98.5  60.3 143.8   0.0 156.1  76.7 166.2
0.22  62.0 124.2 124.5 228.0 133.0 110.0  58.2 195.9 107.1 130.4 104.4 194.2  22.8 123.6  24.6 133.5  89.7  52.5 158.6 135.6 177.2  80.7  78.7 180.0  65.7 162.3 211.3 148.2 189.4 201.8 211.1 234.7 112.6  71.7 156.1   0.0 182.7  27.7
0.47 141.6  62.4 118.2  46.5 130.9 120.1 153.8  13.6  83.0 110.9 108.4  98.8 167.9 126.3 195.6  67.0  95.4 144.8  26.9  68.0  64.7 145.0 109.6  49.5 141.4  22.4  30.2 103.6  48.7  21.0  29.2  57.4  72.0 138.3  76.7 182.7   0.0 181.1
0.67  45.2 127.5 141.1 224.5 112.0 126.7  37.1 193.6 113.5 146.0 118.4 178.5  45.6 141.6  16.5 124.6  85.7  70.6 155.3 126.1 185.3 101.5  87.3 170.9  84.6 159.5 210.8 162.5 194.9 201.2 210.2 235.8 115.4  53.6 166.2  27.7 181.1   0.0
