44
8
0.15   0.0  58.8  49.9  36.3 115.6  72.9 118.1  47.2 120.9 142.7  19.4  54.8  55.4  99.8  79.7 151.5  33.3  74.5  89.8  96.2 103.7 119.4  98.6 142.7  33.6 168.7  85.1  73.2  78.2 112.7 134.7  33.9 110.3  44.5 123.1 148.5 131.7 134.8 165.5 102.4  48.5  95.1  76.5  63.6
0.48  58.8   0.0 100.4  54.0 158.7 129.3 135.7 105.0 174.2 195.8  45.2 113.6 109.8  70.2  87.3 194.0  67.2 133.2 120.0 113.2 155.6 129.1 140.9 175.0  37.2 179.9  51.2 118.4 133.9 167.2 178.7  52.0 166.4  93.4 113.4 179.1 172.5 191.0 174.7 114.7 105.1  66.2 130.5 114.5
0.27  49.9 100.4   0.0  85.0 131.7  33.5 155.6  49.6 118.7 138.8  69.1  39.0  13.4 149.7 125.1 164.6  77.4  57.4 122.3 136.1 107.2 160.6 118.2 167.5  83.2 206.6 134.6  24.6  77.0 108.6 147.4  82.9 101.8  70.5 170.5 174.4 148.8 123.3 204.4 143.8  55.3 144.9  30.7  14.2
0.19  36.3  54.0  85.0   0.0 104.7 102.7  88.5  64.2 123.4 144.6  20.7  78.5  88.3  67.1  44.9 139.9  15.3  93.7  67.1  65.7 104.3  86.6  86.9 122.4  17.3 137.4  55.8 109.0  86.8 117.5 124.7   3.0 118.6  43.7  86.8 127.1 118.5 142.7 133.4  70.1  61.9  62.5 108.8  98.1
0.54 115.6 158.7 131.7 104.7   0.0 118.6  68.1  82.3  45.0  56.0 117.2  94.5 123.0 145.0  90.7  35.9  92.1  84.7  46.8  70.5  34.8  84.6  17.8  41.4 121.6 102.7 145.7 152.0  58.5  49.3  20.0 106.8  59.5  71.2 121.9  48.9  17.1  70.2 104.7  78.4  76.9 142.4 130.9 135.5
0.74  72.9 129.3  33.5 102.7 118.6   0.0 156.7  46.1  95.6 113.5  91.7  28.5  20.7 169.7 135.7 147.7  91.1  34.5 121.6 140.5  88.4 165.1 108.6 158.1 105.8 206.2 156.8  38.9  60.1  85.3 131.0 101.3  76.5  73.6 182.3 165.4 135.1  95.1 205.2 149.2  51.7 165.1  12.4  24.9
0.66 118.1 135.7 155.6  88.5  68.1 156.7   0.0 111.0 111.5 124.0 108.5 128.3 152.2  94.3  48.5  86.9  85.0 129.2  35.3  22.9  96.4  17.4  60.8  51.0 104.4  51.1 102.5 179.8 105.7 113.3  81.0  91.5 121.7  85.4  57.5  51.4  68.4 137.0  48.9  21.7 105.2  93.5 167.4 164.7
0.41  47.2 105.0  49.6  64.2  82.3  46.1 111.0   0.0  76.0  97.6  60.6  17.7  42.5 130.1  90.8 115.9  50.0  29.6  76.2  94.3  60.9 119.0  68.6 118.1  72.9 161.1 119.9  71.5  32.3  67.0  98.6  63.7  63.6  27.8 137.2 125.0  99.3  87.9 159.7 103.1   6.0 125.7  56.4  55.3
0.82 120.9 174.2 118.7 123.4  45.0  95.6 111.5  76.0   0.0  21.8 129.3  80.0 107.0 176.7 124.1  57.5 108.4  62.2  83.8 109.5  19.4 127.3  51.7  83.7 137.9 147.5 173.4 133.6  43.7  10.4  44.4 124.6  20.3  80.9 161.8  90.8  54.5  25.5 149.7 118.4  73.0 173.4 107.7 117.7
0.17 142.7 195.8 138.8 144.6  56.0 113.5 124.0  97.6  21.8   0.0 151.0 100.5 126.6 195.7 142.2  54.1 129.7  81.5 100.1 125.2  40.3 140.6  67.5  88.3 159.4 154.3 193.4 152.2  65.3  30.7  47.0 145.8  37.2 102.5 177.2  94.6  59.6  24.0 157.4 133.7  94.8 192.6 125.3 136.7
0.36  19.4  45.2  69.1  20.7 117.2  91.7 108.5  60.6 129.3 151.0   0.0  71.4  74.7  80.5  65.7 153.1  26.0  89.6  84.4  85.8 110.9 107.3  99.5 139.3  14.3 157.9  65.7  92.1  88.7 122.1 137.0  17.8 121.3  48.7 106.4 144.4 132.2 145.9 154.0  90.6  60.3  75.8  95.8  82.9
0.62  54.8 113.6  39.0  78.5  94.5  28.5 128.3  17.7  80.0 100.5  71.4   0.0  28.6 145.3 108.1 126.2  65.4  21.2  93.2 112.0  68.2 136.6  82.6 132.4  84.8 178.0 134.0  57.5  38.1  70.0 109.1  77.7  64.0  45.4 154.6 139.5 111.4  86.9 176.9 120.7  23.2 140.8  39.2  41.0
0.73  55.4 109.8  13.4  88.3 123.0  20.7 152.2  42.5 107.0 126.6  74.7  28.6   0.0 154.5 125.4 154.8  78.6  45.0 117.9 133.9  96.5 158.6 110.5 160.2  89.0 202.8 140.5  29.1  66.5  96.8 137.7  86.5  89.5  66.9 171.6 167.3 140.0 110.4 201.1 142.0  48.4 149.8  21.1  12.8
0.78  99.8  70.2 149.7  67.1 145.0 169.7  94.3 130.1 176.7 195.7  80.5 145.3 154.5   0.0  54.2 174.5  80.1 159.1  98.3  77.8 157.5  80.7 129.4 143.9  66.7 125.3  19.0 172.5 147.7 173.3 163.4  68.3 177.0 105.7  49.8 145.3 153.2 199.5 118.9  73.5 127.0   4.8 175.3 163.4
0.37  79.7  87.3 125.1  44.9  90.7 135.7  48.5  90.8 124.1 142.2  65.7 108.1 125.4  54.2   0.0 120.9  47.9 116.8  44.0  26.9 105.2  42.6  75.4  93.0  58.5  93.8  57.0 149.7 100.2 121.7 109.3  47.9 126.6  63.2  46.6  95.7  99.3 147.8  89.3  27.4  86.1  51.8 144.2 136.8
0.33 151.5 194.0 164.6 139.9  35.9 147.7  86.9 115.9  57.5  54.1 153.1 126.2 154.8 174.5 120.9   0.0 127.7 113.1  77.5  97.0  59.3 104.2  53.5  39.6 157.0 105.0 177.4 183.4  88.4  66.4  17.3 142.1  77.3 107.0 144.3  44.3  21.8  76.5 109.1 103.1 111.0 172.5 160.1 166.9
0.40  33.3  67.2  77.4  15.3  92.1  91.1  85.0  50.0 108.4 129.7  26.0  65.4  78.6  80.1  47.9 127.7   0.0  79.3  58.7  63.0  89.4  86.2  74.3 113.4  30.1 135.5  70.4 101.9  71.5 102.3 112.0  16.2 103.3  28.3  93.2 118.6 106.6 127.4 132.2  69.2  47.2  75.7  98.3  89.4
0.35  74.5 133.2  57.4  93.7  84.7  34.5 129.2  29.6  62.2  81.5  89.6  21.2  45.0 159.1 116.8 113.1  79.3   0.0  94.0 115.9  53.9 139.8  76.2 125.0 102.3 176.8 149.4  71.5  26.3  51.9  96.5  93.3  44.4  54.2 162.6 132.4 101.0  66.3 176.5 125.2  32.1 154.8  46.9  55.5
0.28  89.8 120.0 122.3  67.1  46.8 121.6  35.3  76.2  83.8 100.1  84.4  93.2 117.9  98.3  44.0  77.5  58.7  94.0   0.0  25.8  66.3  46.7  32.6  55.3  84.4  84.9 100.0 146.1  71.0  83.4  65.3  69.8  90.4  51.8  78.0  60.1  55.7 108.7  83.6  34.9  70.3  95.8 132.4 130.6
0.57  96.2 113.2 136.1  65.7  70.5 140.5  22.9  94.3 109.5 125.2  85.8 112.0 133.9  77.8  26.9  97.0  63.0 115.9  25.8   0.0  92.0  24.7  58.0  66.6  81.5  72.5  83.3 160.6  94.8 109.1  87.3  68.6 116.0  67.3  52.3  68.9  76.2 134.5  69.3   9.4  88.8  76.2 150.5 146.1
0.63 103.7 155.6 107.2 104.3  34.8  88.4  96.4  60.9  19.4  40.3 110.9  68.2  96.5 157.5 105.2  59.3  89.4  53.9  66.3  92.0   0.0 111.3  35.5  76.2 119.1 136.3 154.0 124.6  30.1  17.1  42.9 105.5  25.5  62.3 144.2  83.6  49.0  42.7 137.7 101.1  57.1 154.2 100.8 108.2
0.18 119.4 129.1 160.6  86.6  84.6 165.1  17.4 119.0 127.3 140.6 107.3 136.6 158.6  80.7  42.6 104.2  86.2 139.8  46.7  24.7 111.3   0.0  75.9  67.7 101.0  51.2  91.2 185.1 117.6 128.4  98.2  89.6 136.2  92.0  40.4  67.3  85.7 152.7  46.8  17.0 113.4  80.6 175.2 170.8
0.87  98.6 140.9 118.2  86.9  17.8 108.6  60.8  68.6  51.7  67.5  99.5  82.6 110.5 129.4  75.4  53.5  74.3  76.2  32.6  58.0  35.5  75.9   0.0  49.8 103.8 102.7 129.0 139.7  50.2  52.5  37.8  89.0  60.9  54.3 110.3  56.9  33.1  77.0 103.5  66.8  62.9 126.6 120.6 123.3
0.87 142.7 175.0 167.5 122.4  41.4 158.1  51.0 118.1  83.7  88.3 139.3 132.4 160.2 143.9  93.0  39.6 113.4 125.0  55.3  66.6  76.2  67.7  49.8   0.0 139.7  66.4 149.9 189.4  98.7  89.7  41.3 125.1 100.3 100.4 108.1   7.4  29.3 107.4  69.9  70.4 112.3 142.6 170.2 173.0
0.39  33.6  37.2  83.2  17.3 121.6 105.8 104.4  72.9 137.9 159.4  14.3  84.8  89.0  66.7  58.5 157.0  30.1 102.3  84.4  81.5 119.1 101.0 103.8 139.7   0.0 152.2  51.5 105.8  99.1 131.4 141.6  14.9 131.5  57.1  95.7 144.3 135.6 155.9 147.8  85.0  71.8  61.9 110.1  97.1
0.20 168.7 179.9 206.6 137.4 102.7 206.2  51.1 161.1 147.5 154.3 157.9 178.0 202.8 125.3  93.8 105.0 135.5 176.8  84.9  72.5 136.3  51.2 102.7  66.4 152.2   0.0 138.8 230.6 151.8 152.0 107.4 140.4 161.7 136.2  76.5  60.8  94.8 172.2   7.1  67.3 155.2 126.3 217.3 215.4
0.26  85.1  51.2 134.6  55.8 145.7 156.8 102.5 119.9 173.4 193.4  65.7 134.0 140.5  19.0  57.0 177.4  70.4 149.4 100.0  83.3 154.0  91.2 129.0 149.9  51.5 138.8   0.0 156.6 140.8 169.0 164.9  56.4 171.5  97.8  65.8 152.1 155.7 194.9 132.7  80.9 117.5  15.1 161.5 148.6
0.61  73.2 118.4  24.6 109.0 152.0  38.9 179.8  71.5 133.6 152.2  92.1  57.5  29.1 172.5 149.7 183.4 101.9  71.5 146.1 160.6 124.6 185.1 139.7 189.4 105.8 230.6 156.6   0.0  94.9 123.3 166.3 106.8 115.0  94.5 194.9 196.4 169.0 134.0 228.7 168.3  77.4 167.7  28.5  16.5
0.48  78.2 133.9  77.0  86.8  58.5  60.1 105.7  32.3  43.7  65.3  88.7  38.1  66.5 147.7 100.2  88.4  71.5  26.3  71.0  94.8  30.1 117.6  50.2  98.7  99.1 151.8 140.8  94.9   0.0  34.7  71.4  87.3  32.6  43.2 144.2 106.1  75.1  57.1 151.9 104.2  29.7 143.8  72.4  78.4
0.42 112.7 167.2 108.6 117.5  49.3  85.3 113.3  67.0  10.4  30.7 122.1  70.0  96.8 173.3 121.7  66.4 102.3  51.9  83.4 109.1  17.1 128.4  52.5  89.7 131.4 152.0 169.0 123.3  34.7   0.0  52.2 118.5  10.9  74.3 161.3  97.0  61.1  26.2 153.6 118.3  64.4 169.8  97.4 107.4
0.13 134.7 178.7 147.4 124.7  20.0 131.0  81.0  98.6  44.4  47.0 137.0 109.1 137.7 163.4 109.3  17.3 112.0  96.5  65.3  87.3  42.9  98.2  37.8  41.3 141.6 107.4 164.9 166.3  71.4  52.2   0.0 126.8  63.1  90.3 137.1  47.8  13.0  66.6 110.5  94.5  93.7 161.1 143.4 149.8
0.23  33.9  52.0  82.9   3.0 106.8 101.3  91.5  63.7 124.6 145.8  17.8  77.7  86.5  68.3  47.9 142.1  16.2  93.3  69.8  68.6 105.5  89.6  89.0 125.1  14.9 140.4  56.4 106.8  87.3 118.5 126.8   0.0 119.3  44.3  89.4 129.8 120.7 143.5 136.4  73.1  61.7  63.7 107.1  96.1
0.38 110.3 166.4 101.8 118.6  59.5  76.5 121.7  63.6  20.3  37.2 121.3  64.0  89.5 177.0 126.6  77.3 103.3  44.4  90.4 116.0  25.5 136.2  60.9 100.3 131.5 161.7 171.5 115.0  32.6  10.9  63.1 119.3   0.0  75.0 167.7 107.6  71.9  24.6 163.2 125.2  61.9 173.3  88.4  99.5
0.71  44.5  93.4  70.5  43.7  71.2  73.6  85.4  27.8  80.9 102.5  48.7  45.4  66.9 105.7  63.2 107.0  28.3  54.2  51.8  67.3  62.3  92.0  54.3 100.4  57.1 136.2  97.8  94.5  43.2  74.3  90.3  44.3  75.0   0.0 109.6 106.7  87.4  99.1 134.3  75.8  22.9 101.6  83.3  79.4
0.26 123.1 113.4 170.5  86.8 121.9 182.3  57.5 137.2 161.8 177.2 106.4 154.6 171.6  49.8  46.6 144.3  93.2 162.6  78.0  52.3 144.2  40.4 110.3 108.1  95.7  76.5  65.8 194.9 144.2 161.3 137.1  89.4 167.7 109.6   0.0 107.5 125.0 186.8  69.8  43.6 132.5  51.7 190.6 182.7
0.51 148.5 179.1 174.4 127.1  48.9 165.4  51.4 125.0  90.8  94.6 144.4 139.5 167.3 145.3  95.7  44.3 118.6 132.4  60.1  68.9  83.6  67.3  56.9   7.4 144.3  60.8 152.1 196.4 106.1  97.0  47.8 129.8 107.6 106.7 107.5   0.0  36.3 114.2  64.8  71.8 119.2 144.2 177.5 180.0
0.20 131.7 172.5 148.8 118.5  17.1 135.1  68.4  99.3  54.5  59.6 132.2 111.4 140.0 153.2  99.3  21.8 106.6 101.0  55.7  76.2  49.0  85.7  33.1  29.3 135.6  94.8 155.7 169.0  75.1  61.1  13.0 120.7  71.9  87.4 125.0  36.3   0.0  78.1  97.8  82.9  94.0 151.1 147.5 152.4
0.77 134.8 191.0 123.3 142.7  70.2  95.1 137.0  87.9  25.5  24.0 145.9  86.9 110.4 199.5 147.8  76.5 127.4  66.3 108.7 134.5  42.7 152.7  77.0 107.4 155.9 172.2 194.9 134.0  57.1  26.2  66.6 143.5  24.6  99.1 186.8 114.2  78.1   0.0 174.6 143.5  86.4 195.9 106.2 119.4
0.84 165.5 174.7 204.4 133.4 104.7 205.2  48.9 159.7 149.7 157.4 154.0 176.9 201.1 118.9  89.3 109.1 132.2 176.5  83.6  69.3 137.7  46.8 103.5  69.9 147.8   7.1 132.7 228.7 151.9 153.6 110.5 136.4 163.2 134.3  69.8  64.8  97.8 174.6   0.0  63.4 153.9 120.0 216.1 213.6
0.87 102.4 114.7 143.8  70.1  78.4 149.2  21.7 103.1 118.4 133.7  90.6 120.7 142.0  73.5  27.4 103.1  69.2 125.2  34.9   9.4 101.1  17.0  66.8  70.4  85.0  67.3  80.9 168.3 104.2 118.3  94.5  73.1 125.2  75.8  43.6  71.8  82.9 143.5  63.4   0.0  97.6  72.4 159.0 154.2
0.51  48.5 105.1  55.3  61.9  76.9  51.7 105.2   6.0  73.0  94.8  60.3  23.2  48.4 127.0  86.1 111.0  47.2  32.1  70.3  88.8  57.1 113.4  62.9 112.3  71.8 155.2 117.5  77.4  29.7  64.4  93.7  61.7  61.9  22.9 132.5 119.2  94.0  86.4 153.9  97.6   0.0 122.7  62.2  61.3
0.57  95.1  66.2 144.9  62.5 142.4 165.1  93.5 125.7 173.4 192.6  75.8 140.8 149.8   4.8  51.8 172.5  75.7 154.8  95.8  76.2 154.2  80.6 126.6 142.6  61.9 126.3  15.1 167.7 143.8 169.8 161.1  63.7 173.3 101.6  51.7 144.2 151.1 195.9 120.0  72.4 122.7   0.0 170.6 158.6
0.63  76.5 130.5  30.7 108.8 130.9  12.4 167.4  56.4 107.7 125.3  95.8  39.2  21.1 175.3 144.2 160.1  98.3  46.9 132.4 150.5 100.8 175.2 120.6 170.2 110.1 217.3 161.5  28.5  72.4  97.4 143.4 107.1  88.4  83.3 190.6 177.5 147.5 106.2 216.1 159.0  62.2 170.6   0.0  18.1
0.68  63.6 114.5  14.2  98.1 135.5  24.9 164.7  55.3 117.7 136.7  82.9  41.0  12.8 163.4 136.8 166.9  89.4  55.5 130.6 146.1 108.2 170.8 123.3 173.0  97.1 215.4 148.6  16.5  78.4 107.4 149.8  96.1  99.5  79.4 182.7 180.0 152.4 119.4 213.6 154.2  61.3 158.6  18.1   0.0
