54
10
0.68   0.0  44.4  60.9  61.6 103.8  47.6 124.2 115.0 151.9  57.0 138.4  69.2 121.4 129.7 128.0  39.9  17.9  93.9  75.9 151.1  89.9 149.8 122.2 122.0 139.2  99.0  37.9  66.1 118.5  27.6 171.2 119.6  90.9 123.9 152.0 126.3 169.9  26.6  32.6  75.8  84.0 174.8 151.0 124.5  65.6  72.3  54.1   9.8 116.5  64.8  36.9  85.7 164.3 120.7
0.71  44.4   0.0  94.2  17.1 104.3  61.4  85.6 143.3 141.1  97.1 151.9  77.7  84.4 134.7 106.0  48.8  58.4 120.1  50.6 121.0  73.0 134.9 153.2 118.2 135.0 133.3  79.1  31.8  84.4  31.5 128.3 124.8  87.7 156.2 111.6 151.8 164.9  62.9  74.0  38.2 124.0 132.1 150.6  99.7  45.0  30.5  97.6  43.7  85.1  92.3  57.4  83.8 142.3  82.0
0.31  60.9  94.2   0.0 109.0  77.7 104.9 149.4  54.6 131.0  20.8  88.6 125.8 144.0  91.3 126.7  50.6  43.2  35.8  94.3 158.4  92.3 134.8  61.3  96.9 111.3  39.2  69.6 122.9 136.8  88.2 202.8  82.9  74.6  63.3 177.8  66.9 139.1  34.4  67.0 131.4  35.9 205.9 116.4 127.9 125.9 111.8  37.1  69.8 131.0  14.1  93.4  69.9 157.5 146.4
0.46  61.6  17.1 109.0   0.0 109.0  73.7  72.2 156.0 140.1 113.3 159.8  87.3  72.1 140.1 101.1  60.9  75.1 132.6  48.4 111.6  72.5 132.4 166.5 120.8 136.8 147.8  95.8  28.2  73.9  46.4 112.0 130.5  91.9 169.8  96.9 163.6 165.7  79.0  90.8  29.8 140.0 115.8 153.6  93.7  47.2  17.7 114.4  60.6  76.2 105.7  71.5  88.9 136.4  68.7
0.52 103.8 104.3  77.7 109.0   0.0 149.8 105.5  81.3  53.4  98.0  55.6 170.9  98.1  31.1  58.9  64.5  95.1  64.5  64.7  93.3  43.5  57.7  95.0  19.6  35.8  93.2 133.1 135.1  87.7 121.1 158.3  22.1  17.1 100.8 129.4  79.5  66.3  86.9 128.7 138.7 109.2 160.2  47.6  64.5 148.9  99.3 113.0 113.0  79.0  63.6 140.1  20.4  82.6 103.8
0.69  47.6  61.4 104.9  73.7 149.8   0.0 145.8 159.5 195.0  95.0 186.0  21.6 145.3 176.8 165.0  85.4  62.7 139.7 109.6 182.2 129.0 191.1 165.0 167.2 184.4 140.3  46.1  58.0 145.8  31.3 183.0 166.7 135.6 165.8 170.3 171.8 215.2  72.4  44.5  67.8 119.4 186.9 197.3 159.7  42.6  90.6  85.0  37.9 146.4 111.2  11.6 130.7 201.7 142.3
0.44 124.2  85.6 149.4  72.2 105.5 145.8   0.0 179.9 105.7 162.0 160.5 159.0   7.6 132.3  59.5 100.9 131.6 158.1  55.2  48.1  63.9  92.7 193.0 105.1 114.9 182.2 161.8  94.8  18.5 117.1  54.4 125.9  92.0 197.9  28.6 181.9 135.2 130.9 156.5  89.6 185.1  57.0 133.5  49.6 115.8  55.3 169.0 126.9  27.7 140.0 142.9  93.0  82.7   3.6
0.85 115.0 143.3  54.6 156.0  81.3 159.5 179.9   0.0 125.2  67.6  54.1 180.2 173.1  74.2 140.1  95.0  97.6  23.4 128.2 174.5 116.2 134.4  13.7  94.5 101.9  26.6 121.8 173.9 163.8 141.9 234.1  71.2  89.5  19.6 206.4  14.5 121.2  88.4 120.0 181.4  55.3 236.6  97.8 145.0 179.1 154.5  83.0 124.2 156.0  51.5 147.9  87.4 161.6 177.5
0.40 151.9 141.1 131.0 140.1  53.4 195.0 105.7 125.2   0.0 151.4  80.0 214.9  98.4  51.8  46.3 112.0 145.8 113.6  91.8  70.4  68.2  14.5 138.4  34.1  23.5 142.4 184.2 168.2  87.8 164.4 148.6  54.2  61.5 144.5 119.9 118.8  29.5 138.4 179.5 168.9 161.4 149.2  35.5  56.2 185.5 125.5 166.3 160.2  79.2 116.9 186.3  66.9  41.1 105.8
0.43  57.0  97.1  20.8 113.3  98.0  95.0 162.0  67.6 151.4   0.0 108.0 114.8 157.1 112.0 144.5  61.0  39.6  53.2 107.0 175.2 108.7 154.7  70.8 117.4 132.0  45.5  54.3 122.7 150.9  84.2 214.1 103.7  93.7  71.1 190.5  81.4 159.9  34.3  53.0 132.1  27.1 217.4 137.2 145.0 122.2 119.1  16.8  64.2 145.8  34.7  83.6  88.7 176.6 158.7
0.22 138.4 151.9  88.6 159.8  55.6 186.0 160.5  54.1  80.0 108.0   0.0 207.5 153.1  30.1 108.6 105.1 124.2  55.4 119.1 141.7  99.0  92.1  64.8  57.8  57.2  78.4 157.3 183.7 142.4 161.5 212.3  34.6  71.5  70.8 183.1  43.0  69.3 114.5 154.1 188.8 105.0 214.0  47.2 116.2 194.5 152.5 124.7 148.2 133.5  77.5 174.9  72.8 120.2 159.0
0.35  69.2  77.7 125.8  87.3 170.9  21.6 159.0 180.2 214.9 114.8 207.5   0.0 159.3 198.2 183.2 106.5  84.1 160.9 127.6 198.2 148.1 210.4 185.3 187.9 205.1 160.3  62.9  66.0 160.9  50.6 191.6 188.0 156.3 185.8 181.8 192.8 235.8  93.8  62.5  74.3 138.1 195.6 218.4 177.3  46.3 104.8 103.5  59.4 162.4 132.5  32.8 151.5 219.7 155.6
0.36 121.4  84.4 144.0  72.1  98.1 145.3   7.6 173.1  98.4 157.1 153.1 159.3   0.0 124.8  52.2  96.2 127.8 151.6  50.0  43.5  57.0  85.7 186.3  97.6 107.4 176.1 159.2  96.1  11.0 115.9  61.0 118.5  84.9 191.4  33.9 174.9 127.9 126.7 153.8  91.7 179.7  63.4 126.0  42.3 117.0  54.7 164.7 124.6  20.1 134.2 141.7  86.1  76.8   7.5
0.30 129.7 134.7  91.3 140.1  31.1 176.8 132.3  74.2  51.8 112.0  30.1 198.2 124.8   0.0  78.7  92.0 118.4  65.9  95.6 111.6  73.4  62.8  87.1  27.9  28.4  93.8 154.9 165.8 114.0 149.4 183.2  10.2  48.3  93.2 153.9  67.0  49.0 109.3 151.0 169.7 116.2 184.7  25.5  86.6 179.0 130.4 128.4 139.2 104.9  77.8 166.5  51.2  90.9 131.1
0.55 128.0 106.0 126.7 101.1  58.9 165.0  59.5 140.1  46.3 144.5 108.6 183.2  52.2  78.7   0.0  91.2 127.1 122.0  55.6  34.4  38.3  34.2 153.8  50.8  56.9 149.9 164.3 129.1  41.5 133.7 105.7  74.7  53.1 159.5  76.4 138.3  75.8 122.1 159.1 128.2 161.5 106.8  75.1   9.9 148.2  84.8 156.6 134.6  33.0 113.8 158.1  57.2  36.7  59.5
0.19  39.9  48.8  50.6  60.9  64.5  85.4 100.9  95.0 112.0  61.0 105.1 106.5  96.2  92.0  91.2   0.0  35.9  71.7  46.3 118.1  53.0 110.5 105.6  82.2  99.4  88.0  73.6  80.3  90.5  57.4 153.3  81.9  51.0 109.1 129.5 103.1 130.2  31.6  68.6  87.0  85.1 156.5 112.0  89.3  89.4  61.4  68.9  48.7  86.2  45.1  75.6  45.8 126.7  97.7
0.46  17.9  58.4  43.2  75.1  95.1  62.7 131.6  97.6 145.8  39.6 124.2  84.1 127.8 118.4 127.1  35.9   0.0  77.2  79.4 153.3  88.9 145.4 104.5 114.1 130.9  81.1  38.4  83.1 123.5  45.5 181.1 108.5  84.3 106.1 159.9 109.4 161.3   9.8  33.7  92.5  66.7 184.6 141.1 125.0  83.5  83.2  39.4  26.6 120.2  48.5  51.3  78.9 162.5 128.1
0.57  93.9 120.1  35.8 132.6  64.5 139.7 158.1  23.4 113.6  53.2  55.4 160.9 151.6  65.9 122.0  71.7  77.2   0.0 105.5 156.1  95.1 120.9  35.2  80.6  91.1  29.0 105.3 150.9 142.6 120.3 212.5  60.1  69.7  39.9 185.1  32.5 114.9  67.6 102.8 158.3  50.7 215.0  91.3 126.0 156.9 131.2  69.8 103.4 135.2  29.2 128.2  66.8 146.9 155.6
0.59  75.9  50.6  94.3  48.4  64.7 109.6  55.2 128.2  91.8 107.0 119.1 127.6  50.0  95.6  55.6  46.3  79.4 105.5   0.0  75.2  24.3  84.6 140.8  73.6  89.1 127.9 113.7  76.4  44.3  78.3 108.7  86.8  47.9 145.3  83.7 132.3 117.4  77.3 108.3  77.6 129.9 111.7 106.4  50.1  94.1  35.3 115.1  81.2  40.9  85.2 103.2  46.4  92.2  52.1
0.16 151.1 121.0 158.4 111.6  93.3 182.2  48.1 174.5  70.4 175.2 141.7 198.2  43.5 111.6  34.4 118.1 153.3 156.1  75.2   0.0  66.5  55.9 188.2  84.2  87.2 183.7 188.7 137.6  38.0 151.4  79.1 108.5  86.6 193.9  51.7 172.6  98.7 149.7 183.4 134.1 193.8  79.3 104.1  30.6 158.2  93.9 186.0 156.3  35.8 146.1 177.1  90.3  37.0  50.2
0.25  89.9  73.0  92.3  72.5  43.5 129.0  63.9 116.2  68.2 108.7  99.0 148.1  57.0  73.4  38.3  53.0  88.9  95.1  24.3  66.5   0.0  62.3 129.5  49.8  64.9 120.7 126.1 100.3  47.6  97.8 118.0  65.3  28.3 134.7  90.1 118.0  93.2  84.2 120.9 101.9 128.1 120.4  82.4  36.6 117.4  59.4 119.6  96.9  40.1  80.7 121.4  29.1  74.4  61.8
0.59 149.8 134.9 134.8 132.4  57.7 191.1  92.7 134.4  14.5 154.7  92.1 210.4  85.7  62.8  34.2 110.5 145.4 120.9  84.6  55.9  62.3   0.0 147.9  40.3  34.9 149.8 183.7 160.5  75.3 160.0 134.3  63.4  62.0 153.9 105.8 129.1  43.3 138.7 178.8 160.5 166.9 134.9  49.4  43.9 178.7 116.9 168.9 157.6  67.1 120.9 183.0  67.3  28.1  93.1
0.74 122.2 153.2  61.3 166.5  95.0 165.0 193.0  13.7 138.4  70.8  64.8 185.3 186.3  87.1 153.8 105.6 104.5  35.2 140.8 188.2 129.5 147.9   0.0 108.1 115.0  25.7 125.0 183.1 177.1 149.5 247.3  84.6 103.0   6.1 219.7  22.0 133.2  95.7 123.8 191.1  53.5 249.8 110.1 158.7 187.2 166.0  84.8 131.0 169.4  60.9 153.4 100.8 175.2 190.5
0.21 122.0 118.2  96.9 120.8  19.6 167.2 105.1  94.5  34.1 117.4  57.8 187.9  97.6  27.9  50.8  82.2 114.1  80.6  73.6  84.2  49.8  40.3 108.1   0.0  17.2 109.6 152.3 147.9  86.6 137.7 155.4  24.6  31.6 114.1 126.1  90.3  48.0 106.2 147.8 150.5 127.4 156.8  32.8  58.7 163.2 109.0 132.5 130.9  77.5  82.8 157.8  36.5  67.1 104.1
0.11 139.2 135.0 111.3 136.8  35.8 184.4 114.9 101.9  23.5 132.0  57.2 205.1 107.4  28.4  56.9  99.4 130.9  91.1  89.1  87.2  64.9  34.9 115.0  17.2   0.0 119.8 169.0 164.3  96.4 154.9 162.5  31.2  48.8 121.1 133.2  95.4  30.8 122.7 164.5 166.5 140.0 163.6  18.6  66.1 180.0 124.3 147.5 148.1  87.3  97.2 175.0  53.7  63.0 114.3
0.45  99.0 133.3  39.2 147.8  93.2 140.3 182.2  26.6 142.4  45.5  78.4 160.3 176.1  93.8 149.9  88.0  81.1  29.0 127.9 183.7 120.7 149.8  25.7 109.6 119.8   0.0  99.5 162.1 167.7 126.6 236.4  88.7  97.1  25.6 209.9  41.0 142.5  73.0  98.4 170.6  28.9 239.1 118.8 153.4 164.6 149.3  59.1 107.4 160.8  43.2 128.8  93.6 175.8 179.4
0.48  37.9  79.1  69.6  95.8 133.1  46.1 161.8 121.8 184.2  54.3 157.3  62.9 159.2 154.9 164.3  73.6  38.4 105.3 113.7 188.7 126.1 183.7 125.0 152.3 169.0  99.5   0.0  92.2 156.4  51.6 207.3 145.3 122.7 124.9 189.3 135.3 199.2  46.2   5.4 102.7  75.6 211.1 178.4 161.5  83.5 108.7  41.1  35.4 154.3  79.9  36.4 117.4 200.2 158.2
0.55  66.1  31.8 122.9  28.2 135.1  58.0  94.8 173.9 168.2 122.7 183.7  66.0  96.1 165.8 129.1  80.3  83.1 150.9  76.4 137.6 100.3 160.5 183.1 147.9 164.3 162.1  92.2   0.0  99.6  41.2 125.9 156.0 118.2 185.8 116.1 182.9 193.5  89.6  88.1  10.5 149.8 129.9 180.6 121.4  20.9  44.6 119.9  60.9 102.9 122.5  60.2 114.7 164.0  91.5
0.67 118.5  84.4 136.8  73.9  87.7 145.8  18.5 163.8  87.8 150.9 142.4 160.9  11.0 114.0  41.5  90.5 123.5 142.6  44.3  38.0  47.6  75.3 177.1  86.6  96.4 167.7 156.4  99.6   0.0 115.5  70.8 107.8  75.0 182.3  42.5 165.1 117.3 121.6 151.1  96.2 172.7  73.0 115.0  31.6 120.2  56.2 159.4 122.5   9.1 126.4 141.4  76.5  68.4  18.1
0.51  27.6  31.5  88.2  46.4 121.1  31.3 117.1 141.9 164.4  84.2 161.5  50.6 115.9 149.4 133.7  57.4  45.5 120.3  78.3 151.4  97.8 160.0 149.5 137.7 154.9 126.6  51.6  41.2 115.5   0.0 158.3 139.2 106.1 151.4 142.9 152.8 185.5  53.8  47.1  51.5 111.0 162.1 168.6 128.4  38.0  61.9  79.5  20.3 115.6  91.1  25.9 101.4 170.4 113.5
0.37 171.2 128.3 202.8 112.0 158.3 183.0  54.4 234.1 148.6 214.1 212.3 191.6  61.0 183.2 105.7 153.3 181.1 212.5 108.7  79.1 118.0 134.3 247.3 155.4 162.5 236.4 207.3 125.9  70.8 158.3   0.0 177.7 145.7 252.3  29.3 235.9 177.5 181.7 202.2 117.4 238.2   4.0 180.5  96.9 145.4  98.9 219.8 171.9  79.3 193.9 182.7 147.1 115.2  57.0
0.57 119.6 124.8  82.9 130.5  22.1 166.7 125.9  71.2  54.2 103.7  34.6 188.0 118.5  10.2  74.7  81.9 108.5  60.1  86.8 108.5  65.3  63.4  84.6  24.6  31.2  88.7 145.3 156.0 107.8 139.2 177.7   0.0  39.0  90.6 148.5  65.9  56.3  99.5 141.3 160.0 109.5 179.4  33.6  81.9 169.0 121.2 119.8 129.1  98.8  69.2 156.4  41.6  91.0 124.5
0.89  90.9  87.7  74.6  91.9  17.1 135.6  92.0  89.5  61.5  93.7  71.5 156.3  84.9  48.3  53.1  51.0  84.3  69.7  47.9  86.6  28.3  62.0 103.0  31.6  48.8  97.1 122.7 118.2  75.0 106.1 145.7  39.0   0.0 108.5 117.3  90.2  79.6  77.1 117.9 121.7 108.8 147.9  63.1  56.3 132.5  82.2 107.2  99.6  66.8  61.3 126.3   5.4  83.0  90.0
0.86 123.9 156.2  63.3 169.8 100.8 165.8 197.9  19.6 144.5  71.1  70.8 185.8 191.4  93.2 159.5 109.1 106.1  39.9 145.3 193.9 134.7 153.9   6.1 114.1 121.1  25.6 124.9 185.8 182.3 151.4 252.3  90.6 108.5   0.0 224.8  27.8 139.3  97.6 123.9 193.9  51.8 254.8 116.1 164.3 189.2 169.8  84.2 132.5 174.6  64.1 154.3 106.0 181.2 195.4
0.17 152.0 111.6 177.8  96.9 129.4 170.3  28.6 206.4 119.9 190.5 183.1 181.8  33.9 153.9  76.4 129.5 159.9 185.1  83.7  51.7  90.1 105.8 219.7 126.1 133.2 209.9 189.3 116.1  42.5 142.9  29.3 148.5 117.3 224.8   0.0 207.5 149.1 159.4 184.0 109.3 213.5  30.9 151.4  67.5 136.8  81.2 197.6 154.1  50.6 168.1 168.4 119.0  88.6  31.9
0.59 126.3 151.8  66.9 163.6  79.5 171.8 181.9  14.5 118.8  81.4  43.0 192.8 174.9  67.0 138.3 103.1 109.4  32.5 132.3 172.6 118.0 129.1  22.0  90.3  95.4  41.0 135.3 182.9 165.1 152.8 235.9  65.9  90.2  27.8 207.5   0.0 111.8  99.9 133.3 190.1  69.9 238.1  89.0 144.0 189.4 160.7  97.1 135.8 156.9  61.7 160.2  88.9 156.9 179.7
0.64 169.9 164.9 139.1 165.7  66.3 215.2 135.2 121.2  29.5 159.9  69.3 235.8 127.9  49.0  75.8 130.2 161.3 114.9 117.4  98.7  93.2  43.3 133.2  48.0  30.8 142.5 199.2 193.5 117.3 185.5 177.5  56.3  79.6 139.3 149.1 111.8   0.0 152.9 194.8 195.0 165.3 178.0  23.7  85.6 209.8 152.1 176.0 178.9 108.5 125.3 205.8  84.5  65.7 135.3
0.81  26.6  62.9  34.4  79.0  86.9  72.4 130.9  88.4 138.4  34.3 114.5  93.8 126.7 109.3 122.1  31.6   9.8  67.6  77.3 149.7  84.2 138.7  95.7 106.2 122.7  73.0  46.2  89.6 121.6  53.8 181.7  99.5  77.1  97.6 159.4  99.9 152.9   0.0  41.9  98.6  61.1 185.1 132.3 120.7  91.6  85.2  38.1  35.8 117.7  38.8  61.0  71.7 156.9 127.5
0.79  32.6  74.0  67.0  90.8 128.7  44.5 156.5 120.0 179.5  53.0 154.1  62.5 153.8 151.0 159.1  68.6  33.7 102.8 108.3 183.4 120.9 178.8 123.8 147.8 164.5  98.4   5.4  88.1 151.1  47.1 202.2 141.3 117.9 123.9 184.0 133.3 194.8  41.9   0.0  98.5  75.5 205.9 174.2 156.2  80.2 103.5  41.0  30.3 149.0  76.7  34.1 112.6 195.1 152.9
0.18  75.8  38.2 131.4  29.8 138.7  67.8  89.6 181.4 168.9 132.1 188.8  74.3  91.7 169.7 128.2  87.0  92.5 158.3  77.6 134.1 101.9 160.5 191.1 150.5 166.5 170.6 102.7  10.5  96.2  51.5 117.4 160.0 121.7 193.9 109.3 190.1 195.0  98.6  98.5   0.0 159.2 121.4 183.3 120.0  28.1  43.6 129.8  71.1 100.3 130.2  70.5 118.5 162.2  86.5
0.40  84.0 124.0  35.9 140.0 109.2 119.4 185.1  55.3 161.4  27.1 105.0 138.1 179.7 116.2 161.5  85.1  66.7  50.7 129.9 193.8 128.1 166.9  53.5 127.4 140.0  28.9  75.6 149.8 172.7 111.0 238.2 109.5 108.8  51.8 213.5  69.9 165.3  61.1  75.5 159.2   0.0 241.3 141.7 163.3 148.8 144.9  34.6  90.8 166.9  47.8 108.3 104.4 191.0 182.0
0.66 174.8 132.1 205.9 115.8 160.2 186.9  57.0 236.6 149.2 217.4 214.0 195.6  63.4 184.7 106.8 156.5 184.6 215.0 111.7  79.3 120.4 134.9 249.8 156.8 163.6 239.1 211.1 129.9  73.0 162.1   4.0 179.4 147.9 254.8  30.9 238.1 178.0 185.1 205.9 121.4 241.3   0.0 181.5  98.2 149.5 102.5 223.2 175.7  81.3 196.8 186.6 149.4 115.1  59.7
0.30 151.0 150.6 116.4 153.6  47.6 197.3 133.5  97.8  35.5 137.2  47.2 218.4 126.0  25.5  75.1 112.0 141.1  91.3 106.4 104.1  82.4  49.4 110.1  32.8  18.6 118.8 178.4 180.6 115.0 168.6 180.5  33.6  63.1 116.1 151.4  89.0  23.7 132.3 174.2 183.3 141.7 181.5   0.0  84.5 195.5 141.7 153.4 160.3 105.9 102.7 187.4  67.5  76.6 133.0
0.43 124.5  99.7 127.9  93.7  64.5 159.7  49.6 145.0  56.2 145.0 116.2 177.3  42.3  86.6   9.9  89.3 125.0 126.0  50.1  30.6  36.6  43.9 158.7  58.7  66.1 153.4 161.5 121.4  31.6 128.4  96.9  81.9  56.3 164.3  67.5 144.0  85.6 120.7 156.2 120.0 163.3  98.2  84.5   0.0 140.9  76.9 156.2 130.6  23.1 115.6 153.3  59.8  42.8  49.6
0.80  65.6  45.0 125.9  47.2 148.9  42.6 115.8 179.1 185.5 122.2 194.5  46.3 117.0 179.0 148.2  89.4  83.5 156.9  94.1 158.2 117.4 178.7 187.2 163.2 180.0 164.6  83.5  20.9 120.2  38.0 145.4 169.0 132.5 189.2 136.8 189.4 209.8  91.6  80.2  28.1 148.8 149.5 195.5 140.9   0.0  64.5 116.6  58.0 123.2 127.8  48.1 128.5 183.7 112.4
0.17  72.3  30.5 111.8  17.7  99.3  90.6  55.3 154.5 125.5 119.1 152.5 104.8  54.7 130.4  84.8  61.4  83.2 131.2  35.3  93.9  59.4 116.9 166.0 109.0 124.3 149.3 108.7  44.6  56.2  61.9  98.9 121.2  82.2 169.8  81.2 160.7 152.1  85.2 103.5  43.6 144.9 102.5 141.7  76.9  64.5   0.0 122.5  73.3  58.7 106.3  87.6  79.9 119.5  51.7
0.74  54.1  97.6  37.1 114.4 113.0  85.0 169.0  83.0 166.3  16.8 124.7 103.5 164.7 128.4 156.6  68.9  39.4  69.8 115.1 186.0 119.6 168.9  84.8 132.5 147.5  59.1  41.1 119.9 159.4  79.5 219.8 119.8 107.2  84.2 197.6  97.1 176.0  38.1  41.0 129.8  34.6 223.2 153.4 156.2 116.6 122.5   0.0  59.3 155.0  50.7  74.1 102.1 189.8 165.6
0.68   9.8  43.7  69.8  60.6 113.0  37.9 126.9 124.2 160.2  64.2 148.2  59.4 124.6 139.2 134.6  48.7  26.6 103.4  81.2 156.3  96.9 157.6 131.0 130.9 148.1 107.4  35.4  60.9 122.5  20.3 171.9 129.1  99.6 132.5 154.1 135.8 178.9  35.8  30.3  71.1  90.8 175.7 160.3 130.6  58.0  73.3  59.3   0.0 121.2  74.4  27.2  94.5 171.1 123.3
0.81 116.5  85.1 131.0  76.2  79.0 146.4  27.7 156.0  79.2 145.8 133.5 162.4  20.1 104.9  33.0  86.2 120.2 135.2  40.9  35.8  40.1  67.1 169.4  77.5  87.3 160.8 154.3 102.9   9.1 115.6  79.3  98.8  66.8 174.6  50.6 156.9 108.5 117.7 149.0 100.3 166.9  81.3 105.9  23.1 123.2  58.7 155.0 121.2   0.0 120.1 141.3  68.7  62.4  27.1
0.63  64.8  92.3  14.1 105.7  63.6 111.2 140.0  51.5 116.9  34.7  77.5 132.5 134.2  77.8 113.8  45.1  48.5  29.2  85.2 146.1  80.7 120.9  60.9  82.8  97.2  43.2  79.9 122.5 126.4  91.1 193.9  69.2  61.3  64.1 168.1  61.7 125.3  38.8  76.7 130.2  47.8 196.8 102.7 115.6 127.8 106.3  50.7  74.4 120.1   0.0  99.8  56.7 144.0 137.1
0.62  36.9  57.4  93.4  71.5 140.1  11.6 142.9 147.9 186.3  83.6 174.9  32.8 141.7 166.5 158.1  75.6  51.3 128.2 103.2 177.1 121.4 183.0 153.4 157.8 175.0 128.8  36.4  60.2 141.4  25.9 182.7 156.4 126.3 154.3 168.4 160.2 205.8  61.0  34.1  70.5 108.3 186.6 187.4 153.3  48.1  87.6  74.1  27.2 141.3  99.8   0.0 121.3 194.9 139.3
0.11  85.7  83.8  69.9  88.9  20.4 130.7  93.0  87.4  66.9  88.7  72.8 151.5  86.1  51.2  57.2  45.8  78.9  66.8  46.4  90.3  29.1  67.3 100.8  36.5  53.7  93.6 117.4 114.7  76.5 101.4 147.1  41.6   5.4 106.0 119.0  88.9  84.5  71.7 112.6 118.5 104.4 149.4  67.5  59.8 128.5  79.9 102.1  94.5  68.7  56.7 121.3   0.0  87.9  90.9
0.68 164.3 142.3 157.5 136.4  82.6 201.7  82.7 161.6  41.1 176.6 120.2 219.7  76.8  90.9  36.7 126.7 162.5 146.9  92.2  37.0  74.4  28.1 175.2  67.1  63.0 175.8 200.2 164.0  68.4 170.4 115.2  91.0  83.0 181.2  88.6 156.9  65.7 156.9 195.1 162.2 191.0 115.1  76.6  42.8 183.7 119.5 189.8 171.1  62.4 144.0 194.9  87.9   0.0  84.1
0.39 120.7  82.0 146.4  68.7 103.8 142.3   3.6 177.5 105.8 158.7 159.0 155.6   7.5 131.1  59.5  97.7 128.1 155.6  52.1  50.2  61.8  93.1 190.5 104.1 114.3 179.4 158.2  91.5  18.1 113.5  57.0 124.5  90.0 195.4  31.9 179.7 135.3 127.5 152.9  86.5 182.0  59.7 133.0  49.6 112.4  51.7 165.6 123.3  27.1 137.1 139.3  90.9  84.1   0.0
