34
6
0.27   0.0  66.5  65.5 116.9 109.7  68.3  66.0  94.1 115.1   5.7 191.7 146.2 122.2 121.1 121.5  35.4  80.0 150.4  48.5 135.1  57.4  72.0 146.2 175.9  96.2 102.4 124.6 142.8 120.4  60.5  80.3 173.4  63.9 118.3
0.75  66.5   0.0   2.8  97.8 168.2  78.3 131.1 122.7 178.3  68.6 218.1 188.1 114.3 117.4 130.4  64.3 135.8 202.4 109.2 181.4  75.1  15.3 192.4 188.3  54.3  62.4 135.2 150.0 175.7 127.0 116.8 158.3  16.5 129.2
0.83  65.5   2.8   0.0  95.2 166.2  75.6 129.7 120.1 176.7  67.4 215.4 185.6 111.6 114.6 127.6  62.1 133.8 200.1 107.5 179.0  72.5  18.1 190.0 185.5  52.1  60.2 132.5 147.3 173.6 125.9 114.3 155.7  18.7 126.4
0.77 116.9  97.8  95.2   0.0 156.6  53.4 149.6  77.5 178.5 113.5 142.5 139.2  22.4  29.3  52.8  83.0 128.5 169.0 123.4 141.6  64.4 112.8 149.9 101.5  48.4  42.1  57.9  64.2 155.0 157.5  87.2  60.8 113.6  54.7
0.26 109.7 168.2 166.2 156.6   0.0 111.1  51.9  80.9  26.5 105.0 128.0  65.2 144.6 138.2 119.3 105.1  32.7  46.5  61.2  48.4 104.9 177.9  55.3 142.2 170.0 171.9 117.6 131.5  15.9  69.1  69.5 185.5 170.8 115.1
0.65  68.3  78.3  75.6  53.4 111.1   0.0  96.7  45.6 130.0  63.9 139.9 113.1  54.3  52.8  56.1  32.9  80.0 134.0  70.3 109.4  11.4  92.9 119.8 113.6  59.8  60.9  60.2  77.3 113.2 104.1  44.9 105.6  89.7  53.8
0.17  66.0 131.1 129.7 149.6  51.9  96.7   0.0  89.2  49.8  62.7 167.1 108.4 144.8 140.3 128.7  76.1  37.0  98.1  26.5  93.0  86.7 137.9 102.5 168.7 147.6 151.7 129.2 146.6  66.6  18.1  72.2 193.3 129.9 124.5
0.83  94.1 122.7 120.1  77.5  80.9  45.6  89.2   0.0 105.0  88.5  98.7  67.8  63.7  57.3  40.3  64.7  57.8  92.5  68.7  66.0  47.7 136.7  75.7  83.6 102.5 101.7  40.1  57.4  77.7 103.3  17.2 106.5 132.5  35.9
0.13 115.1 178.3 176.7 178.5  26.5 130.0  49.8 105.0   0.0 111.3 152.8  89.8 168.1 162.1 144.3 118.3  50.2  63.8  69.2  73.1 122.4 186.3  78.3 168.7 187.1 189.8 143.0 157.4  39.4  62.8  91.8 210.8 178.6 140.0
0.49   5.7  68.6  67.4 113.5 105.0  63.9  62.7  88.5 111.3   0.0 186.0 140.5 118.0 116.7 116.4  31.1  74.9 145.2  43.8 129.6  52.9  75.2 140.7 170.5  95.0 101.0 119.4 137.7 115.4  58.7  74.6 169.3  67.3 113.2
0.31 191.7 218.1 215.4 142.5 128.0 139.9 167.1  98.7 152.8 186.0   0.0  63.1 120.1 113.3  91.7 163.4 130.2  96.0 156.6  79.8 145.1 232.9  75.4  48.4 185.3 181.4  86.4  78.8 113.5 184.7 111.4 122.3 229.6  91.4
0.36 146.2 188.1 185.6 139.2  65.2 113.1 108.4  67.8  89.8 140.5  63.1   0.0 120.2 112.7  88.6 125.6  73.0  37.9 103.4  16.8 113.4 201.2  14.6  86.3 170.1 168.8  84.5  90.5  50.4 126.5  71.3 146.4 196.0  85.6
0.27 122.2 114.3 111.6  22.4 144.6  54.3 144.8  63.7 168.1 118.0 120.1 120.2   0.0   7.6  31.9  86.9 119.2 152.0 119.7 124.2  65.6 129.6 131.8  79.4  68.9  63.4  36.7  41.8 141.1 155.0  76.6  51.3 129.4  34.6
0.13 121.1 117.4 114.6  29.3 138.2  52.8 140.3  57.3 162.1 116.7 113.3 112.7   7.6   0.0  24.3  85.7 113.5 144.7 115.7 116.8  63.8 132.7 124.3  73.8  74.2  69.2  29.1  35.6 134.3 151.2  70.9  53.8 132.0  27.1
0.47 121.5 130.4 127.6  52.8 119.3  56.1 128.7  40.3 144.3 116.4  91.7  88.6  31.9  24.3   0.0  87.0  98.0 121.6 106.4  93.7  65.1 145.6 100.7  58.1  93.6  89.8   5.3  21.4 113.7 141.7  56.6  66.5 143.6   4.3
0.71  35.4  64.3  62.1  83.0 105.1  32.9  76.1  64.7 118.3  31.1 163.4 125.6  86.9  85.7  87.0   0.0  72.4 138.0  50.4 117.7  22.2  76.2 128.8 142.9  71.7  76.2  90.5 108.4 111.7  78.9  54.7 138.2  70.5  84.2
0.11  80.0 135.8 133.8 128.5  32.7  80.0  37.0  57.8  50.2  74.9 130.2  73.0 119.2 113.5  98.0  72.4   0.0  70.5  32.4  58.7  73.0 146.0  69.1 132.8 138.1 140.3  97.6 113.9  40.7  54.5  42.7 164.3 139.1  93.7
0.84 150.4 202.4 200.1 169.0  46.5 134.0  98.1  92.5  63.8 145.2  96.0  37.9 152.0 144.7 121.6 138.0  70.5   0.0 102.7  27.9 131.3 213.9  23.3 124.1 193.5 193.6 118.2 126.5  31.6 115.5  89.2 182.7 207.6 118.1
0.34  48.5 109.2 107.5 123.4  61.2  70.3  26.5  68.7  69.2  43.8 156.6 103.4 119.7 115.7 106.4  50.4  32.4 102.7   0.0  90.3  60.2 117.7 101.0 151.4 121.5 125.4 107.6 125.6  72.2  35.5  51.5 169.3 110.3 102.3
0.86 135.1 181.4 179.0 141.6  48.4 109.4  93.0  66.0  73.1 129.6  79.8  16.8 124.2 116.8  93.7 117.7  58.7  27.9  90.3   0.0 108.1 193.8  11.1  99.9 168.2 167.7  90.2  99.0  33.7 111.1  65.4 155.2 188.1  90.1
0.77  57.4  75.1  72.5  64.4 104.9  11.4  86.7  47.7 122.4  52.9 145.1 113.4  65.6  63.8  65.1  22.2  73.0 131.3  60.2 108.1   0.0  89.0 118.8 121.7  65.1  67.5  68.8  86.5 108.4  93.3  42.7 116.9  84.9  62.4
0.51  72.0  15.3  18.1 112.8 177.9  92.9 137.9 136.7 186.3  75.2 232.9 201.2 129.6 132.7 145.6  76.2 146.0 213.9 117.7 193.8  89.0   0.0 204.9 203.6  68.0  76.0 150.4 165.4 186.4 131.9 129.9 173.0   8.6 144.4
0.27 146.2 192.4 190.0 149.9  55.3 119.8 102.5  75.7  78.3 140.7  75.4  14.6 131.8 124.3 100.7 128.8  69.1  23.3 101.0  11.1 118.8 204.9   0.0 100.8 178.1 177.4  96.9 104.0  39.7 120.5  76.1 160.2 199.2  97.4
0.31 175.9 188.3 185.5 101.5 142.2 113.6 168.7  83.6 168.7 170.5  48.4  86.3  79.4  73.8  58.1 142.9 132.8 124.1 151.4  99.9 121.7 203.6 100.8   0.0 147.9 142.8  53.6  38.6 130.9 184.5 100.3  74.0 201.7  59.9
0.24  96.2  54.3  52.1  48.4 170.0  59.8 147.6 102.5 187.1  95.0 185.3 170.1  68.9  74.2  93.6  71.7 138.1 193.5 121.5 168.2  65.1  68.0 178.1 147.9   0.0   8.1  98.9 109.6 172.9 150.1 104.5 106.2  70.7  94.0
0.41 102.4  62.4  60.2  42.1 171.9  60.9 151.7 101.7 189.8 101.0 181.4 168.8  63.4  69.2  89.8  76.2 140.3 193.6 125.4 167.7  67.5  76.0 177.4 142.8   8.1   0.0  95.1 104.7 174.0 155.0 105.1  98.7  78.8  90.5
0.17 124.6 135.2 132.5  57.9 117.6  60.2 129.2  40.1 143.0 119.4  86.4  84.5  36.7  29.1   5.3  90.5  97.6 118.2 107.6  90.2  68.8 150.4  96.9  53.6  98.9  95.1   0.0  18.4 111.4 142.7  57.0  67.9 148.3   6.4
0.82 142.8 150.0 147.3  64.2 131.5  77.3 146.6  57.4 157.4 137.7  78.8  90.5  41.8  35.6  21.4 108.4 113.9 126.5 125.6  99.0  86.5 165.4 104.0  38.6 109.6 104.7  18.4   0.0 123.7 160.5  74.6  56.3 163.8  24.5
0.38 120.4 175.7 173.6 155.0  15.9 113.2  66.6  77.7  39.4 115.4 113.5  50.4 141.1 134.3 113.7 111.7  40.7  31.6  72.2  33.7 108.4 186.4  39.7 130.9 172.9 174.0 111.4 123.7   0.0  84.1  69.2 179.0 179.6 109.6
0.86  60.5 127.0 125.9 157.5  69.1 104.1  18.1 103.3  62.8  58.7 184.7 126.5 155.0 151.2 141.7  78.9  54.5 115.5  35.5 111.1  93.3 131.9 120.5 184.5 150.1 155.0 142.7 160.5  84.1   0.0  86.0 204.7 123.6 137.6
0.73  80.3 116.8 114.3  87.2  69.5  44.9  72.2  17.2  91.8  74.6 111.4  71.3  76.6  70.9  56.6  54.7  42.7  89.2  51.5  65.4  42.7 129.9  76.1 100.3 104.5 105.1  57.0  74.6  69.2  86.0   0.0 122.2 124.8  52.4
0.38 173.4 158.3 155.7  60.8 185.5 105.6 193.3 106.5 210.8 169.3 122.3 146.4  51.3  53.8  66.5 138.2 164.3 182.7 169.3 155.2 116.9 173.0 160.2  74.0 106.2  98.7  67.9  56.3 179.0 204.7 122.2   0.0 174.3  70.8
0.18  63.9  16.5  18.7 113.6 170.8  89.7 129.9 132.5 178.6  67.3 229.6 196.0 129.4 132.0 143.6  70.5 139.1 207.6 110.3 188.1  84.9   8.6 199.2 201.7  70.7  78.8 148.3 163.8 179.6 123.6 124.8 174.3   0.0 142.1
0.23 118.3 129.2 126.4  54.7 115.1  53.8 124.5  35.9 140.0 113.2  91.4  85.6  34.6  27.1   4.3  84.2  93.7 118.1 102.3  90.1  62.4 144.4  97.4  59.9  94.0  90.5   6.4  24.5 109.6 137.6  52.4  70.8 142.1   0.0
