p 20 3 2
n 29.7667 11.24 0 19.0871 14.1276 25.8187 14.6062 18.0153 36.9937 20.5185 24.3272 18.5917 16.2694 20.4389 20.3755 1.75535 8.10996 20.8147 18.0654 77.3958 68.7705 38.2146 
n 2.28333 4.41 19.0871 0 4.97266 15.3996 6.09286 4.55845 45.0082 1.92424 32.8725 36.4095 6.66546 4.89206 1.70673 19.6101 10.9787 2.22262 1.02513 87.727 65.2945 43.7897 
n 1.91667 1.3 14.1276 4.97266 0 16.4111 3.89398 5.20703 42.5122 6.56005 29.4713 31.5452 5.31908 7.70223 6.27582 14.711 6.03026 6.87105 3.94771 85.0013 65.3765 41.8606 
n 1.41667 0.72 25.8187 15.3996 16.4111 0 20.0196 11.512 58.8383 16.6405 25.6141 37.415 11.2371 20.1571 14.1559 27.2087 19.9688 16.7643 15.4663 101.138 49.9446 58.2708 
n 1.28333 0.11 14.6062 6.09286 3.89398 20.0196 0 8.53832 39.2398 6.70468 32.7152 32.8941 9.15124 5.83485 7.79073 14.7304 6.97296 6.937 5.35568 81.8808 69.2414 38.3306 
n 2.28333 3.41 18.0153 4.55845 5.20703 11.512 8.53832 0 47.6544 6.34633 28.713 33.9951 2.50505 9.40486 4.21827 18.9173 10.3679 6.59632 4.23042 90.1896 61.1145 46.8617 
n 3.06667 4.25 36.9937 45.0082 42.5122 58.8383 39.2398 47.6544 0 44.8025 60.4583 46.218 47.6013 41.7299 46.6853 35.2407 39.3725 44.886 44.4742 42.7597 105.611 5.58977 
n 3.83333 2.64 20.5185 1.92424 6.56005 16.6405 6.70468 6.34633 44.8025 0 34.7937 38.102 8.55869 3.55172 2.49228 20.9277 12.4256 0.314909 2.79399 87.5585 66.5851 43.3513 
n 13.8667 3.49 24.3272 32.8725 29.4713 25.6141 32.7152 28.713 60.4583 34.7937 0 19.6564 26.2955 37.0403 32.9225 25.9573 26.761 35.0832 32.1259 98.3745 48.1398 62.2503 
n 2.2 4.91 18.5917 36.4095 31.5452 37.415 32.8941 33.9951 46.218 38.102 19.6564 0 31.665 38.6439 37.3578 19.1213 25.9841 38.4142 35.401 80.4838 67.6009 49.325 
n 5.75 2.44 16.2694 6.66546 5.31908 11.2371 9.15124 2.50505 47.6013 8.55869 26.2955 31.665 0 11.2816 6.64175 17.3258 9.13254 8.83502 6.07263 89.9384 60.0916 47.1024 
n 2.75 3.14 20.4389 4.89206 7.70223 20.1571 5.83485 9.40486 41.7299 3.55172 37.0403 38.6439 11.2816 0 6.0062 20.5495 12.6605 3.49021 5.22921 84.4841 70.0964 40.0783 
n 3.31667 4.82 20.3755 1.70673 6.27582 14.1559 7.79073 4.21827 46.6853 2.49228 32.9225 37.3578 6.64175 6.0062 0 20.9869 12.2997 2.64919 2.51848 89.4123 64.0996 45.4166 
n 2.8 3.74 1.75535 19.6101 14.711 27.2087 14.7304 18.9173 35.2407 20.9277 25.9573 19.1213 17.3258 20.5495 20.9869 0 8.70288 21.2141 18.5997 75.6809 70.5224 36.4941 
n 1.21667 4.36 8.10996 10.9787 6.03026 19.9688 6.97296 10.3679 39.3725 12.4256 26.761 25.9841 9.13254 12.6605 12.2997 8.70288 0 12.7253 9.95811 81.2994 66.7666 39.4535 
n 1.43333 0.07 20.8147 2.22262 6.87105 16.7643 6.937 6.59632 44.886 0.314909 35.0832 38.4142 8.83502 3.49021 2.64919 21.2141 12.7253 0 3.10699 87.6442 66.707 43.3971 
n 3.63333 2.63 18.0654 1.02513 3.94771 15.4663 5.35568 4.23042 44.4742 2.79399 32.1259 35.401 6.07263 5.22921 2.51848 18.5997 9.95811 3.10699 0 87.1631 65.2634 43.368 
n 1.35 2.12 77.3958 87.727 85.0013 101.138 81.8808 90.1896 42.7597 87.5585 98.3745 80.4838 89.9384 84.4841 89.4123 75.6809 81.2994 87.6442 87.1631 0 145.759 44.943 
n 3.06667 4.65 68.7705 65.2945 65.3765 49.9446 69.2414 61.1145 105.611 66.5851 48.1398 67.6009 60.0916 70.0964 64.0996 70.5224 66.7666 66.707 65.2634 145.759 0 106.168 
n 3.95 4.2 38.2146 43.7897 41.8606 58.2708 38.3306 46.8617 5.58977 43.3513 62.2503 49.325 47.1024 40.0783 45.4166 36.4941 39.4535 43.3971 43.368 44.943 106.168 0 
