p 20 3 2
n 8 1.65 0 94.8816 4.44826 64.9131 73.155 68.8529 5.91632 9.67598 12.8859 12.9082 35.1056 58.0372 28.0136 142.959 26.6829 57.181 17.5724 82.3234 3.00045 35.2434 
n 1.61667 3.83 94.8816 0 95.7568 39.2635 162.166 109.406 100.3 101.293 90.1519 98.42 111.549 145.048 118.496 53.4112 68.2279 146.99 88.9773 31.1154 97.7203 62.1558 
n 3.13333 2.76 4.44826 95.7568 0 67.1585 70.3367 64.6327 5.00499 6.19294 9.6019 8.46478 30.7246 54.8056 24.9526 142.917 27.9709 54.3852 14.1466 84.541 5.74766 34.9513 
n 8.26667 2.66 64.9131 39.2635 67.1585 0 137.309 103.099 70.802 73.2945 64.7108 72.3761 90.8271 121.182 91.9376 92.6744 40.0157 121.421 65.4176 17.4104 67.3095 41.8929 
n 35 20 73.155 162.166 70.3367 137.309 0 78.6254 67.2772 64.1486 73.068 65.0709 51.4722 17.3257 45.4066 203.24 97.4618 15.974 73.4509 154.615 71.2564 100.2 
n 1.25 0.56 68.8529 109.406 64.6327 103.099 78.6254 0 67.4047 62.6752 56.6877 56.8942 40.889 63.861 60.4365 136.682 71.4057 70.3657 52.2913 116.745 70.2654 62.5699 
n 1.48333 1.47 5.91632 100.3 5.00499 70.802 67.2772 67.4047 0 5.09607 14.2569 10.5184 31.3093 52.3085 22.2737 147.796 32.2416 51.3045 18.5756 88.2111 4.2751 39.8502 
n 1.2 4.76 9.67598 101.293 6.19294 73.2945 64.1486 62.6752 5.09607 0 12.3495 6.16296 26.2221 48.6384 18.7597 147.732 33.8908 48.2016 15.9277 90.6648 9.0892 39.8805 
n 1.95 4.85 12.8859 90.1519 9.6019 64.7108 73.068 56.6877 14.2569 12.3495 0 8.2688 27.4555 56.575 28.3737 135.658 24.701 57.4062 4.68824 81.8349 15.1374 28.1626 
n 1.2 1.56 12.9082 98.42 8.46478 72.3761 65.0709 56.8942 10.5184 6.16296 8.2688 0 22.3562 48.81 20.1304 143.704 32.4145 49.3178 10.615 89.609 13.6035 36.4126 
n 13.8667 3.49 35.1056 111.549 30.7246 90.8271 51.4722 40.889 31.3093 26.2221 27.4555 22.3562 0 34.1468 19.5608 151.815 51.3325 37.7581 25.5894 107.516 35.2246 50.5798 
n 5.91667 5.3 58.0372 145.048 54.8056 121.182 17.3257 63.861 52.3085 48.6384 56.575 48.81 34.1468 0 30.0363 185.931 81.1901 7.51168 56.6159 138.384 56.4716 83.2292 
n 3.7 2.44 28.0136 118.496 24.9526 91.9376 45.4066 60.4365 22.2737 18.7597 28.3737 20.1304 19.5608 30.0363 0 162.938 52.2274 29.4854 29.777 109.274 26.4545 56.3925 
n 1.1 0.86 142.959 53.4112 142.917 92.6744 203.24 136.682 147.796 147.732 135.658 143.704 151.815 185.931 162.938 0 117.211 189.294 133.341 82.6469 145.933 107.967 
n 1.15 0.61 26.6829 68.2279 27.9709 40.0157 97.4618 71.4057 32.2416 33.8908 24.701 32.4145 51.3325 81.1901 52.2274 117.211 0 81.6469 25.7442 57.1982 29.4958 13.5376 
n 3.5 2.33 57.181 146.99 54.3852 121.421 15.974 70.3657 51.3045 48.2016 57.4062 49.3178 37.7581 7.51168 29.4854 189.294 81.6469 0 58.0544 138.75 55.2939 84.8796 
n 72.2333 7.01 17.5724 88.9773 14.1466 65.4176 73.4509 52.2913 18.5756 15.9277 4.68824 10.615 25.5894 56.6159 29.777 133.341 25.7442 58.0544 0 82.3069 19.7716 26.8315 
n 1.66667 1.43 82.3234 31.1154 84.541 17.4104 154.615 116.745 88.2111 90.6648 81.8349 89.609 107.516 138.384 109.274 82.6469 57.1982 138.75 82.3069 0 84.7165 57.6366 
n 1.13333 2.86 3.00045 97.7203 5.74766 67.3095 71.2564 70.2654 4.2751 9.0892 15.1374 13.6035 35.2246 56.4716 26.4545 145.933 29.4958 55.2939 19.7716 84.7165 0 38.2425 
n 4.98333 2.25 35.2434 62.1558 34.9513 41.8929 100.2 62.5699 39.8502 39.8805 28.1626 36.4126 50.5798 83.2292 56.3925 107.967 13.5376 84.8796 26.8315 57.6366 38.2425 0 
