p 30 4 2
n 2.88333 2.24 0 100.938 5.25083 4.34244 4.49097 65.4473 2.54465 8.23759 7.85155 73.8484 2.31271 88.3662 36.0926 56.1388 4.72797 38.8597 3.54373 56.1388 22.9639 84.7018 38.9086 56.8808 4.32848 2.17889 127.337 8.77241 17.3422 49.9235 40.3877 22.5963 
n 1.61667 3.83 100.938 0 95.8371 99.5508 98.3821 162.166 103.248 96.8106 93.7463 27.8674 98.8848 16.5656 65.5479 46.0035 96.3025 63.7594 97.3966 46.0035 79.5842 16.4284 66.3504 63.353 102.736 99.1481 39.9272 95.4361 88.8312 146.22 97.8005 120.748 
n 1.45 0.92 5.25083 95.8371 0 6.42955 5.45962 69.5589 7.76001 8.22565 2.80416 68.8655 3.05401 83.4493 30.859 51.2842 2.17803 33.6089 2.07149 51.2842 17.7462 79.64 33.7209 52.0337 7.36494 3.31104 122.089 7.88071 12.9836 53.8414 38.0823 26.5652 
n 2.28333 4.41 4.34244 99.5508 6.42955 0 1.23366 68.6511 4.82783 4.10103 9.16653 72.1816 5.17369 86.5268 35.5436 54.2523 4.48547 38.6132 4.45703 54.2523 23.315 83.2192 39.2906 58.1683 8.66654 5.3279 127.062 4.96889 19.4098 53.3285 43.9811 26.1347 
n 2.11667 3.41 4.49097 98.3821 5.45962 1.23366 0 69.4521 5.55717 3.76633 8.1225 71.0402 4.73353 85.4093 34.3147 53.1352 3.39732 37.3798 3.62471 53.1352 22.0969 82.0587 38.0667 56.9975 8.76876 4.94685 125.831 4.31728 18.3889 54.0588 43.3096 26.7989 
n 35 20 65.4473 162.166 69.5589 68.6511 69.4521 0 63.8953 72.6048 70.8241 136.714 66.8455 151.545 97.1003 120.012 70.0174 98.4901 68.6941 120.012 83.1659 146.67 95.8936 105.251 62.1977 66.5338 181.522 73.6173 73.5771 15.9899 70.4114 42.9937 
n 1.2 3.36 2.54465 103.248 7.76001 4.82783 5.55717 63.8953 0 8.9155 10.3947 76.0758 4.85656 90.5434 38.5456 58.289 6.94662 41.3546 5.92115 58.289 25.496 86.9844 41.4491 59.389 5.08225 4.70781 129.845 9.77512 19.7893 48.5228 42.1043 21.3076 
n 2.31667 4.82 8.23759 96.8106 8.22565 4.10103 3.76633 72.6048 8.9155 0 10.4153 69.2717 8.36023 83.4685 33.7353 51.2245 6.07186 37.0392 6.88968 51.2245 22.5759 80.4281 38.2819 57.8787 12.5336 8.60582 125.187 1.39538 20.4477 57.3527 46.2909 30.2077 
n 3 1.05 7.85155 93.7463 2.80416 9.16653 8.1225 70.8241 10.3947 10.4153 0 66.9542 5.54835 81.6099 28.5234 49.5519 4.72795 31.1405 4.87562 49.5519 15.1373 77.6137 31.0589 49.2348 9.01093 5.73474 119.559 9.79384 10.2678 54.9995 35.9908 27.9021 
n 9.43333 1.97 73.8484 27.8674 68.8655 72.1816 71.0402 136.714 76.0758 69.2717 66.9542 0 71.8859 14.8475 39.6417 18.1723 69.1557 38.6687 70.3072 18.1723 53.5525 11.5148 42.4569 46.7809 75.9626 72.1626 62.7886 67.9119 63.1575 120.724 76.6412 94.4899 
n 2.58333 3.38 2.31271 98.8848 3.05401 5.17369 4.73353 66.8455 4.85656 8.36023 5.54835 71.8859 0 86.451 33.901 54.2628 3.24416 36.6177 1.90313 54.2628 20.6767 82.6802 36.6071 54.5906 4.77485 0.315962 125.076 8.52675 15.1198 51.2051 38.8419 23.8758 
n 1.13333 2.61 88.3662 16.5656 83.4493 86.5268 85.4093 151.545 90.5434 83.4685 81.6099 14.8475 86.451 0 54.4874 32.2745 83.6541 53.4829 84.8329 32.2745 68.3789 8.38203 57.122 59.3003 90.6074 86.7331 55.8397 82.1289 77.9992 135.556 90.8904 109.243 
n 1.13333 1.61 36.0926 65.5479 30.859 35.5436 34.3147 97.1003 38.5456 33.7353 28.5234 39.6417 33.901 54.4874 0 24.0888 31.6978 3.91594 32.6256 24.0888 14.0458 49.681 8.67213 29.0436 37.4008 34.136 91.5281 32.3544 23.5247 81.1109 41.1679 55.2097 
n 27.7 1.69 56.1388 46.0035 51.2842 54.2523 53.1352 120.012 58.289 51.2245 49.5519 18.1723 54.2628 32.2745 24.0888 0 51.4186 24.4286 52.614 0 37.1734 29.5864 29.4647 41.3656 58.5114 54.5496 78.8699 49.8772 46.927 104.058 64.3811 77.361 
n 2.13333 4.51 4.72797 96.3025 2.17803 4.48547 3.39732 70.0174 6.94662 6.07186 4.72795 69.1557 3.24416 83.6541 31.6978 51.4186 0 34.611 1.34268 51.4186 19.0247 80.0433 35.027 53.709 8.01897 3.55971 123.116 5.83234 14.9957 54.4105 40.2569 27.0735 
n 1.11667 5.01 38.8597 63.7594 33.6089 38.6132 37.3798 98.4901 41.3546 37.0392 31.1405 38.6687 36.6177 53.4829 3.91594 24.4286 34.611 0 35.459 24.4286 16.1717 48.1934 5.64549 25.2184 39.8476 36.8352 88.5066 35.6729 25.0827 82.5193 40.0096 57.1113 
n 1.35 3.22 3.54373 97.3966 2.07149 4.45703 3.62471 68.6941 5.92115 6.88968 4.87562 70.3072 1.90313 84.8329 32.6256 52.614 1.34268 35.459 0 52.614 19.7041 81.1583 35.6979 54.1009 6.6777 2.21822 123.961 6.86074 15.0131 53.0764 39.6914 25.7411 
n 1.93333 1.25 56.1388 46.0035 51.2842 54.2523 53.1352 120.012 58.289 51.2245 49.5519 18.1723 54.2628 32.2745 24.0888 0 51.4186 24.4286 52.614 0 37.1734 29.5864 29.4647 41.3656 58.5114 54.5496 78.8699 49.8772 46.927 104.058 64.3811 77.361 
n 1.83333 3.09 22.9639 79.5842 17.7462 23.315 22.0969 83.1659 25.496 22.5759 15.1373 53.5525 20.6767 68.3789 14.0458 37.1734 19.0247 16.1717 19.7041 37.1734 0 63.7204 16.0031 35.363 23.6921 20.8711 104.437 21.3291 9.75433 67.1776 33.0447 41.1661 
n 5.71667 0.39 84.7018 16.4284 79.64 83.2192 82.0587 146.67 86.9844 80.4281 77.6137 11.5148 82.6802 8.38203 49.681 29.5864 80.0433 48.1934 81.1583 29.5864 63.7204 0 51.2914 51.6324 86.6197 82.9486 52.2646 79.0572 73.1376 130.691 84.2176 104.858 
n 1.96667 1.3 38.9086 66.3504 33.7209 39.2906 38.0667 95.8936 41.4491 38.2819 31.0589 42.4569 36.6071 57.122 8.67213 29.4647 35.027 5.64549 35.6979 29.4647 16.0031 51.2914 0 21.0176 39.2819 36.7868 88.7861 36.9728 23.4509 79.9924 34.9626 55.442 
n 2.01667 3.05 56.8808 63.353 52.0337 58.1683 56.9975 105.251 59.389 57.8787 49.2348 46.7809 54.5906 59.3003 29.0436 41.3656 53.709 25.2184 54.1009 41.3656 35.363 51.6324 21.0176 0 56.1764 54.702 76.2825 56.6641 39.7306 90.012 35.9865 69.0242 
n 1.31667 2.92 4.32848 102.736 7.36494 8.66654 8.76876 62.1977 5.08225 12.5336 9.01093 75.9626 4.77485 90.6074 37.4008 58.5114 8.01897 39.8476 6.6777 58.5114 23.6921 86.6197 39.2819 56.1764 0 4.45949 128.031 12.9681 16.477 46.5026 37.1496 19.2046 
n 7.9 5.25 2.17889 99.1481 3.31104 5.3279 4.94685 66.5338 4.70781 8.60582 5.73474 72.1626 0.315962 86.7331 34.136 54.5496 3.55971 36.8352 2.21822 54.5496 20.8711 82.9486 36.7868 54.702 4.45949 0 125.282 8.80112 15.1855 50.891 38.7315 23.5624 
n 1.33333 3.27 127.337 39.9272 122.089 127.062 125.831 181.522 129.845 125.187 119.559 62.7886 125.076 55.8397 91.5281 78.8699 123.116 88.5066 123.961 78.8699 104.437 52.2646 88.7861 76.2825 128.031 125.282 0 123.797 112.147 166.186 111.858 143.732 
n 2.91667 1.5 8.77241 95.4361 7.88071 4.96889 4.31728 73.6173 9.77512 1.39538 9.79384 67.9119 8.52675 82.1289 32.3544 49.8772 5.83234 35.6729 6.86074 49.8772 21.3291 79.0572 36.9728 56.6641 12.9681 8.80112 123.797 0 19.609 58.2935 45.7768 31.075 
n 6.08333 1.4 17.3422 88.8312 12.9836 19.4098 18.3889 73.5771 19.7893 20.4477 10.2678 63.1575 15.1198 77.9992 23.5247 46.927 14.9957 25.0827 15.0131 46.927 9.75433 73.1376 23.4509 39.7306 16.477 15.1855 112.147 19.609 0 57.5883 27.2422 32.0967 
n 1.21667 3.86 49.9235 146.22 53.8414 53.3285 54.0588 15.9899 48.5228 57.3527 54.9995 120.724 51.2051 135.556 81.1109 104.058 54.4105 82.5193 53.0764 104.058 67.1776 130.691 79.9924 90.012 46.5026 50.891 166.186 58.2935 57.5883 0 55.9427 27.3391 
n 1.41667 2.32 40.3877 97.8005 38.0823 43.9811 43.3096 70.4114 42.1043 46.2909 35.9908 76.6412 38.8419 90.8904 41.1679 64.3811 40.2569 40.0096 39.6914 64.3811 33.0447 84.2176 34.9626 35.9865 37.1496 38.7315 111.858 45.7768 27.2422 55.9427 0 40.6146 
n 3.01667 1.05 22.5963 120.748 26.5652 26.1347 26.7989 42.9937 21.3076 30.2077 27.9021 94.4899 23.8758 109.243 55.2097 77.361 27.0735 57.1113 25.7411 77.361 41.1661 104.858 55.442 69.0242 19.2046 23.5624 143.732 31.075 32.0967 27.3391 40.6146 0 
