p 55 6 2
n 1.48333 2.77 0 37.0681 34.1721 33.7241 125.479 49.3732 33.9882 32.0835 73.4707 34.1041 158.74 20.2097 39.8208 72.1019 35.5859 37.5664 48.4065 118.324 26.2438 56.2151 30.9077 131.599 107.36 31.555 84.3388 55.0406 50.7429 86.806 35.9847 31.5058 25.3774 92.9028 28.5913 70.763 34.6445 35.1356 25.6542 92.9558 86.1495 132.266 77.3879 39.1082 35.8705 32.6302 41.4188 92.9558 100.323 92.9558 39.727 26.8023 35.6652 97.8655 64.4287 32.7144 111.595 
n 12.7167 4.64 37.0681 0 4.86828 9.08181 108.804 12.6449 9.28308 13.5096 46.4028 4.07353 143.761 44.8567 18.8736 78.3561 2.01523 0.527529 35.4747 102.317 11.1791 26.9993 6.21162 106.434 84.2827 5.66521 79.342 24.0103 37.8344 63.4528 12.1318 17.1427 54.7805 67.5031 8.5097 45.7513 2.42553 2.1022 11.8358 62.6069 59.0051 108.526 44.974 63.5117 1.3355 10.4362 68.4433 62.6069 68.7673 62.6069 4.0016 17.0308 7.13801 65.5924 36.9613 7.56122 84.6877 
n 3.83333 3.64 34.1721 4.86828 0 4.41191 113.354 15.2983 4.68062 15.7565 51.2415 1.07383 148.274 44.005 22.5537 80.6773 5.33334 5.0755 39.0192 106.813 7.95188 31.8302 4.30713 111.292 89.0754 3.5238 82.855 28.8754 41.4578 68.2121 15.4931 19.2358 50.4972 72.3381 6.20827 50.5138 3.72096 4.70269 10.5672 67.4457 63.8642 113.361 49.755 58.8439 3.69606 5.63307 63.868 67.4457 73.5458 67.4457 5.67907 17.8677 3.25205 70.3305 41.7811 9.69856 89.5551 
n 25.3333 3.77 33.7241 9.08181 4.41191 0 117.758 17.1359 0.377373 19.6837 55.4597 5.45985 152.683 45.4764 26.8724 84.2767 9.74433 9.17926 43.2576 111.223 8.70492 36.0678 7.50435 115.444 93.3635 6.90381 87.0416 33.0107 45.7182 72.5326 19.7775 23.0252 47.9994 76.5618 8.44584 54.8312 8.1242 9.11379 12.8356 71.306 68.0175 117.584 53.4659 55.5857 8.0381 1.54869 60.7986 71.306 77.2255 71.306 8.41882 21.0506 2.5258 73.9202 46.035 13.7925 93.6401 
n 5.4 1.67 125.479 108.804 113.354 117.758 0 108.9 118.003 100.665 64.9758 112.33 35.0341 111.663 91.9197 72.5528 108.023 108.814 77.9656 7.26145 114.87 82.8026 111.573 32.8338 30.5345 111.791 48.2397 86.4578 75.4455 47.0671 98.8343 98.7629 150.825 46.5232 112.366 63.9561 109.677 108.669 110.588 60.9269 55.5174 27.1742 75.0202 163.972 109.738 118.94 166.846 60.9269 63.0399 60.9269 110.996 103.289 115.94 66.7496 73.1975 105.038 41.4 
n 1.2 0.41 49.3732 12.6449 15.2983 17.1359 108.9 0 17.0436 24.3504 44.2662 15.2752 143.913 57.319 26.2632 86.8544 14.4807 12.1187 41.8372 102.849 23.1424 26.3667 18.5473 102.713 82.1894 17.8573 84.6673 22.5796 43.8233 62.1597 21.4565 27.8102 65.134 64.8869 20.8509 44.9485 14.9749 14.7332 24.4739 57.1849 55.8443 105.468 38.988 72.2994 13.6779 18.638 77.6848 57.1849 62.263 57.1849 9.65609 28.9268 14.6717 58.6708 35.7054 19.3557 80.5737 
n 2.86667 2.54 33.9882 9.28308 4.68062 0.377373 118.003 17.0436 0 20.0334 55.6341 5.73921 152.934 45.8276 27.1805 84.6461 10.0048 9.36222 43.5815 111.476 9.0624 36.2497 7.86763 115.6 93.5551 7.25913 87.3738 33.1701 46.0387 72.7353 20.091 23.3836 48.0918 76.7362 8.82318 55.0338 8.40035 9.38214 13.2121 71.4086 68.1756 117.757 53.5473 55.5883 8.26977 1.59442 60.824 71.4086 77.2993 71.4086 8.46102 21.4253 2.53389 73.9812 46.2196 14.1264 93.7823 
n 1.11667 4.51 32.0835 13.5096 15.7565 19.6837 100.665 24.3504 20.0334 0 42.4262 14.7301 135.281 34.126 8.92907 65.0163 11.5932 13.9237 23.9886 93.871 14.3521 24.24 12.2496 102.045 78.6179 12.7868 67.5013 22.9625 26.5232 57.6145 4.06645 3.63424 54.4497 62.8615 12.2204 40.4318 12.4923 11.8661 9.9297 61.2196 55.3047 103.415 45.3061 65.5711 13.4369 20.3197 69.6197 61.2196 68.3899 61.2196 17.484 5.64901 19.0023 65.8313 33.0364 6.12669 81.1252 
n 3.26667 2.66 73.4707 46.4028 51.2415 55.4597 64.9758 44.2662 55.6341 42.4262 0 50.332 99.8842 68.0949 33.8487 65.3575 46.143 46.2811 29.3673 59.2737 54.8878 19.4146 50.5939 60.1338 38.099 50.5806 51.7215 22.5366 28.3711 17.9564 39.2426 42.1391 96.8464 21.1021 52.0091 4.81513 47.84 46.8283 51.7043 20.4021 12.8919 62.1246 14.4317 107.852 47.5496 56.839 112.03 20.4021 28.537 20.4021 47.7711 46.9918 53.2965 27.3906 9.54636 44.7837 38.7626 
n 2.23333 0.26 34.1041 4.07353 1.07383 5.45985 112.33 15.2752 5.73921 14.7301 50.332 0 147.243 43.4641 21.4801 79.684 4.30893 4.35834 37.9468 105.78 7.86726 30.9175 3.66273 110.406 88.1287 2.87423 81.785 28.0128 40.3846 67.2495 14.4197 18.2302 50.9181 71.4232 5.78013 49.5545 2.66459 3.66178 9.98706 66.6761 62.9813 112.443 49.0449 59.4667 2.80757 6.62177 64.4351 66.6761 72.8383 66.6761 5.62292 16.9933 4.27492 69.6543 40.8567 8.65227 88.6973 
n 13.3667 1.32 158.74 143.761 148.274 152.683 35.0341 143.913 152.934 135.281 99.8842 147.243 0 143.583 126.626 98.6484 142.941 143.78 112.139 41.4708 149.559 117.837 146.393 54.6496 63.7532 146.633 76.8793 121.489 109.585 81.9348 133.604 133.225 184.112 80.7094 147.114 98.9785 144.586 143.582 145.176 93.9683 89.8754 48.6448 109.287 197.603 144.675 153.843 200.152 93.9683 94.6494 93.9683 146.002 137.641 150.898 98.6626 108.217 139.823 71.7364 
n 27.5667 4.83 20.2097 44.8567 44.005 45.4764 111.663 57.319 45.8276 34.126 68.0949 43.4641 143.583 0 38.2346 52.6582 42.9147 45.3802 39.3544 104.408 36.7818 54.5052 39.8018 122.042 97.3672 40.59 67.4519 54.7261 41.0802 78.0603 38.0144 31.5311 42.8326 84.9978 37.8048 64.39 42.7437 42.7596 33.4776 88.4654 79.7846 121.845 75.5896 57.2879 44.0517 44.9283 58.3467 88.4654 96.4629 88.4654 48.5345 28.7529 46.5858 94.7511 60.3445 38.0407 103.781 
n 1.31667 1.62 39.8208 18.8736 22.5537 26.8724 91.9197 26.2632 27.1805 8.92907 33.8487 21.4801 126.626 38.2346 0 60.6295 17.4407 19.1044 16.602 85.1799 22.9507 16.733 19.9508 93.2002 69.6986 20.295 60.4693 16.5065 18.9692 48.7024 7.11717 8.3256 63.0342 54.0471 20.4986 31.6224 18.8716 17.9671 18.8035 53.136 46.6761 94.5112 38.1212 74.4184 19.3685 27.7989 78.3651 53.136 60.5684 53.136 22.322 13.1481 25.6061 58.2551 24.636 13.312 72.4222 
n 4.3 4.92 72.1019 78.3561 80.6773 84.2767 72.5528 86.8544 84.6461 65.0163 65.3575 79.684 98.6484 52.6582 60.6295 0 76.5334 78.7153 45.6792 65.7857 76.9389 66.8128 76.795 94.6017 72.3673 77.4528 24.7707 69.8591 44.2415 61.9501 66.3974 61.4603 95.4347 69.2992 76.0039 60.5935 77.5085 76.8573 72.0045 81.5161 70.1048 91.8919 79.2496 109.921 78.4216 84.6063 110.691 81.5161 89.3599 81.5161 82.2123 63.3345 83.9279 90.0035 64.3447 71.143 84.1181 
n 2.05 3.05 35.5859 2.01523 5.33334 9.74433 108.023 14.4807 10.0048 11.5932 46.143 4.30893 142.941 42.9147 17.4407 76.5334 0 2.5113 34.0063 101.48 10.1176 26.7334 5.09832 106.25 83.8736 4.76288 77.88 23.9445 36.404 62.9752 10.518 15.2192 53.955 67.2197 7.25641 45.286 1.699 0.686832 10.1182 62.7994 58.8403 108.232 45.3482 63.059 1.94312 10.9297 67.8721 62.7994 69.1254 62.7994 6.00014 15.0156 8.18971 66.0326 36.6443 5.57487 84.6027 
n 1.15 2.91 37.5664 0.527529 5.0755 9.17926 108.814 12.1187 9.36222 13.9237 46.2811 4.35834 143.78 45.3802 19.1044 78.7153 2.5113 0 35.7058 102.343 11.6325 26.8892 6.68973 106.285 84.1934 6.12101 79.564 23.8524 38.052 63.3843 12.4335 17.558 55.1702 67.3831 8.9952 45.6834 2.9228 2.62905 12.36 62.3704 58.8563 108.406 44.6987 63.8245 1.74829 10.5713 68.7806 62.3704 68.4915 62.3704 3.56165 17.5203 7.13465 65.2984 36.8579 8.01967 84.5157 
n 1.88333 3.19 48.4065 35.4747 39.0192 43.2576 77.9656 41.8372 43.5815 23.9886 29.3673 37.9468 112.139 39.3544 16.602 45.6792 34.0063 35.7058 0 70.9729 38.2587 21.9532 36.0576 83.5782 59.117 36.499 43.8751 24.5324 2.57161 39.016 23.5333 21.3806 73.434 45.7334 36.2071 25.2836 35.3834 34.5096 33.5399 49.7171 40.5015 83.9688 39.4881 86.1602 35.9424 44.0738 89.3399 49.7171 57.8991 49.7171 38.89 25.5586 42.1328 56.6593 23.2101 29.4905 64.5545 
n 5.03333 4.2 118.324 102.317 106.813 111.223 7.26145 102.849 111.476 93.871 59.2737 105.78 41.4708 104.408 85.1799 65.7857 101.48 102.343 70.9729 0 108.123 76.6151 104.924 35.1841 27.304 105.162 41.2922 80.3218 68.4402 41.5492 92.1421 91.8903 143.681 41.8996 105.659 57.9292 103.121 102.118 103.781 57.019 50.6038 30.2248 70.049 156.885 103.221 112.376 159.708 57.019 59.9664 57.019 104.613 96.373 109.455 63.4523 67.1641 98.3589 39.6022 
n 3.23333 1.66 26.2438 11.1791 7.95188 8.70492 114.87 23.1424 9.0624 14.3521 54.8878 7.86726 149.559 36.7818 22.9507 76.9389 10.1176 11.6325 38.2587 108.123 0 35.6835 5.02925 114.977 92.0486 5.5139 81.4071 33.306 40.8106 71.0373 16.1421 16.9687 43.8653 75.7941 2.97349 53.5138 8.79981 9.52524 4.9888 72.3548 67.7321 116.672 55.1797 53.3481 9.88653 8.32661 57.9885 72.3548 78.9007 72.3548 13.4885 13.7537 9.93581 75.9047 45.3423 10.1428 93.5972 
n 15.8667 3.74 56.2151 26.9993 31.8302 36.0678 82.8026 26.3667 36.2497 24.24 19.4146 30.9175 117.837 54.5052 16.733 66.8128 26.7334 26.8892 21.9532 76.6151 35.6835 0 31.2539 79.5196 57.3267 31.2105 60.1354 3.84099 22.8072 36.6241 20.6111 24.8335 78.4685 40.508 32.7634 18.9887 28.4294 27.4193 32.8483 37.0432 32.1292 81.5305 21.3882 88.9156 28.137 37.4347 93.3113 37.0432 44.151 37.0432 28.5383 29.4181 33.9424 41.6551 9.97406 25.6855 57.9512 
n 2.55 2.33 30.9077 6.21162 4.30713 7.50435 111.573 18.5473 7.86763 12.2496 50.5939 3.66273 146.393 39.8018 19.9508 76.795 5.09832 6.68973 36.0576 104.924 5.02925 31.2539 0 110.727 88.0707 0.791976 79.7246 28.6775 38.5546 67.0996 12.8519 15.5301 48.8581 71.6049 2.31647 49.4707 3.79845 4.49643 6.3244 67.6632 63.3776 112.57 50.3365 58.0907 4.96878 8.07043 62.8398 67.6632 74.093 67.6632 9.0231 13.6984 7.35803 71.0431 41.0559 6.64009 89.2034 
n 20.4667 1.57 131.599 106.434 111.292 115.444 32.8338 102.713 115.6 102.045 60.1338 110.406 54.6496 122.042 93.2002 94.6017 106.25 106.285 83.5782 35.1841 114.977 79.5196 110.727 0 24.6906 110.713 70.1502 82.4346 81.4698 44.7975 99.1387 101.238 155.987 39.2086 112.118 61.6195 107.944 106.936 111.61 46.2329 47.4293 6.24813 64.1355 167.613 107.611 116.857 171.517 46.2329 43.9358 46.2329 107.528 106.107 113.207 48.141 69.6723 104.848 22.1971 
n 3.78333 0.19 107.36 84.2827 89.0754 93.3635 30.5345 82.1894 93.5551 78.6179 38.099 88.1287 63.7532 97.3672 69.6986 72.3673 83.8736 84.1934 59.117 27.304 92.0486 57.3267 88.0707 24.6906 0 88.136 48.923 60.6071 56.9447 21.02 75.9878 77.5223 132.012 17.384 89.2768 38.6048 85.5714 84.5526 88.3761 30.4646 26.593 24.9228 45.7013 144.01 85.3802 94.7014 147.694 30.4646 32.6982 30.4646 85.8255 82.3557 91.2671 36.2862 47.3534 81.9146 13.6849 
n 1.88333 1.29 31.555 5.66521 3.5238 6.90381 111.791 17.8573 7.25913 12.7868 50.5806 2.87423 146.633 40.59 20.295 77.4528 4.76288 6.12101 36.499 105.162 5.5139 31.2105 0.791976 110.713 88.136 0 80.2136 28.56 38.9847 67.1807 13.1805 16.1262 49.2314 71.6155 2.99852 49.5315 3.30427 4.11744 7.11349 67.4979 63.3397 112.598 50.0993 58.3092 4.37808 7.57783 63.1095 67.4979 73.8705 67.4979 8.29267 14.4239 6.61492 70.7905 41.0509 7.01945 89.1468 
n 1.11667 0.76 84.3388 79.342 82.855 87.0416 48.2397 84.6673 87.3738 67.5013 51.7215 81.785 76.8793 67.4519 60.4693 24.7707 77.88 79.564 43.8751 41.2922 81.4071 60.1354 79.7246 70.1502 48.923 80.2136 0 63.8217 41.5132 42.6788 67.3921 64.4842 109.359 49.1946 79.6492 47.5466 79.2425 78.3785 76.4914 63.5633 52.4131 67.2237 66.1362 123.423 79.817 87.7864 125.267 63.5633 70.6297 63.5633 82.6919 67.9067 85.9919 72.1211 54.2347 73.2492 61.5328 
n 1.11667 3.46 55.0406 24.0103 28.8754 33.0107 86.4578 22.5796 33.1701 22.9625 22.5366 28.0128 121.489 54.7261 16.5065 69.8591 23.9445 23.8524 24.5324 80.3218 33.306 3.84099 28.6775 82.4346 60.6071 28.56 63.8217 0 25.6581 40.0624 19.0809 24.1004 76.6074 43.6156 30.347 22.5411 25.6219 24.6305 30.875 39.0563 35.0068 84.6174 22.3848 86.6513 25.2087 34.4232 91.2025 39.0563 45.7922 39.0563 25.2345 28.4058 30.7977 43.0308 13.3609 23.5468 60.6845 
n 57.9833 6.35 50.7429 37.8344 41.4578 45.7182 75.4455 43.8233 46.0387 26.5232 28.3711 40.3846 109.585 41.0802 18.9692 44.2415 36.404 38.052 2.57161 68.4402 40.8106 22.8072 38.5546 81.4698 56.9447 38.9847 41.5132 25.6581 0 37.0535 25.9649 23.9471 75.8359 43.9177 38.7373 24.0809 37.8056 36.9192 36.1033 48.5908 39.0478 81.7554 39.2242 88.6318 38.3353 46.5552 91.7633 48.5908 56.8235 48.5908 41.1891 28.1283 44.5518 55.7527 22.946 31.9699 62.7094 
n 39.1333 18.61 86.806 63.4528 68.2121 72.5326 47.0671 62.1597 72.7353 57.6145 17.9564 67.2495 81.9348 78.0603 48.7024 61.9501 62.9752 63.3843 39.016 41.5492 71.0373 36.6241 67.0996 44.7975 21.02 67.1807 42.6788 40.0624 37.0535 0 54.9683 56.591 111.233 7.63003 68.2758 17.7016 64.6705 63.6508 67.358 20.993 10.5103 45.8157 28.9205 123.068 64.5216 73.8443 126.835 20.993 27.9814 20.993 65.1606 61.4417 70.4896 29.4934 26.7062 60.9075 25.8183 
n 1.11667 2.96 35.9847 12.1318 15.4931 19.7775 98.8343 21.4565 20.091 4.06645 39.2426 14.4197 133.604 38.0144 7.11717 66.3974 10.518 12.4335 23.5333 92.1421 16.1421 20.6111 12.8519 99.1387 75.9878 13.1805 67.3921 19.0809 25.9649 54.9683 0 6.66409 57.8703 59.9301 13.5356 37.5498 11.8512 10.9922 12.4766 57.6535 52.1341 100.684 41.4618 68.6093 12.4611 20.6841 72.8363 57.6535 64.6995 57.6535 15.8536 9.71461 18.601 62.0591 29.7565 6.22751 78.0023 
n 1.28333 2.06 31.5058 17.1427 19.2358 23.0252 98.7629 27.8102 23.3836 3.63424 42.1391 18.2302 133.225 31.5311 8.3256 61.4603 15.2192 17.558 21.3806 91.8903 16.9687 24.8335 15.5301 101.238 77.5223 16.1262 64.4842 24.1004 23.9471 56.591 6.66409 0 54.8312 62.1559 15.1918 39.7692 16.0718 15.4764 12.1669 61.4509 54.9373 102.398 46.1731 66.4876 17.0482 23.5591 70.2789 61.4509 68.8421 61.4509 21.1182 4.87817 22.4877 66.4652 32.9608 9.71196 80.6272 
n 2.71667 2.64 25.3774 54.7805 50.4972 47.9994 150.825 65.134 48.0918 54.4497 96.8464 50.9181 184.112 42.8326 63.0342 95.4347 53.955 55.1702 73.434 143.681 43.8653 78.4685 48.8581 155.987 132.012 49.2314 109.359 76.6074 75.8359 111.233 57.8703 54.8312 0 116.975 46.8075 94.6005 52.5243 53.3362 45.7326 115.507 109.702 156.934 98.8282 14.5117 53.4463 46.4975 16.0417 115.507 122.399 115.507 56.0224 49.9532 50.4819 119.559 87.486 53.088 135.45 
n 1.53333 4.03 92.9028 67.5031 72.3381 76.5618 46.5232 64.8869 76.7362 62.8615 21.1021 71.4232 80.7094 84.9978 54.0471 69.2992 67.2197 67.3831 45.7334 41.8996 75.7941 40.508 71.6049 39.2086 17.384 71.6155 49.1946 43.6156 43.9177 7.63003 59.9301 62.1559 116.975 0 72.9504 22.4305 68.918 67.9041 72.4021 16.0407 9.22648 41.0233 28.5848 128.432 68.6449 77.9393 132.407 16.0407 21.753 16.0407 68.8434 67.0329 74.3953 23.978 30.5763 65.6582 18.8291 
n 1.16667 1.41 28.5913 8.5097 6.20827 8.44584 112.366 20.8509 8.82318 12.2204 52.0091 5.78013 147.114 37.8048 20.4986 76.0039 7.25641 8.9952 36.2071 105.659 2.97349 32.7634 2.31647 112.118 89.2768 2.99852 79.6492 30.347 38.7373 68.2758 13.5356 15.1918 46.8075 72.9504 0 50.7114 6.08673 6.70401 4.47154 69.3909 64.8391 113.861 52.2066 56.3131 7.28244 8.6066 60.962 69.3909 75.9274 69.3909 11.2888 12.6814 8.90935 72.9324 42.4628 7.38645 90.6963 
n 8.53333 5.18 70.763 45.7513 50.5138 54.8312 63.9561 44.9485 55.0338 40.4318 4.81513 49.5545 98.9785 64.39 31.6224 60.5935 45.286 45.6834 25.2836 57.9292 53.5138 18.9887 49.4707 61.6195 38.6048 49.5315 47.5466 22.5411 24.0809 17.7016 37.5498 39.7692 94.6005 22.4305 50.7114 0 46.9825 45.9631 50.0087 24.5124 15.5186 63.1593 18.8949 106.003 46.8222 56.1453 109.987 24.5124 32.7601 24.5124 47.4966 44.6473 52.7916 31.8882 9.24317 43.3713 40.8795 
n 1.2 4.26 34.6445 2.42553 3.72096 8.1242 109.677 14.9749 8.40035 12.4923 47.84 2.66459 144.586 42.7437 18.8716 77.5085 1.699 2.9228 35.3834 103.121 8.79981 28.4294 3.79845 107.944 85.5714 3.30427 79.2425 25.6219 37.8056 64.6705 11.8512 16.0718 52.5243 68.918 6.08673 46.9825 0 1.01976 9.51229 64.4394 60.5324 109.931 46.9393 61.4763 1.31548 9.26378 66.331 64.4394 70.7243 64.4394 5.79866 15.3686 6.74977 67.6063 38.3427 6.3662 86.2886 
n 1.66667 3.03 35.1356 2.1022 4.70269 9.11379 108.669 14.7332 9.38214 11.8661 46.8283 3.66178 143.582 42.7596 17.9671 76.8573 0.686832 2.62905 34.5096 102.118 9.52524 27.4193 4.49643 106.936 84.5526 4.11744 78.3785 24.6305 36.9192 63.6508 10.9922 15.4764 53.3362 67.9041 6.70401 45.9631 1.01976 0 9.77108 63.4783 59.5269 108.916 46.014 62.3941 1.57181 10.2749 67.2193 63.4783 69.7937 63.4783 5.93915 15.0581 7.63977 66.6937 37.3284 5.77597 85.2895 
n 1.78333 2.04 25.6542 11.8358 10.5672 12.8356 110.588 24.4739 13.2121 9.9297 51.7043 9.98706 145.176 33.4776 18.8035 72.0045 10.1182 12.36 33.5399 103.781 4.9888 32.8483 6.3244 111.61 88.3761 7.11349 76.4914 30.875 36.1033 67.358 12.4766 12.1669 45.7326 72.4021 4.47154 50.0087 9.51229 9.77108 0 69.8324 64.5933 113.116 53.1316 56.1534 10.8228 12.8227 60.4647 69.8324 76.6668 69.8324 15.1926 8.76525 13.3771 73.8502 42.1994 7.3967 90.4667 
n 1.36667 0.72 92.9558 62.6069 67.4457 71.306 60.9269 57.1849 71.4086 61.2196 20.4021 66.6761 93.9683 88.4654 53.136 81.5161 62.7994 62.3704 49.7171 57.019 72.3548 37.0432 67.6632 46.2329 30.4646 67.4979 63.5633 39.0563 48.5908 20.993 57.6535 61.4509 115.507 16.0407 69.3909 24.5124 64.4394 63.4783 69.8324 0 11.4217 49.8318 18.2025 125.703 63.8781 72.7983 130.246 0 8.29069 0 63.046 66.2022 68.9179 8.58253 28.6134 62.5672 24.1283 
n 1.2 1.61 86.1495 59.0051 63.8642 68.0175 55.5174 55.8443 68.1756 55.3047 12.8919 62.9813 89.8754 79.7846 46.6761 70.1048 58.8403 58.8563 40.5015 50.6038 67.7321 32.1292 63.3776 47.4293 26.593 63.3397 52.4131 35.0068 39.0478 10.5103 52.1341 54.9373 109.702 9.22648 64.8391 15.5186 60.5324 59.5269 64.5933 11.4217 0 49.7292 19.5035 120.743 60.1846 69.4276 124.916 11.4217 19.3565 11.4217 60.1462 59.8026 65.7912 19.9707 22.4065 57.6454 25.8777 
n 3.31667 2.17 132.266 108.526 113.361 117.584 27.1742 105.468 117.757 103.415 62.1246 112.443 48.6448 121.845 94.5112 91.8919 108.232 108.406 83.9688 30.2248 116.672 81.5305 112.57 6.24813 24.9228 112.598 67.2237 84.6174 81.7554 45.8157 100.684 102.398 156.934 41.0233 113.861 63.1593 109.931 108.916 113.116 49.8318 49.7292 0 67.3502 168.881 109.667 118.963 172.604 49.8318 48.355 49.8318 109.827 107.241 115.409 52.5451 71.5891 106.53 25.7526 
n 1.18333 0.56 77.3879 44.974 49.755 53.4659 75.0202 38.988 53.5473 45.3061 14.4317 49.0449 109.287 75.5896 38.1212 79.2496 45.3482 44.6987 39.4881 70.049 55.1797 21.3882 50.3365 64.1355 45.7013 50.0993 66.1362 22.3848 39.2242 28.9205 41.4618 46.1731 98.8282 28.5848 52.2066 18.8949 46.9393 46.014 53.1316 18.2025 19.5035 67.3502 0 108.407 46.2754 54.9799 113.164 18.2025 23.7934 18.2025 45.124 50.6601 51.0342 20.7353 16.2928 45.7502 41.9389 
n 1.11667 1.26 39.1082 63.5117 58.8439 55.5857 163.972 72.2994 55.5883 65.5711 107.852 59.4667 197.603 57.2879 74.4184 109.921 63.059 63.8245 86.1602 156.885 53.3481 88.9156 58.0907 167.613 144.01 58.3092 123.423 86.6513 88.6318 123.068 68.6093 66.4876 14.5117 128.432 56.3131 106.003 61.4763 62.3941 56.1534 125.703 120.743 168.881 108.407 0 62.1921 54.037 6.29853 125.703 132.179 125.703 63.9727 61.6589 58.1085 129.082 98.3528 63.2307 146.611 
n 65.4333 5.92 35.8705 1.3355 3.69606 8.0381 109.738 13.6779 8.26977 13.4369 47.5496 2.80757 144.675 44.0517 19.3685 78.4216 1.94312 1.74829 35.9424 103.221 9.88653 28.137 4.96878 107.611 85.3802 4.37808 79.817 25.2087 38.3353 64.5216 12.4611 17.0482 53.4463 68.6449 7.28244 46.8222 1.31548 1.57181 10.8228 63.8781 60.1846 109.667 46.2754 62.1921 0 9.32327 67.1137 63.8781 70.0682 63.8781 4.50582 16.5613 6.31083 66.9045 38.0858 7.34671 85.893 
n 14.0667 3.9 32.6302 10.4362 5.63307 1.54869 118.94 18.638 1.59442 20.3197 56.839 6.62177 153.843 44.9283 27.7989 84.6063 10.9297 10.5713 44.0738 112.376 8.32661 37.4347 8.07043 116.857 94.7014 7.57783 87.7864 34.4232 46.5552 73.8443 20.6841 23.5591 46.4975 77.9393 8.6066 56.1453 9.26378 10.2749 12.8227 72.7983 69.4276 118.963 54.9799 54.037 9.32327 0 59.2531 72.7983 78.7453 72.7983 9.9621 21.2878 4.07319 75.4493 47.3938 14.5853 95.0769 
n 6.93333 4.75 41.4188 68.4433 63.868 60.7986 166.846 77.6848 60.824 69.6197 112.03 64.4351 200.152 58.3467 78.3651 110.691 67.8721 68.7806 89.3399 159.708 57.9885 93.3113 62.8398 171.517 147.694 63.1095 125.267 91.2025 91.7633 126.835 72.8363 70.2789 16.0417 132.407 60.962 109.987 66.331 67.2193 60.4647 130.246 124.916 172.604 113.164 6.29853 67.1137 59.2531 0 130.246 136.887 130.246 69.1296 65.4113 63.3242 133.881 102.583 67.6805 150.745 
n 1.23333 4.26 92.9558 62.6069 67.4457 71.306 60.9269 57.1849 71.4086 61.2196 20.4021 66.6761 93.9683 88.4654 53.136 81.5161 62.7994 62.3704 49.7171 57.019 72.3548 37.0432 67.6632 46.2329 30.4646 67.4979 63.5633 39.0563 48.5908 20.993 57.6535 61.4509 115.507 16.0407 69.3909 24.5124 64.4394 63.4783 69.8324 0 11.4217 49.8318 18.2025 125.703 63.8781 72.7983 130.246 0 8.29069 0 63.046 66.2022 68.9179 8.58253 28.6134 62.5672 24.1283 
n 1.13333 4.31 100.323 68.7673 73.5458 77.2255 63.0399 62.263 77.2993 68.3899 28.537 72.8383 94.6494 96.4629 60.5684 89.3599 69.1254 68.4915 57.8991 59.9664 78.9007 44.151 74.093 43.9358 32.6982 73.8705 70.6297 45.7922 56.8235 27.9814 64.6995 68.8421 122.399 21.753 75.9274 32.7601 70.7243 69.7937 76.6668 8.29069 19.3565 48.355 23.7934 132.179 70.0682 78.7453 136.887 8.29069 0 8.29069 68.8583 73.5231 74.7793 4.20534 36.309 69.3237 23.0177 
n 2.63333 0.28 92.9558 62.6069 67.4457 71.306 60.9269 57.1849 71.4086 61.2196 20.4021 66.6761 93.9683 88.4654 53.136 81.5161 62.7994 62.3704 49.7171 57.019 72.3548 37.0432 67.6632 46.2329 30.4646 67.4979 63.5633 39.0563 48.5908 20.993 57.6535 61.4509 115.507 16.0407 69.3909 24.5124 64.4394 63.4783 69.8324 0 11.4217 49.8318 18.2025 125.703 63.8781 72.7983 130.246 0 8.29069 0 63.046 66.2022 68.9179 8.58253 28.6134 62.5672 24.1283 
n 9.3 3.57 39.727 4.0016 5.67907 8.41882 110.996 9.65609 8.46102 17.484 47.7711 5.62292 146.002 48.5345 22.322 82.2123 6.00014 3.56165 38.89 104.613 13.4885 28.5383 9.0231 107.528 85.8255 8.29267 82.6919 25.2345 41.1891 65.1606 15.8536 21.1182 56.0224 68.8434 11.2888 47.4966 5.79866 5.93915 15.1926 63.046 60.1462 109.827 45.124 63.9727 4.50582 9.9621 69.1296 63.046 68.8583 63.046 0 20.9912 5.92978 65.5247 38.4912 11.5626 85.6188 
n 2.23333 0.21 26.8023 17.0308 17.8677 21.0506 103.289 28.9268 21.4253 5.64901 46.9918 16.9933 137.641 28.7529 13.1481 63.3345 15.0156 17.5203 25.5586 96.373 13.7537 29.4181 13.6984 106.107 82.3557 14.4239 67.9067 28.4058 28.1283 61.4417 9.71461 4.87817 49.9532 67.0329 12.6814 44.6473 15.3686 15.0581 8.76525 66.2022 59.8026 107.241 50.6601 61.6589 16.5613 21.2878 65.4113 66.2022 73.5231 66.2022 20.9912 0 21.037 71.0728 37.7714 9.61496 85.5035 
n 1.06667 2.65 35.6652 7.13801 3.25205 2.5258 115.94 14.6717 2.53389 19.0023 53.2965 4.27492 150.898 46.5858 25.6061 83.9279 8.18971 7.13465 42.1328 109.455 9.93581 33.9424 7.35803 113.207 91.2671 6.61492 85.9919 30.7977 44.5518 70.4896 18.601 22.4877 50.4819 74.3953 8.90935 52.7916 6.74977 7.63977 13.3771 68.9179 65.7912 115.409 51.0342 58.1085 6.31083 4.07319 63.3242 68.9179 74.7793 68.9179 5.92978 21.037 0 71.4536 43.9164 12.9261 91.3586 
n 1.33333 0.12 97.8655 65.5924 70.3305 73.9202 66.7496 58.6708 73.9812 65.8313 27.3906 69.6543 98.6626 94.7511 58.2551 90.0035 66.0326 65.2984 56.6593 63.4523 75.9047 41.6551 71.0431 48.141 36.2862 70.7905 72.1211 43.0308 55.7527 29.4934 62.0591 66.4652 119.559 23.978 72.9324 31.8882 67.6063 66.6937 73.8502 8.58253 19.9707 52.5451 20.7353 129.082 66.9045 75.4493 133.881 8.58253 4.20534 8.58253 65.5247 71.0728 71.4536 0 34.4126 66.4754 27.1317 
n 1.1 3.16 64.4287 36.9613 41.7811 46.035 73.1975 35.7054 46.2196 33.0364 9.54636 40.8567 108.217 60.3445 24.636 64.3447 36.6443 36.8579 23.2101 67.1641 45.3423 9.97406 41.0559 69.6723 47.3534 41.0509 54.2347 13.3609 22.946 26.7062 29.7565 32.9608 87.486 30.5763 42.4628 9.24317 38.3427 37.3284 42.1994 28.6134 22.4065 71.5891 16.2928 98.3528 38.0858 47.3938 102.583 28.6134 36.309 28.6134 38.4912 37.7714 43.9164 34.4126 0 35.2428 48.2841 
n 1.2 4.31 32.7144 7.56122 9.69856 13.7925 105.038 19.3557 14.1264 6.12669 44.7837 8.65227 139.823 38.0407 13.312 71.143 5.57487 8.01967 29.4905 98.3589 10.1428 25.6855 6.64009 104.848 81.9146 7.01945 73.2492 23.5468 31.9699 60.9075 6.22751 9.71196 53.088 65.6582 7.38645 43.3713 6.3662 5.77597 7.3967 62.5672 57.6454 106.53 45.7502 63.2307 7.34671 14.5853 67.6805 62.5672 69.3237 62.5672 11.5626 9.61496 12.9261 66.4754 35.2428 0 83.5197 
n 1.35 2.22 111.595 84.6877 89.5551 93.6401 41.4 80.5737 93.7823 81.1252 38.7626 88.6973 71.7364 103.781 72.4222 84.1181 84.6027 84.5157 64.5545 39.6022 93.5972 57.9512 89.2034 22.1971 13.6849 89.1468 61.5328 60.6845 62.7094 25.8183 78.0023 80.6272 135.45 18.8291 90.6963 40.8795 86.2886 85.2895 90.4667 24.1283 25.8777 25.7526 41.9389 146.611 85.893 95.0769 150.745 24.1283 23.0177 24.1283 85.6188 85.5035 91.3586 27.1317 48.2841 83.5197 0 
