p 50 6 2
n 1.86667 3.99 0 7.39995 4.53541 21.2346 143.767 49.8557 68.436 7.21435 69.3951 15.5687 4.57 11.0389 61.4081 10.5421 13.3559 33.0457 57.8573 78.7689 52.3525 2.52972 4.22558 25.5873 35.5181 1.92805 51.5296 12.4745 67.1897 20.8356 26.3973 74.8468 65.3118 26.5347 53.2378 149.157 80.7146 142.621 43.7446 52.1663 76.0262 109.303 85.1908 21.1011 7.671 13.1462 64.6247 61.1207 27.1734 1.81392 8.40005 11.9299 
n 30.9167 5.35 7.39995 0 4.6498 28.5531 148.266 56.3396 71.1353 2.19724 70.2277 22.9671 4.58775 18.1195 65.0206 17.1039 20.236 39.2845 65.1294 80.0935 53.7352 4.90877 11.5351 27.4616 41.6654 5.54302 54.026 19.1397 69.8119 21.3698 30.96 77.755 67.9408 32.7121 56.7545 153.575 81.3397 147.222 45.5884 58.0447 78.9832 112.068 88.327 27.9857 9.83289 20.3907 65.6931 62.3305 32.3521 6.07769 5.5361 13.8951 
n 8.11667 5.86 4.53541 4.6498 0 25.3599 143.793 51.7503 67.1486 3.31319 67.0039 19.3348 0.0642436 13.9474 60.7371 15.0769 15.8938 34.6666 61.9806 82.0133 55.5811 3.27747 7.88455 23.642 37.035 3.62201 50.0858 14.7085 65.8509 23.4869 30.6707 73.7029 63.9751 28.0936 52.4881 149.121 83.6484 142.728 47.1448 53.3953 74.9157 108.087 84.2075 25.5559 10.6013 16.3566 62.3548 58.9235 31.5921 4.4276 8.62121 15.0273 
n 2.08333 0.75 21.2346 28.5531 25.3599 0 135.661 36.4775 68.5326 28.4045 74.8148 6.69927 25.4123 13.1809 59.0474 12.616 13.2159 23.726 36.6334 75.1453 50.5293 23.6533 17.4867 34.1228 26.1082 23.0176 53.6379 14.6373 67.6046 28.7261 19.9906 73.9156 65.8322 19.824 51.9426 141.265 79.0367 134.177 41.7097 41.6977 74.8781 107.561 83.0453 5.5496 22.4128 10.7695 69.6943 66.045 17.8607 22.4882 27.3762 22.7529 
n 16.1667 1.31 143.767 148.266 143.793 135.661 0 99.7537 81.3101 146.281 93.3929 134.812 143.848 134.524 83.9824 144.052 131.99 112.774 130.369 207.79 185.475 145.548 140.5 122.151 110.219 145.243 97.1434 132.227 82.8099 162.099 155.486 74.5337 84.4013 118.507 92.1701 5.72416 212.937 2.75019 176.946 93.9706 73.2116 49.242 64.0488 141.138 150.6 133.809 94.626 96.0642 152.912 145.515 151.953 153.693 
n 1.95 1.8 49.8557 56.3396 51.7503 36.4775 99.7537 0 44.6441 54.9426 58.3861 37.0861 51.8143 38.9913 33.4443 46.6703 36.543 17.1843 39.4214 108.511 85.7218 52.1992 45.8069 39.8066 15.0472 51.6993 37.4507 37.3874 44.412 64.5294 55.9272 47.5231 43.1984 23.7144 30.551 105.414 113.352 98.1494 77.2251 8.336 48.0286 77.2547 53.8741 41.7871 55.0418 37.4032 53.7282 50.7013 53.2342 51.6552 58.1549 57.0964 
n 4.1 4.26 68.436 71.1353 67.1486 68.5326 81.3101 44.6441 0 68.9781 18.1386 64.7998 67.1925 61.8678 11.2008 72.2584 59.6703 45.8167 83.8859 143.39 117.898 69.6083 66.2035 43.6982 44 69.4768 17.128 59.2809 1.49992 88.8899 87.6212 6.89183 3.23868 48.7092 16.621 86.0661 146.724 80.8666 108.941 36.4313 8.20943 40.9397 17.7098 73.8284 76.0029 62.2108 16.0564 15.9019 86.1055 69.959 75.7557 79.9084 
n 13.0333 2.3 7.21435 2.19724 3.31319 28.4045 146.281 54.9426 68.9781 0 68.0358 22.5229 3.2501 17.2524 62.9433 17.5337 19.2055 37.8227 65.0375 82.0685 55.6834 5.04638 11.0249 25.2931 40.162 5.64281 51.8639 18.0094 67.6506 23.3399 32.2067 75.6094 65.7805 31.2533 54.6729 151.576 83.3966 145.253 47.4584 56.4171 76.8406 109.907 86.1954 28.2669 11.2944 19.6431 63.4971 60.1334 33.4166 6.36155 7.59786 15.5442 
n 3.86667 4.74 69.3951 70.2277 67.0039 74.8148 93.3929 58.3861 18.1386 68.0358 0 69.8264 67.0337 65.4576 27.0323 75.5559 63.7126 54.8157 96.2583 147.471 121.271 69.9464 68.1861 43.8768 53.6558 69.9796 22.078 62.919 17.2557 90.2147 92.1858 22.1464 17.3306 55.7058 27.8365 97.6032 149.927 93.3693 112.427 50.7669 23.1782 47.2677 30.3556 79.5889 77.0384 66.4887 5.13851 8.77478 91.2923 70.6121 75.4565 81.318 
n 3.93333 5.05 15.5687 22.9671 19.3348 6.69927 134.812 37.0861 64.7998 22.5229 69.8264 0 19.3917 6.48351 55.9085 9.58426 6.72532 22.0379 42.8091 78.6081 53.1939 18.0834 11.5014 27.9944 24.5925 17.4589 49.2007 8.05444 63.7767 27.5703 22.8273 70.5163 61.9581 16.7181 48.3869 140.353 81.9821 133.443 44.246 41.118 71.5484 104.587 80.0648 9.94171 18.5099 4.10243 64.7443 61.0955 21.5347 17.0568 22.7207 20.0564 
n 3.46667 0.27 4.57 4.58775 0.0642436 25.4123 143.848 51.8143 67.1925 3.2501 67.0337 19.3917 0 14.0094 60.7873 15.112 15.9573 34.7302 62.0339 82.0011 55.5692 3.27715 7.93857 23.6809 37.0983 3.63156 50.1285 14.7725 65.8943 23.4678 30.6865 73.7482 64.0186 28.1572 52.5378 149.175 83.6304 142.783 47.1366 53.4576 74.9614 108.131 84.2543 25.5989 10.5933 16.4174 62.3864 58.9564 31.6142 4.43801 8.58036 15.0184 
n 7.33333 1.97 11.0389 18.1195 13.9474 13.1809 134.524 38.9913 61.8678 17.2524 65.4576 6.48351 14.0094 0 53.7093 10.3931 2.55326 22.497 48.9838 82.1613 56.2253 13.5103 6.86291 22.5047 25.0354 12.9496 45.6274 2.59473 60.7484 27.7563 26.7489 67.9023 58.894 16.1935 45.8314 139.992 85.0481 133.273 47.2908 41.8084 69.0015 102.254 77.8331 15.7401 16.3186 2.58087 60.4458 56.8194 26.1147 12.7895 19.1878 19.1694 
n 1.13333 2.16 61.4081 65.0206 60.7371 59.0474 83.9824 33.4443 11.2008 62.9433 27.0323 55.9085 60.7873 53.7093 0 63.9956 51.3573 35.7304 72.7199 134.175 109.088 62.8715 58.7154 38.2482 33.7123 62.6574 14.1719 51.174 11.0615 81.2762 78.5779 15.0291 10.1106 39.3734 8.27652 89.1045 137.837 83.1836 100.147 25.2349 15.8918 48.6799 24.1686 64.4727 68.7563 53.7182 23.3806 21.5394 76.8281 63.0488 69.2004 72.3998 
n 13.05 5.35 10.5421 17.1039 15.0769 12.616 144.052 46.6703 72.2584 17.5337 75.5559 9.58426 15.112 10.3931 63.9956 0 12.6436 31.3509 48.4538 71.9333 45.8858 12.4894 8.51172 32.0477 33.921 11.892 55.994 12.9849 71.1413 18.0929 17.1156 78.2702 69.2871 25.5848 56.1773 149.566 74.6928 142.726 36.9695 50.5748 79.3615 112.593 88.1441 10.9258 9.80508 10.3633 70.5867 66.9776 17.2226 11.1822 14.9711 10.5464 
n 2.5 1.53 13.3559 20.236 15.8938 13.2159 131.99 36.543 59.6703 19.2055 63.7126 6.72532 15.9573 2.55326 51.3573 12.6436 0 19.9629 48.0719 84.1075 58.295 15.7728 9.26397 21.3212 22.4958 15.2381 43.5842 1.52124 58.5731 30.2388 28.4974 65.6389 56.726 13.6407 43.5367 137.462 87.1285 130.733 49.3461 39.2646 66.725 99.9493 75.5017 16.582 18.8676 2.81327 58.6692 55.0311 27.6239 15.1389 21.6119 21.7037 
n 1.88333 3.19 33.0457 39.2845 34.6666 23.726 112.774 17.1843 45.8167 37.8227 54.8157 22.0379 34.7302 22.497 35.7304 31.3509 19.9629 0 42.8881 98.7599 74.2387 35.3051 29.139 24.5324 2.57161 34.8363 32.7699 20.6081 45.0465 49.4425 43.6575 50.7347 43.3765 6.57303 29.2579 118.315 102.758 111.413 65.388 19.3357 51.6222 83.9688 59.4957 29.262 38.8023 21.3178 49.7171 46.1876 41.58 34.8582 41.4245 41.3562 
n 1.18333 0.21 57.8573 65.1294 61.9806 36.6334 130.369 39.4214 83.8859 65.0375 96.2583 42.8091 62.0339 48.9838 72.7199 48.4538 48.0719 42.8881 0 81.1469 64.8256 60.2484 54.0979 65.0922 43.3266 59.6133 74.3542 49.5899 83.5518 59.6468 44.1481 86.9442 82.2202 45.0913 68.7968 136.082 87.5955 128.311 58.6397 47.7553 87.4398 115.553 92.9334 37.6774 57.9971 46.4035 91.3176 87.9726 40.7811 59.052 63.4043 57.0045 
n 3.9 3.65 78.7689 80.0935 82.0133 75.1453 207.79 108.511 143.39 82.0685 147.471 78.6081 82.0011 82.1613 134.175 71.9333 84.1075 98.7599 81.1469 0 26.434 78.7891 79.4091 103.743 101.035 78.5981 127.675 84.7396 142.381 58.7304 55.7813 148.979 140.565 94.8298 126.903 213.495 7.81585 206.02 35.0905 115.312 149.969 182.7 158.189 69.702 71.4364 81.4285 142.517 138.91 57.3505 77.8646 74.563 67.0109 
n 1.28333 3.96 52.3525 53.7352 55.5811 50.5293 185.475 85.7218 117.898 55.6834 121.271 53.1939 55.5692 56.2253 109.088 45.8858 58.295 74.2387 64.8256 26.434 0 52.3552 53.1099 77.4571 76.6371 52.1646 101.851 58.8182 116.831 32.3669 30.5962 123.701 114.993 69.7568 101.566 191.132 28.8342 183.863 8.95668 91.8492 124.74 157.758 133.228 44.9829 45.0024 55.6992 116.356 112.768 32.7601 51.4325 48.2159 40.577 
n 8.71667 1.94 2.52972 4.90877 3.27747 23.6533 145.548 52.1992 69.6083 5.04638 69.9464 18.0834 3.27715 13.5103 62.8715 12.4894 15.7728 35.3051 60.2484 78.7891 52.3552 0 6.74437 26.3519 37.753 0.635628 52.6102 14.8179 68.3352 20.3662 27.5176 76.0939 66.4574 28.7646 54.659 150.914 80.4937 144.434 43.89 54.3356 77.2903 110.524 86.5201 23.262 7.35436 15.662 65.2491 61.7874 28.5566 1.32024 6.40493 11.7824 
n 3.4 4.62 4.22558 11.5351 7.88455 17.4867 140.5 45.8069 66.2035 11.0249 68.1861 11.5014 7.93857 6.86291 58.7154 8.51172 9.26397 29.139 54.0979 79.4091 53.1099 6.74437 0 24.3473 31.6444 6.15322 49.502 8.53901 65.004 22.6871 25.4761 72.4788 63.1307 22.6953 50.6372 145.926 81.7433 139.309 44.3202 48.3673 73.6284 106.933 82.6735 18.0588 10.1238 8.92068 63.3085 59.7457 25.7313 5.93529 12.3481 13.7208 
n 1.11667 3.46 25.5873 27.4616 23.642 34.1228 122.151 39.8066 43.6982 25.2931 43.8768 27.9944 23.6809 22.5047 38.2482 32.0477 21.3212 24.5324 65.0922 103.743 77.4571 26.3519 24.3473 0 25.6581 26.3163 26.5758 20.1851 42.3624 46.4218 49.0398 50.3671 40.4941 20.2364 30.0019 127.321 106.062 121.275 68.6596 37.9078 51.6112 84.6174 61.0153 37.9013 33.2554 24.1094 39.0563 35.5375 48.5972 26.8989 32.2577 37.48 
n 57.9833 6.35 35.5181 41.6654 37.035 26.1082 110.219 15.0472 44 40.162 53.6558 24.5925 37.0983 25.0354 33.7123 33.921 22.4958 2.57161 43.3266 101.035 76.6371 37.753 31.6444 25.6581 0 37.2934 31.5778 23.1072 43.2838 52.013 46.0745 48.7387 41.653 8.98839 27.539 115.764 105.107 108.853 67.8047 16.7793 49.5943 81.7554 57.3197 31.6543 41.3477 23.8846 48.5908 45.1115 43.939 37.3317 43.9063 43.9239 
n 1.35 3.22 1.92805 5.54302 3.62201 23.0176 145.243 51.6993 69.4768 5.64281 69.9796 17.4589 3.63156 12.9496 62.6574 11.892 15.2381 34.8363 59.6133 78.5981 52.1646 0.635628 6.15322 26.3163 37.2934 0 52.5013 14.3122 68.2109 20.2752 27.0718 75.9423 66.3328 28.3054 54.4559 150.617 80.3616 144.12 43.6634 53.9008 77.134 110.382 86.3462 22.6439 7.17412 15.0739 65.2629 61.7898 28.061 0.807886 6.73818 11.5897 
n 1.11667 1.36 51.5296 54.026 50.0858 53.6379 97.1434 37.4507 17.128 51.8639 22.078 49.2007 50.1285 45.6274 14.1719 55.994 43.5842 32.7699 74.3542 127.675 101.851 52.6102 49.502 26.5758 31.5778 52.5013 0 43.0336 15.7869 72.1445 71.9516 23.8612 13.9184 34.0902 8.43015 102.107 130.675 96.4939 92.911 30.591 25.1302 58.043 34.6078 58.6736 59.1462 46.2471 17.0255 13.6188 70.7215 53.0085 58.7025 63.1466 
n 1.16667 1.76 12.4745 19.1397 14.7085 14.6373 132.227 37.3874 59.2809 18.0094 62.919 8.05444 14.7725 2.59473 51.174 12.9849 1.52124 20.6081 49.5899 84.7396 58.8182 14.8179 8.53901 20.1851 23.1072 14.3122 43.0336 0 58.1586 30.2042 29.2695 65.3295 56.3034 14.1576 43.271 137.68 87.6419 130.998 49.8823 39.8299 66.4325 99.6937 75.285 17.7874 18.4345 3.98829 57.8979 54.2681 28.5427 14.2803 20.825 21.5149 
n 9.36667 5.27 67.1897 69.8119 65.8509 67.6046 82.8099 44.412 1.49992 67.6506 17.2557 63.7767 65.8943 60.7484 11.0615 71.1413 58.5731 45.0465 83.5518 142.381 116.831 68.3352 65.004 42.3624 43.2838 68.2109 15.7869 58.1586 0 87.6866 86.6033 8.36957 1.87809 47.7823 15.7935 87.5639 145.662 82.3662 107.875 36.2575 9.69091 42.2563 19.1781 72.8724 74.7709 61.1339 14.8721 14.5338 85.1271 68.7006 74.4627 78.6997 
n 3.91667 1.55 20.8356 21.3698 23.4869 28.7261 162.099 64.5294 88.8899 23.3399 90.2147 27.5703 23.4678 27.7563 81.2762 18.0929 30.2388 49.4425 59.6468 58.7304 32.3669 20.3662 22.6871 46.4218 52.013 20.2752 72.1445 30.2042 87.6866 0 16.2453 95.1572 85.8125 43.5936 73.2591 167.6 60.1675 160.791 24.3614 68.6582 96.3012 129.605 105.306 24.3722 13.1768 28.2937 85.4583 81.9564 19.309 19.6154 15.8493 8.99894 
n 3.45 1.42 26.3973 30.96 30.6707 19.9906 155.486 55.9272 87.6212 32.2067 92.1858 22.8273 30.6865 26.7489 78.5779 17.1156 28.4974 43.6575 44.1481 55.7813 30.5962 27.5176 25.4761 49.0398 46.0745 27.0718 71.9516 29.2695 86.6033 16.2453 0 93.2838 84.7853 39.2103 71.1726 161.109 59.263 153.957 21.7311 61.5864 94.2975 127.222 102.689 14.4438 21.1651 25.7564 87.1558 83.5212 3.40196 26.2645 26.5041 17.6815 
n 8.1 2.51 74.8468 77.755 73.7029 73.9156 74.5337 47.5231 6.89183 75.6094 22.1464 70.5163 73.7482 67.9023 15.0291 78.2702 65.6389 50.7347 86.9442 148.979 123.701 76.0939 72.4788 50.3671 48.7387 75.9423 23.8612 65.3295 8.36957 95.1572 93.2838 0 10.1109 54.1526 22.1374 79.2447 152.498 74.1382 114.748 39.189 1.32553 34.4617 10.8213 79.2981 82.3659 68.1092 21.3558 21.9587 91.6329 76.4027 82.2921 86.1988 
n 1.6 3.53 65.3118 67.9408 63.9751 65.8322 84.4013 43.1984 3.23868 65.7805 17.3306 61.9581 64.0186 58.894 10.1106 69.2871 56.726 43.3765 82.2202 140.565 114.993 66.4574 63.1307 40.4941 41.653 66.3328 13.9184 56.3034 1.87809 85.8125 84.7853 10.1109 0 46.0138 14.1219 89.1909 143.825 83.9243 106.037 35.1135 11.421 44.1272 20.9322 71.0846 72.8938 59.2938 14.4298 13.6506 83.3274 66.8226 72.5865 76.825 
n 1.11667 1.26 26.5347 32.7121 28.0936 19.824 118.507 23.7144 48.7092 31.2533 55.7058 16.7181 28.1572 16.1935 39.3734 25.5848 13.6407 6.57303 45.0913 94.8298 69.7568 28.7646 22.6953 20.2364 8.98839 28.3054 34.0902 14.1576 47.7823 43.5936 39.2103 54.1526 46.0138 0 32.1276 124.007 98.4732 117.212 60.8311 25.6723 55.139 88.0127 63.4804 25.1496 32.504 15.3019 50.5673 46.944 37.4808 28.3486 34.927 35.2676 
n 1.11667 0.71 53.2378 56.7545 52.4881 51.9426 92.1701 30.551 16.621 54.6729 27.8365 48.3869 52.5378 45.8314 8.27652 56.1773 43.5367 29.2579 68.7968 126.903 101.566 54.659 50.6372 30.0019 27.539 54.4559 8.43015 43.271 15.7935 73.2591 71.1726 22.1374 14.1219 32.1276 0 97.3228 130.368 91.3313 92.6121 23.0787 23.1971 56.4231 32.0468 57.2702 60.6368 45.9827 23.2134 20.3437 69.5768 54.8612 60.9719 64.3456 
n 2.96667 4.4 149.157 153.575 149.121 141.265 5.72416 105.414 86.0661 151.576 97.6032 140.353 149.175 139.992 89.1045 149.566 137.462 118.315 136.082 213.495 191.132 150.914 145.926 127.321 115.764 150.617 102.107 137.68 87.5639 167.6 161.109 79.2447 89.1909 124.007 97.3228 0 218.626 7.91547 182.589 99.5692 77.9197 52.4905 68.6463 146.75 156.033 139.307 99.0308 100.591 158.549 150.898 157.318 159.162 
n 1.48333 0.97 80.7146 81.3397 83.6484 79.0367 212.937 113.352 146.724 83.3966 149.927 81.9821 83.6304 85.0481 137.837 74.6928 87.1285 102.758 87.5955 7.81585 28.8342 80.4937 81.7433 106.062 105.107 80.3616 130.675 87.6419 145.662 60.1675 59.263 152.498 143.825 98.4732 130.368 218.626 0 211.226 37.7879 119.88 153.528 186.485 161.952 73.5173 73.1936 84.5324 145.048 141.476 61.1779 79.664 75.8117 68.8113 
n 1.41667 0.32 142.621 147.222 142.728 134.177 2.75019 98.1494 80.8666 145.253 93.3693 133.443 142.783 133.273 83.1836 142.726 130.733 111.413 128.311 206.02 183.863 144.434 139.309 121.275 108.853 144.12 96.4939 130.998 82.3662 160.791 153.957 74.1382 83.9243 117.212 91.3313 7.91547 211.226 0 175.369 92.5107 72.8207 49.931 63.7676 139.638 149.395 132.512 94.4559 95.797 151.351 144.378 150.839 152.436 
n 3.06667 3.05 43.7446 45.5884 47.1448 41.7097 176.946 77.2251 108.941 47.4584 112.427 44.246 47.1366 47.2908 100.147 36.9695 49.3461 65.388 58.6397 35.0905 8.95668 43.89 44.3202 68.6596 67.8047 43.6634 92.911 49.8823 107.875 24.3614 21.7311 114.748 106.037 60.8311 92.6121 182.589 37.7879 175.369 0 83.1793 115.789 148.821 124.293 36.1601 36.5435 46.7445 107.495 103.9 24.0561 42.9124 40.1222 32.119 
n 1.31667 2.57 52.1663 58.0447 53.3953 41.6977 93.9706 8.336 36.4313 56.4171 50.7669 41.118 53.4576 41.8084 25.2349 50.5748 39.2646 19.3357 47.7553 115.312 91.8492 54.3356 48.3673 37.9078 16.7793 53.9008 30.591 39.8299 36.2575 68.6582 61.5864 39.189 35.1135 25.6723 23.0787 99.5692 119.88 92.5107 83.1793 0 39.6928 69.2547 45.6548 47.1925 58.1242 40.6468 46.2676 43.4143 59.1255 53.9795 60.5659 60.6792 
n 2.38333 4.97 76.0262 78.9832 74.9157 74.8781 73.2116 48.0286 8.20943 76.8406 23.1782 71.5484 74.9614 69.0015 15.8918 79.3615 66.725 51.6222 87.4398 149.969 124.74 77.2903 73.6284 51.6112 49.5943 77.134 25.1302 66.4325 9.69091 96.3012 94.2975 1.32553 11.421 55.139 23.1971 77.9197 153.528 72.8207 115.789 39.6928 0 33.3048 9.51493 80.2761 83.5331 69.1797 22.5494 23.2294 92.6189 77.5894 83.4996 87.3492 
n 3.31667 2.17 109.303 112.068 108.087 107.561 49.242 77.2547 40.9397 109.907 47.2677 104.587 108.131 102.254 48.6799 112.593 99.9493 83.9688 115.553 182.7 157.758 110.524 106.933 84.6174 81.7554 110.382 58.043 99.6937 42.2563 129.605 127.222 34.4617 44.1272 88.0127 56.4231 52.4905 186.485 49.931 148.821 69.2547 33.3048 0 24.5323 113.034 116.827 102.36 49.8318 52.2216 125.397 110.85 116.691 120.654 
n 1.1 4.31 85.1908 88.327 84.2075 83.0453 64.0488 53.8741 17.7098 86.1954 30.3556 80.0648 84.2543 77.8331 24.1686 88.1441 75.5017 59.4957 92.9334 158.189 133.228 86.5201 82.6735 61.0153 57.3197 86.3462 34.6078 75.285 19.1781 105.306 102.689 10.8213 20.9322 63.4804 32.0468 68.6463 161.952 63.7676 124.293 45.6548 9.51493 24.5323 0 88.51 92.6444 77.8815 30.7994 32.0298 100.873 86.7816 92.7686 96.387 
n 3.73333 1.74 21.1011 27.9857 25.5559 5.5496 141.138 41.7871 73.8284 28.2669 79.5889 9.94171 25.5989 15.7401 64.4727 10.9258 16.582 29.262 37.6774 69.702 44.9829 23.262 18.0588 37.9013 31.6543 22.6439 58.6736 17.7874 72.8724 24.3722 14.4438 79.2981 71.0846 25.1496 57.2702 146.75 73.5173 139.638 36.1601 47.1925 80.2761 113.034 88.51 0 20.3196 13.813 74.4883 70.8372 12.363 21.9818 25.7632 19.6402 
n 1.11667 0.31 7.671 9.83289 10.6013 22.4128 150.6 55.0418 76.0029 11.2944 77.0384 18.5099 10.5933 16.3186 68.7563 9.80508 18.8676 38.8023 57.9971 71.4364 45.0024 7.35436 10.1238 33.2554 41.3477 7.17412 59.1462 18.4345 74.7709 13.1768 21.1651 82.3659 72.8938 32.504 60.6368 156.033 73.1936 149.395 36.5435 58.1242 83.5331 116.827 92.6444 20.3196 0 17.6448 72.2829 68.7849 22.7238 6.47104 5.67314 4.42824 
n 36.85 6.09 13.1462 20.3907 16.3566 10.7695 133.809 37.4032 62.2108 19.6431 66.4887 4.10243 16.4174 2.58087 53.7182 10.3633 2.81327 21.3178 46.4035 81.4285 55.6992 15.662 8.92068 24.1094 23.8846 15.0739 46.2471 3.98829 61.1339 28.2937 25.7564 68.1092 59.2938 15.3019 45.9827 139.307 84.5324 132.512 46.7445 40.6468 69.1797 102.36 77.8815 13.813 17.6448 0 61.4379 57.7973 24.8258 14.8279 21.033 20.0398 
n 1.23333 4.26 64.6247 65.6931 62.3548 69.6943 94.626 53.7282 16.0564 63.4971 5.13851 64.7443 62.3864 60.4458 23.3806 70.5867 58.6692 49.7171 91.3176 142.517 116.356 65.2491 63.3085 39.0563 48.5908 65.2629 17.0255 57.8979 14.8721 85.4583 87.1558 21.3558 14.4298 50.5673 23.2134 99.0308 145.048 94.4559 107.495 46.2676 22.5494 49.8318 30.7994 74.4883 72.2829 61.4379 0 3.65124 86.2271 65.8801 70.8581 76.5329 
n 8.78333 2.69 61.1207 62.3305 58.9235 66.045 96.0642 50.7013 15.9019 60.1334 8.77478 61.0955 58.9564 56.8194 21.5394 66.9776 55.0311 46.1876 87.9726 138.91 112.768 61.7874 59.7457 35.5375 45.1115 61.7898 13.6188 54.2681 14.5338 81.9564 83.5212 21.9587 13.6506 46.944 20.3437 100.591 141.476 95.797 103.9 43.4143 23.2294 52.2216 32.0298 70.8372 68.7849 57.7973 3.65124 0 82.5818 62.3979 67.4534 73.017 
n 3.56667 0.23 27.1734 32.3521 31.5921 17.8607 152.912 53.2342 86.1055 33.4166 91.2923 21.5347 31.6142 26.1147 76.8281 17.2226 27.6239 41.58 40.7811 57.3505 32.7601 28.5566 25.7313 48.5972 43.939 28.061 70.7215 28.5427 85.1271 19.309 3.40196 91.6329 83.3274 37.4808 69.5768 158.549 61.1779 151.351 24.0561 59.1255 92.6189 125.397 100.873 12.363 22.7238 24.8258 86.2271 82.5818 0 27.2631 28.2558 19.6672 
n 2 4.7 1.81392 6.07769 4.4276 22.4882 145.515 51.6552 69.959 6.36155 70.6121 17.0568 4.43801 12.7895 63.0488 11.1822 15.1389 34.8582 59.052 77.8646 51.4325 1.32024 5.93529 26.8989 37.3317 0.807886 53.0085 14.2803 68.7006 19.6154 26.2645 76.4027 66.8226 28.3486 54.8612 150.898 79.664 144.378 42.9124 53.9795 77.5894 110.85 86.7816 21.9818 6.47104 14.8279 65.8801 62.3979 27.2631 0 6.58791 10.8679 
n 1.55 5.08 8.40005 5.5361 8.62121 27.3762 151.953 58.1549 75.7557 7.59786 75.4565 22.7207 8.58036 19.1878 69.2004 14.9711 21.6119 41.4245 63.4043 74.563 48.2159 6.40493 12.3481 32.2577 43.9063 6.73818 58.7025 20.825 74.4627 15.8493 26.5041 82.2921 72.5865 34.927 60.9719 157.318 75.8117 150.839 40.1222 60.5659 83.4996 116.691 92.7686 25.7632 5.67314 21.033 70.8581 67.4534 28.2558 6.58791 0 8.91905 
n 1.66667 4.63 11.9299 13.8951 15.0273 22.7529 153.693 57.0964 79.9084 15.5442 81.318 20.0564 15.0184 19.1694 72.3998 10.5464 21.7037 41.3562 57.0045 67.0109 40.577 11.7824 13.7208 37.48 43.9239 11.5897 63.1466 21.5149 78.6997 8.99894 17.6815 86.1988 76.825 35.2676 64.3456 159.162 68.8113 152.436 32.119 60.6792 87.3492 120.654 96.387 19.6402 4.42824 20.0398 76.5329 73.017 19.6672 10.8679 8.91905 0 
