p 20 3 2
n 1.3 3.17 0 17.2897 80.1801 6.3692 56.1171 7.42474 1.64464 11.5193 4.58054 74.4662 40.4039 9.01664 73.4829 22.3184 33.2093 6.57604 14.0322 89.56 65.3874 68.6091 
n 2.88333 1.24 17.2897 0 67.781 17.4032 46.3969 11.3965 16.7886 19.109 14.4715 57.453 27.7527 15.0743 62.6711 23.3287 24.8144 13.029 19.1416 81.958 73.9508 61.3727 
n 12.4167 4.22 80.1801 67.781 0 75.4685 26.0051 77.8113 80.7395 86.5303 75.6268 41.295 40.206 71.8301 10.5882 90.4673 47.4052 79.3465 69.1291 29.6986 141.584 26.8617 
n 6.21667 5.11 6.3692 17.4032 75.4685 0 50.8478 11.2878 7.83756 17.6594 3.68157 72.6887 36.3273 3.716 68.3366 28.0724 28.1275 11.2738 7.72448 83.6707 71.5907 62.7456 
n 5 0.95 56.1171 46.3969 26.0051 50.8478 0 54.9631 56.9019 63.9289 51.5408 47.015 19.7002 47.3541 17.557 69.7251 22.9293 56.3654 43.994 35.966 119.92 16.7954 
n 1.2 1.56 7.42474 11.3965 77.8113 11.2878 54.9631 0 6.26525 8.98278 7.64399 68.7822 37.614 11.6584 71.9178 17.4877 32.2254 1.63925 17.3602 89.609 65.0484 68.7092 
n 2.63333 0.13 1.64464 16.7886 80.7395 7.83756 56.9019 6.26525 0 9.90829 5.49098 74.1599 40.8172 10.1572 74.2047 20.6742 33.9737 5.1983 15.3957 90.5924 64.2075 69.6369 
n 1.66667 2.63 11.5193 19.109 86.5303 17.6594 63.9289 8.98278 9.90829 0 14.6949 75.2312 46.3297 19.3764 80.8238 11.1219 41.2081 7.70578 24.948 98.5709 56.0664 77.6592 
n 1.9 0.6 4.58054 14.4715 75.6268 3.68157 51.5408 7.64399 5.49098 14.6949 0 70.8499 35.9357 4.73672 68.9023 24.714 28.6296 7.77824 10.2564 85.1044 69.6847 64.1492 
n 2.6 3.38 74.4662 57.453 41.295 72.6887 47.015 68.7822 74.1599 75.2312 70.8499 0 41.4076 69.2288 46.7286 73.8858 52.3477 70.3908 69.8315 70.4459 122.573 60.1383 
n 31.7833 4.14 40.4039 27.7527 40.206 36.3273 19.7002 37.614 40.8172 46.3297 35.9357 41.4076 0 32.6125 34.9944 50.8638 10.9881 39.1598 31.1491 55.6493 101.703 36.103 
n 2.6 1.28 9.01664 15.0743 71.8301 3.716 47.3541 11.6584 10.1572 19.3764 4.73672 69.2288 32.6125 0 64.8062 29.0869 24.5477 12.1567 5.70815 80.5482 74.3593 59.5995 
n 9.61667 1.98 73.4829 62.6711 10.5882 68.3366 17.557 71.9178 74.2047 80.8238 68.9023 46.7286 34.9944 64.8062 0 85.8561 40.2826 73.3761 61.5464 24.4272 136.578 16.4294 
n 4.05 4.9 22.3184 23.3287 90.4673 28.0724 69.7251 17.4877 20.6742 11.1219 24.714 73.8858 50.8638 29.0869 85.8561 0 47.85 16.9597 34.7941 105.229 51.1762 84.5478 
n 2.7 1.79 33.2093 24.8144 47.4052 28.1275 22.9293 32.2254 33.9737 41.2081 28.6296 52.3477 10.9881 24.5477 40.2826 47.85 0 33.5709 21.7888 57.4977 97.273 36.7122 
n 3.9 4.1 6.57604 13.029 79.3465 11.2738 56.3654 1.63925 5.1983 7.70578 7.77824 70.3908 39.1598 12.1567 73.3761 16.9597 33.5709 0 17.8543 90.8795 63.7315 69.9613 
n 1.15 2.66 14.0322 19.1416 69.1291 7.72448 43.994 17.3602 15.3957 24.948 10.2564 69.8315 31.1491 5.70815 61.5464 34.7941 21.7888 17.8543 0 76.1458 79.3119 55.2583 
n 1.66667 1.43 89.56 81.958 29.6986 83.6707 35.966 89.609 90.5924 98.5709 85.1044 70.4459 55.6493 80.5482 24.4272 105.229 57.4977 90.8795 76.1458 0 154.591 20.9558 
n 1.13333 3.01 65.3874 73.9508 141.584 71.5907 119.92 65.0484 64.2075 56.0664 69.6847 122.573 101.703 74.3593 136.578 51.1762 97.273 63.7315 79.3119 154.591 0 133.654 
n 2.16667 4.41 68.6091 61.3727 26.8617 62.7456 16.7954 68.7092 69.6369 77.6592 64.1492 60.1383 36.103 59.5995 16.4294 84.5478 36.7122 69.9613 55.2583 20.9558 133.654 0 
