p 55 6 2
n 35.45 6.47 0 5.32368 98.6985 6.59303 1.12067 28.2004 1.16074 69.7583 1.58572 8.75787 5.94844 2.99154 14.7114 9.21376 71.2866 6.05426 17.889 5.83654 85.5995 18.8707 34.8954 68.4649 53.3272 113.749 56.9623 52.8691 54.1918 4.48852 9.41519 38.0258 4.78522 56.9991 53.3272 70.6068 22.9133 82.3533 53.3272 38.8471 57.9269 39.1417 9.6493 6.03253 126.423 66.4038 3.85898 4.25413 19.5235 19.4804 71.1555 54.4456 44.4696 2.54077 27.2553 69.583 64.4494 
n 2.88333 2.24 5.32368 0 100.938 5.25083 4.34244 24.5083 4.49097 65.4473 5.70206 3.43888 2.54465 8.23759 13.1363 7.85155 73.8484 2.73001 13.1326 2.31271 88.3662 15.7215 36.0926 71.1112 56.1388 114.112 55.9955 47.7618 49.5164 4.72797 9.32135 38.8597 3.54373 52.3904 56.1388 67.3602 22.9639 84.7018 56.1388 38.9086 56.8808 40.9527 4.32848 2.17889 127.337 62.0589 8.77241 2.99625 17.4303 17.3422 74.9965 49.9235 40.3877 4.54137 22.5963 65.2517 67.236 
n 1.61667 3.83 98.6985 100.938 0 95.8371 99.5508 93.6124 98.3821 162.166 100.087 102.705 103.248 96.8106 90.1519 93.7463 27.8674 98.5341 112.264 98.8848 16.5656 92.8254 65.5479 30.8895 46.0035 41.2799 62.9075 138.235 144.75 96.3025 91.795 63.7594 97.3966 147.899 46.0035 91.3955 79.5842 16.4284 46.0035 66.3504 63.353 60.0682 102.736 99.1481 39.9272 158.736 95.4361 97.996 88.6531 88.8312 41.3814 146.22 97.8005 101.214 120.748 161.857 35.2817 
n 1.45 0.92 6.59303 5.25083 95.8371 0 6.42955 21.7104 5.45962 69.5589 7.96445 7.05504 7.76001 8.22565 8.35943 2.80416 68.8655 2.69717 17.2187 3.05401 83.4493 12.3027 30.859 66.1629 51.2842 108.91 51.1158 50.6018 53.2281 2.17803 4.0836 33.6089 2.07149 56.1849 51.2842 64.0138 17.7462 79.64 51.2842 33.7209 52.0337 35.8039 7.36494 3.31104 122.089 66.1429 7.88071 2.80103 13.0395 12.9836 70.7451 53.8414 38.0823 7.81148 26.5652 69.3424 62.3502 
n 2.28333 4.41 1.12067 4.34244 99.5508 6.42955 0 27.7978 1.23366 68.6511 1.59493 7.75038 4.82783 4.10103 14.7222 9.16653 72.1816 5.44707 16.7703 5.17369 86.5268 18.5688 35.5436 69.3714 54.2523 114.286 57.2194 51.7667 53.0715 4.48547 9.6419 38.6132 4.45703 55.8799 54.2523 70.3538 23.315 83.2192 54.2523 39.2906 58.1683 39.9015 8.66654 5.3279 127.062 65.2945 4.96889 3.81965 19.463 19.4098 72.213 53.3285 43.9811 1.70673 26.1347 68.4747 65.3749 
n 1.33333 3.47 28.2004 24.5083 93.6124 21.7104 27.7978 0 27.0408 68.9543 29.3924 22.6719 26.4874 29.8775 15.3131 19.5238 69.4722 22.4165 26.1296 22.7496 84.2497 9.53179 30.5431 67.3643 54.6298 98.2608 37.4576 44.644 51.4684 23.8882 20.6456 30.838 23.4171 54.6149 54.6298 42.9354 18.9009 78.6034 54.6298 27.3221 37.9848 36.9704 21.8257 22.6769 113.392 65.5661 29.3173 23.9932 11.2069 11.1041 77.7471 53.2048 16.492 28.7703 31.0828 68.6166 64.5219 
n 2.11667 3.41 1.16074 4.49097 98.3821 5.45962 1.23366 27.0408 0 69.4521 2.54485 7.92038 5.55717 3.76633 13.6499 8.1225 71.0402 4.92923 17.3777 4.73353 85.4093 17.7199 34.3147 68.2385 53.1352 113.053 56.0431 52.2149 53.7454 3.39732 8.46423 37.3798 3.62471 56.58 53.1352 69.468 22.0969 82.0587 53.1352 38.0667 56.9975 38.6962 8.76876 4.94685 125.831 66.0848 4.31728 3.10051 18.4358 18.3889 71.2679 54.0588 43.3096 2.93703 26.7989 69.2696 64.257 
n 35 20 69.7583 65.4473 162.166 69.5589 68.6511 68.9543 69.4521 0 69.0038 62.6062 63.8953 72.6048 73.068 70.8241 136.714 67.0723 52.3976 66.8455 151.545 69.5291 97.1003 134.266 120.012 165.527 105.001 26.2645 17.486 70.0174 73.0902 98.4901 68.6941 14.3416 120.012 95.112 83.1659 146.67 120.012 95.8936 105.251 103.127 62.1977 66.5338 181.522 3.44799 73.6173 68.3368 73.7581 73.5771 140.304 15.9899 70.4114 67.4411 42.9937 0.47726 130.823 
n 1.15 0.51 1.58572 5.70206 100.087 7.96445 1.59493 29.3924 2.54485 69.0038 0 9.0119 5.61632 3.6366 16.1943 10.6607 72.6284 7.03303 17.4932 6.74881 86.8964 20.1524 36.4334 69.7923 54.6319 115.318 58.5349 52.619 53.6294 5.9402 10.972 39.585 6.03103 56.3975 54.6319 71.9317 24.499 83.7281 54.6319 40.4315 59.4965 40.6174 9.96474 6.88961 127.96 65.6664 4.83514 5.40877 20.9722 20.9234 72.1777 53.8021 45.5721 1.59815 26.7421 68.8375 65.7515 
n 9.61667 4.38 8.75787 3.43888 102.705 7.05504 7.75038 22.6719 7.92038 62.6062 9.0119 0 4.09448 11.675 13.4311 8.96454 75.8457 4.46998 10.2128 4.24228 90.4603 14.6078 37.4622 73.1628 58.3215 114.705 55.8635 44.4242 46.4549 7.45639 10.9535 39.9865 6.11712 49.3693 58.3215 65.6044 23.8624 86.5553 58.3215 39.5589 56.6919 42.6379 0.995665 3.92907 128.265 59.1997 12.1681 5.85596 17.0818 16.964 77.7151 46.9639 38.0857 7.67152 19.6335 62.3975 69.3763 
n 1.2 3.36 5.94844 2.54465 103.248 7.76001 4.82783 26.4874 5.55717 63.8953 5.61632 4.09448 0 8.9155 15.6624 10.3947 76.0758 5.27298 11.9509 4.85656 90.5434 17.9707 38.5456 73.3154 58.289 116.65 58.5102 47.0176 48.247 6.94662 11.8036 41.3546 5.92115 51.062 58.289 69.4092 25.496 86.9844 58.289 41.4491 59.389 43.3189 5.08225 4.70781 129.845 60.5292 9.77512 5.27376 19.8831 19.7893 76.7733 48.5228 42.1043 4.06362 21.3076 63.7135 69.3998 
n 2.31667 4.82 2.99154 8.23759 96.8106 8.22565 4.10103 29.8775 3.76633 72.6048 3.6366 11.675 8.9155 0 15.5675 10.4153 69.2717 8.48781 20.8654 8.36023 83.4685 20.3936 33.7353 66.4131 51.2245 112.815 56.8727 55.8604 57.1326 6.07186 9.9357 37.0392 6.88968 59.925 51.2245 71.8275 22.5759 80.4281 51.2245 38.2819 57.8787 37.6149 12.5336 8.60582 125.187 69.2609 1.39538 6.57461 20.4654 20.4477 68.5532 57.3527 46.2909 5.1661 30.2077 72.4352 62.336 
n 1.95 4.85 14.7114 13.1363 90.1519 8.35943 14.7222 15.3131 13.6499 73.068 16.1943 13.4311 15.6624 15.5675 0 5.56586 63.8424 10.4178 22.1722 10.8365 78.6207 6.15458 24.6128 61.3047 46.9475 101.279 42.8645 51.875 56.09 10.2548 5.67781 26.8135 10.4274 59.1695 46.9475 56.2908 10.6506 74.2015 46.9475 26.1313 43.7587 30.2661 13.159 10.9587 114.872 69.6212 14.7209 11.1519 4.89941 4.88822 68.1043 57.11 31.7316 16.1658 30.6665 72.8073 57.7737 
n 3 1.05 9.21376 7.85155 93.7463 2.80416 9.16653 19.5238 8.1225 70.8241 10.6607 8.96454 10.3947 10.4153 5.56586 0 66.9542 5.13866 18.7726 5.54835 81.6099 10.0041 28.5234 64.2981 49.5519 106.264 48.3203 51.0757 54.247 4.72795 2.31977 31.1405 4.87562 57.2518 49.5519 61.4856 15.1373 77.6137 49.5519 31.0589 49.2348 33.6782 9.01093 5.73474 119.559 67.3932 9.79384 5.60492 10.3134 10.2678 69.5741 54.9995 35.9908 10.6005 27.9021 70.5925 60.5654 
n 9.43333 1.97 71.2866 73.8484 27.8674 68.8655 72.1816 69.4722 71.0402 136.714 72.6284 75.8457 76.0758 69.2717 63.8424 66.9542 0 71.5553 85.6754 71.8859 14.8475 67.2145 39.6417 3.06735 18.1723 56.9497 45.8959 113.867 119.487 69.1557 64.8922 38.6687 70.3072 122.613 18.1723 77.5063 53.5525 11.5148 18.1723 42.4569 46.7809 33.605 75.9626 72.1626 62.7886 133.267 67.9119 70.872 62.976 63.1575 22.0478 120.724 76.6412 73.8192 94.4899 136.433 7.52748 
n 2.06667 2.1 6.05426 2.73001 98.5341 2.69717 5.44707 22.4165 4.92923 67.0723 7.03303 4.46998 5.27298 8.48781 10.4178 5.13866 71.5553 0 14.6824 0.418862 86.13 13.3489 33.5206 68.8479 53.9515 111.402 53.2818 48.5661 50.8681 3.12418 6.76239 36.2244 1.81288 53.798 53.9515 65.1178 20.2712 82.3366 53.9515 36.1962 54.1722 38.4984 4.93291 0.616399 124.676 63.6642 8.58757 1.91596 14.791 14.7101 73.2454 51.4119 38.5414 6.36654 24.0915 66.8624 65.0245 
n 3 1.85 17.889 13.1326 112.264 17.2187 16.7703 26.1296 17.3777 52.3976 17.4932 10.2128 11.9509 20.8654 22.1722 18.7726 85.6754 14.6824 0 14.4489 100.362 20.9594 46.7645 83.0442 68.3242 122.424 62.4458 35.1814 36.3899 17.6253 20.9415 48.9586 16.2983 39.2578 68.3242 67.6564 32.8184 96.2292 68.3242 47.8375 63.1405 52.25 9.86427 14.1377 136.566 48.9944 21.6752 15.9592 24.5762 24.4187 87.9278 36.8009 38.832 15.8991 9.46512 52.1914 79.3347 
n 2.58333 3.38 5.83654 2.31271 98.8848 3.05401 5.17369 22.7496 4.73353 66.8455 6.74881 4.24228 4.85656 8.36023 10.8365 5.54835 71.8859 0.418862 14.4489 0 86.451 13.7206 33.901 69.1731 54.2628 111.813 53.7004 48.4654 50.6827 3.24416 7.13282 36.6177 1.90313 53.6043 54.2628 65.4775 20.6767 82.6802 54.2628 36.6071 54.5906 38.8566 4.77485 0.315962 125.076 63.4402 8.52675 1.8422 15.2016 15.1198 73.4837 51.2051 38.8419 6.02187 23.8758 66.6379 65.3405 
n 1.13333 2.61 85.5995 88.3662 16.5656 83.4493 86.5268 84.2497 85.4093 151.545 86.8964 90.4603 90.5434 83.4685 78.6207 81.6099 14.8475 86.13 100.362 86.451 0 82.057 54.4874 17.3236 32.2745 54.3123 58.5614 128.695 134.33 83.6541 79.5128 53.4829 84.8329 137.454 32.2745 89.458 68.3789 8.38203 32.2745 57.122 59.3003 48.4206 90.6074 86.7331 55.8397 148.097 82.1289 85.3785 77.8177 77.9992 24.8774 135.556 90.8904 88.1391 109.243 151.266 21.1523 
n 5.81667 1.79 18.8707 15.7215 92.8254 12.3027 18.5688 9.53179 17.7199 69.5291 20.1524 14.6078 17.9707 20.3936 6.15458 10.0041 67.2145 13.3489 20.9594 13.7206 82.057 0 27.5782 64.8213 50.964 101.465 41.6987 47.2086 52.2726 14.4704 11.1514 29.0664 14.1241 55.3984 50.964 51.7923 13.793 77.168 50.964 27.1902 42.4576 33.6939 13.9502 13.7034 115.707 66.0847 19.7965 14.7503 4.24173 4.05992 72.915 53.5415 26.0192 19.6945 28.2542 69.2409 61.5226 
n 1.13333 1.61 34.8954 36.0926 65.5479 30.859 35.5436 30.5431 34.3147 97.1003 36.4334 37.4622 38.5456 33.7353 24.6128 28.5234 39.6417 33.5206 46.7645 33.901 54.4874 27.5782 0 37.2901 24.0888 79.1467 27.8078 74.3827 79.8471 31.6978 26.7763 3.91594 32.6256 82.975 24.0888 53.9524 14.0458 49.681 24.0888 8.67213 29.0436 6.43055 37.4008 34.136 91.5281 93.6547 32.3544 33.2909 23.3435 23.5247 47.5429 81.1109 41.1679 37.2502 55.2097 96.8147 34.1542 
n 1.56667 1.98 68.4649 71.1112 30.8895 66.1629 69.3714 67.3643 68.2385 134.266 69.7923 73.1628 73.3154 66.4131 61.3047 64.2981 3.06735 68.8479 83.0442 69.1731 17.3236 64.8213 37.2901 0 15.2304 59.5518 45.2275 111.629 117.086 66.408 62.2117 36.5265 67.5732 120.205 15.2304 76.9836 51.1055 14.5717 15.2304 40.5523 46.1696 31.1428 73.2996 69.4529 65.7371 130.818 65.0588 68.1286 60.5797 60.7615 20.5952 118.28 75.0307 71.0006 91.9205 133.991 4.46068 
n 27.7 1.69 53.3272 56.1388 46.0035 51.2842 54.2523 54.6298 53.1352 120.012 54.6319 58.3215 58.289 51.2245 46.9475 49.5519 18.1723 53.9515 68.3242 54.2628 32.2745 50.964 24.0888 15.2304 0 70.4562 40.1973 98.1265 103.005 51.4186 47.4027 24.4286 52.614 106.097 0 71.449 37.1734 29.5864 0 29.4647 41.3656 17.6596 58.5114 54.5496 78.8699 116.566 49.8772 53.1465 46.7459 46.927 24.1748 104.058 64.3811 55.8663 77.361 119.754 11.1226 
n 1.95 2.55 113.749 114.112 41.2799 108.91 114.286 98.2608 113.053 165.527 115.318 114.705 116.65 112.815 101.279 106.264 56.9497 111.402 122.424 111.813 54.3123 101.465 79.1467 59.5518 70.4562 0 60.8867 139.56 148.313 110.136 104.954 75.777 110.865 151.372 70.4562 77.2381 91.1648 48.4128 70.4562 75.2073 60.4892 76.2826 114.378 111.994 18.0201 162.295 111.446 111.577 97.9833 98.1293 77.4475 150.446 95.3852 115.977 129.063 165.137 63.4624 
n 2.93333 3.5 56.9623 55.9955 62.9075 51.1158 57.2194 37.4576 56.0431 105.001 58.5349 55.8635 58.5102 56.8727 42.8645 48.3203 45.8959 53.2818 62.4458 53.7004 58.5614 41.6987 27.8078 45.2275 40.1973 60.8867 0 79.3546 87.6582 52.7681 47.5798 23.9745 53.1806 90.7497 40.1973 31.8234 34.3324 50.9596 40.1973 19.8321 1.26656 29.845 55.3628 53.8167 76.5213 101.714 55.6489 53.9126 38.7822 38.8996 63.1722 89.7023 36.0113 58.7954 68.4524 104.625 44.7245 
n 2.95 1.3 52.8691 47.7618 138.235 50.6018 51.7667 44.644 52.2149 26.2645 52.619 44.4242 47.0176 55.8604 51.875 51.0757 113.867 48.5661 35.1814 48.4654 128.695 47.2086 74.3827 111.629 98.1265 139.56 79.3546 0 10.9331 51.6897 53.39 75.2161 50.3615 13.1979 98.1265 69.0882 60.9696 123.224 98.1265 71.9632 79.529 80.6803 43.7216 48.154 155.787 23.2788 56.5259 50.226 51.399 51.2187 119.966 13.8945 44.255 51.0356 26.547 25.8408 108.527 
n 3.26667 1.11 54.1918 49.5164 144.75 53.2281 53.0715 51.4684 53.7454 17.486 53.6294 46.4549 48.247 57.1326 56.09 54.247 119.487 50.8681 36.3899 50.6827 134.33 52.2726 79.8471 117.086 103.005 148.313 87.6582 10.9331 0 53.9111 56.5482 81.1339 52.5707 3.15072 103.005 79.4719 65.9897 129.327 103.005 78.4448 87.9378 85.9458 45.9387 50.3672 164.173 14.1108 58.0187 52.2887 56.5123 56.3306 123.817 2.99323 53.5525 52.0355 26.9465 17.1497 113.723 
n 2.13333 4.51 4.48852 4.72797 96.3025 2.17803 4.48547 23.8882 3.39732 70.0174 5.9402 7.45639 6.94662 6.07186 10.2548 4.72795 69.1557 3.12418 17.6253 3.24416 83.6541 14.4704 31.6978 66.408 51.4186 110.136 52.7681 51.6897 53.9111 0 5.23611 34.611 1.34268 56.8248 51.4186 66.1459 19.0247 80.0433 51.4186 35.027 53.709 36.3816 8.01897 3.55971 123.116 66.6177 5.83234 1.73184 15.041 14.9957 70.3489 54.4105 40.2569 6.02769 27.0735 69.814 62.5194 
n 1.13333 1.61 9.41519 9.32135 91.795 4.0836 9.6419 20.6456 8.46423 73.0902 10.972 10.9535 11.8036 9.9357 5.67781 2.31977 64.8922 6.76239 20.9415 7.13282 79.5128 11.1514 26.7763 62.2117 47.4027 104.954 47.5798 53.39 56.5482 5.23611 0 29.5512 5.92146 59.5478 47.4027 61.9662 13.8072 75.6192 47.4027 29.8096 48.5332 31.7455 11.1087 7.37876 118.047 69.6618 9.04678 6.62561 10.5702 10.5643 67.2797 57.2825 37.1344 11.2449 30.1414 72.8615 58.4407 
n 1.11667 5.01 38.0258 38.8597 63.7594 33.6089 38.6132 30.838 37.3798 98.4901 39.585 39.9865 41.3546 37.0392 26.8135 31.1405 38.6687 36.2244 48.9586 36.6177 53.4829 29.0664 3.91594 36.5265 24.4286 75.777 23.9745 75.2161 81.1339 34.611 29.5512 0 35.459 84.2757 24.4286 50.9251 16.1717 48.1934 24.4286 5.64549 25.2184 7.60711 39.8476 36.8352 88.5066 95.052 35.6729 36.1462 24.9057 25.0827 48.3955 82.5193 40.0096 40.3151 57.1113 98.1904 33.756 
n 1.35 3.22 4.78522 3.54373 97.3966 2.07149 4.45703 23.4171 3.62471 68.6941 6.03103 6.11712 5.92115 6.88968 10.4274 4.87562 70.3072 1.81288 16.2983 1.90313 84.8329 14.1241 32.6256 67.5732 52.614 110.865 53.1806 50.3615 52.5707 1.34268 5.92146 35.459 0 55.4864 52.614 65.9008 19.7041 81.1583 52.614 35.6979 54.1009 37.4241 6.6777 2.21822 123.961 65.2926 6.86074 0.732113 15.0739 15.0131 71.6574 53.0764 39.6914 5.75865 25.7411 68.4893 63.7066 
n 5 1.2 56.9991 52.3904 147.899 56.1849 55.8799 54.6149 56.58 14.3416 56.3975 49.3693 51.062 59.925 59.1695 57.2518 122.613 53.798 39.2578 53.6043 137.454 55.3984 82.975 120.205 106.097 151.372 90.7497 13.1979 3.15072 56.8248 59.5478 84.2757 55.4864 0 106.097 82.145 69.1047 132.468 106.097 81.5952 91.0206 89.0636 48.8742 53.2891 167.269 10.9814 60.8371 55.1893 59.6369 59.4554 126.826 3.02687 56.5052 54.8074 29.7961 14.0018 116.83 
n 1.93333 1.25 53.3272 56.1388 46.0035 51.2842 54.2523 54.6298 53.1352 120.012 54.6319 58.3215 58.289 51.2245 46.9475 49.5519 18.1723 53.9515 68.3242 54.2628 32.2745 50.964 24.0888 15.2304 0 70.4562 40.1973 98.1265 103.005 51.4186 47.4027 24.4286 52.614 106.097 0 71.449 37.1734 29.5864 0 29.4647 41.3656 17.6596 58.5114 54.5496 78.8699 116.566 49.8772 53.1465 46.7459 46.927 24.1748 104.058 64.3811 55.8663 77.361 119.754 11.1226 
n 1.05 1.85 70.6068 67.3602 91.3955 64.0138 70.3538 42.9354 69.468 95.112 71.9317 65.6044 69.4092 71.8275 56.2908 61.4856 77.5063 65.1178 67.6564 65.4775 89.458 51.7923 53.9524 76.9836 71.449 77.2381 31.8234 69.0882 79.4719 66.1459 61.9662 50.9251 65.9008 82.145 71.449 0 52.9383 81.4834 71.449 45.3752 30.8298 58.2445 64.7474 65.4374 94.9975 92.2975 71.0117 66.5385 51.3963 51.4027 94.8801 82.1635 29.0569 71.4783 69.6331 94.6652 76.5461 
n 1.83333 3.09 22.9133 22.9639 79.5842 17.7462 23.315 18.9009 22.0969 83.1659 24.499 23.8624 25.496 22.5759 10.6506 15.1373 53.5525 20.2712 32.8184 20.6767 68.3789 13.793 14.0458 51.1055 37.1734 91.1648 34.3324 60.9696 65.9897 19.0247 13.8072 16.1717 19.7041 69.1047 37.1734 52.9383 0 63.7204 37.1734 16.0031 35.363 19.963 23.6921 20.8711 104.437 79.7185 21.3291 20.4196 9.57345 9.75433 59.4034 67.1776 33.0447 24.9716 41.1661 82.888 47.7487 
n 5.71667 0.39 82.3533 84.7018 16.4284 79.64 83.2192 78.6034 82.0587 146.67 83.7281 86.5553 86.9844 80.4281 74.2015 77.6137 11.5148 82.3366 96.2292 82.6802 8.38203 77.168 49.681 14.5717 29.5864 48.4128 50.9596 123.224 129.327 80.0433 75.6192 48.1934 81.1583 132.468 29.5864 81.4834 63.7204 0 29.5864 51.2914 51.6324 43.9793 86.6197 82.9486 52.2646 143.229 79.0572 81.7459 72.9576 73.1376 29.0749 130.691 84.2176 84.8753 104.858 146.373 19.016 
n 19.5167 1.28 53.3272 56.1388 46.0035 51.2842 54.2523 54.6298 53.1352 120.012 54.6319 58.3215 58.289 51.2245 46.9475 49.5519 18.1723 53.9515 68.3242 54.2628 32.2745 50.964 24.0888 15.2304 0 70.4562 40.1973 98.1265 103.005 51.4186 47.4027 24.4286 52.614 106.097 0 71.449 37.1734 29.5864 0 29.4647 41.3656 17.6596 58.5114 54.5496 78.8699 116.566 49.8772 53.1465 46.7459 46.927 24.1748 104.058 64.3811 55.8663 77.361 119.754 11.1226 
n 1.96667 1.3 38.8471 38.9086 66.3504 33.7209 39.2906 27.3221 38.0667 95.8936 40.4315 39.5589 41.4491 38.2819 26.1313 31.0589 42.4569 36.1962 47.8375 36.6071 57.122 27.1902 8.67213 40.5523 29.4647 75.2073 19.8321 71.9632 78.4448 35.027 29.8096 5.64549 35.6979 81.5952 29.4647 45.3752 16.0031 51.2914 29.4647 0 21.0176 13.2286 39.2819 36.7868 88.7861 92.4738 36.9728 36.4161 23.2874 23.4509 53.5859 79.9924 34.9626 40.9577 55.442 95.5751 38.1488 
n 2.01667 3.05 57.9269 56.8808 63.353 52.0337 58.1683 37.9848 56.9975 105.251 59.4965 56.6919 59.389 57.8787 43.7587 49.2348 46.7809 54.1722 63.1405 54.5906 59.3003 42.4576 29.0436 46.1696 41.3656 60.4892 1.26656 79.529 87.9378 53.709 48.5332 25.2184 54.1009 91.0206 41.3656 30.8298 35.363 51.6324 41.3656 21.0176 0 31.1114 56.1764 54.702 76.2825 101.976 56.6641 54.8326 39.6166 39.7306 64.2541 90.012 35.9865 59.7346 69.0242 104.871 45.7446 
n 24.3333 4.22 39.1417 40.9527 60.0682 35.8039 39.9015 36.9704 38.6962 103.127 40.6174 42.6379 43.3189 37.6149 30.2661 33.6782 33.605 38.4984 52.25 38.8566 48.4206 33.6939 6.43055 31.1428 17.6596 76.2826 29.845 80.6803 85.9458 36.3816 31.7455 7.60711 37.4241 89.0636 17.6596 58.2445 19.963 43.9793 17.6596 13.2286 31.1114 0 42.67 39.1138 87.7735 99.6796 36.2195 38.0472 29.4525 29.6344 41.2026 87.1396 47.3107 41.5975 60.9317 102.85 27.855 
n 1.31667 2.92 9.6493 4.32848 102.736 7.36494 8.66654 21.8257 8.76876 62.1977 9.96474 0.995665 5.08225 12.5336 13.159 9.01093 75.9626 4.93291 9.86427 4.77485 90.6074 13.9502 37.4008 73.2996 58.5114 114.378 55.3628 43.7216 45.9387 8.01897 11.1087 39.8476 6.6777 48.8742 58.5114 64.7474 23.6921 86.6197 58.5114 39.2819 56.1764 42.67 0 4.45949 128.031 58.7837 12.9681 6.50451 16.6018 16.477 78.1067 46.5026 37.1496 8.64867 19.2046 61.9829 69.546 
n 7.9 5.25 6.03253 2.17889 99.1481 3.31104 5.3279 22.6769 4.94685 66.5338 6.88961 3.92907 4.70781 8.60582 10.9587 5.73474 72.1626 0.616399 14.1377 0.315962 86.7331 13.7034 34.136 69.4529 54.5496 111.994 53.8167 48.154 50.3672 3.55971 7.37876 36.8352 2.21822 53.2891 54.5496 65.4374 20.8711 82.9486 54.5496 36.7868 54.702 39.1138 4.45949 0 125.282 63.1281 8.80112 2.1284 15.2706 15.1855 73.7934 50.891 38.7315 6.09779 23.5624 66.3258 65.6251 
n 1.33333 3.27 126.423 127.337 39.9272 122.089 127.062 113.392 125.831 181.522 127.96 128.265 129.845 125.187 114.872 119.559 62.7886 124.676 136.566 125.076 55.8397 115.707 91.5281 65.7371 78.8699 18.0201 76.5213 155.787 164.173 123.116 118.047 88.5066 123.961 167.269 78.8699 94.9975 104.437 52.2646 78.8699 88.7861 76.2825 87.7735 128.031 125.282 0 178.235 123.797 124.651 111.99 112.147 80.5809 166.186 111.858 128.768 143.732 181.145 70.0696 
n 1.98333 3.15 66.4038 62.0589 158.736 66.1429 65.2945 65.5661 66.0848 3.44799 65.6664 59.1997 60.5292 69.2609 69.6212 67.3932 133.267 63.6642 48.9944 63.4402 148.097 66.0847 93.6547 130.818 116.566 162.295 101.714 23.2788 14.1108 66.6177 69.6618 95.052 65.2926 10.9814 116.566 92.2975 79.7185 143.229 116.566 92.4738 101.976 99.6796 58.7837 63.1281 178.235 0 70.2623 64.9408 70.313 70.132 136.887 12.5438 67.275 64.0996 39.5791 3.19994 127.375 
n 2.91667 1.5 3.85898 8.77241 95.4361 7.88071 4.96889 29.3173 4.31728 73.6173 4.83514 12.1681 9.77512 1.39538 14.7209 9.79384 67.9119 8.58757 21.6752 8.52675 82.1289 19.7965 32.3544 65.0588 49.8772 111.446 55.6489 56.5259 58.0187 5.83234 9.04678 35.6729 6.86074 60.8371 49.8772 71.0117 21.3291 79.0572 49.8772 36.9728 56.6641 36.2195 12.9681 8.80112 123.797 70.2623 0 6.68816 19.6166 19.609 67.364 58.2935 45.7768 6.27071 31.075 73.4418 60.9918 
n 1.53333 3.58 4.25413 2.99625 97.996 2.80103 3.81965 23.9932 3.10051 68.3368 5.40877 5.85596 5.27376 6.57461 11.1519 5.60492 70.872 1.91596 15.9592 1.8422 85.3785 14.7503 33.2909 68.1286 53.1465 111.577 53.9126 50.226 52.2887 1.73184 6.62561 36.1462 0.732113 55.1893 53.1465 66.5385 20.4196 81.7459 53.1465 36.4161 54.8326 38.0472 6.50451 2.1284 124.651 64.9408 6.68816 0 15.78 15.717 72.053 52.757 40.2242 5.05338 25.418 68.1361 64.2457 
n 36.85 6.09 19.5235 17.4303 88.6531 13.0395 19.463 11.2069 18.4358 73.7581 20.9722 17.0818 19.8831 20.4654 4.89941 10.3134 62.976 14.791 24.5762 15.2016 77.8177 4.24173 23.3435 60.5797 46.7459 97.9833 38.7822 51.399 56.5123 15.041 10.5702 24.9057 15.0739 59.6369 46.7459 51.3963 9.57345 72.9576 46.7459 23.2874 39.6166 29.4525 16.6018 15.2706 111.99 70.313 19.6166 15.78 0 0.181846 68.8333 57.7693 27.3132 20.8317 32.269 73.4716 57.2843 
n 6.08333 1.4 19.4804 17.3422 88.8312 12.9836 19.4098 11.1041 18.3889 73.5771 20.9234 16.964 19.7893 20.4477 4.88822 10.2678 63.1575 14.7101 24.4187 15.1198 77.9992 4.05992 23.5247 60.7615 46.927 98.1293 38.8996 51.2187 56.3306 14.9957 10.5643 25.0827 15.0131 59.4554 46.927 51.4027 9.75433 73.1376 46.927 23.4509 39.7306 29.6344 16.477 15.1855 112.147 70.132 19.609 15.717 0.181846 0 69.0088 57.5883 27.2422 20.7697 32.0967 73.2905 57.4661 
n 1.13333 4.31 71.1555 74.9965 41.3814 70.7451 72.213 77.7471 71.2679 140.304 72.1777 77.7151 76.7733 68.5532 68.1043 69.5741 22.0478 73.2454 87.9278 73.4837 24.8774 72.915 47.5429 20.5952 24.1748 77.4475 63.1722 119.966 123.817 70.3489 67.2797 48.3955 71.6574 126.826 24.1748 94.8801 59.4034 29.0749 24.1748 53.5859 64.2541 41.2026 78.1067 73.7934 80.5809 136.887 67.364 72.053 68.8333 69.0088 0 124.553 88.4048 73.6322 97.3102 140.087 19.0679 
n 1.21667 3.86 54.4456 49.9235 146.22 53.8414 53.3285 53.2048 54.0588 15.9899 53.8021 46.9639 48.5228 57.3527 57.11 54.9995 120.724 51.4119 36.8009 51.2051 135.556 53.5415 81.1109 118.28 104.058 150.446 89.7023 13.8945 2.99323 54.4105 57.2825 82.5193 53.0764 3.02687 104.058 82.1635 67.1776 130.691 104.058 79.9924 90.012 87.1396 46.5026 50.891 166.186 12.5438 58.2935 52.757 57.7693 57.5883 124.553 0 55.9427 52.2173 27.3391 15.711 114.848 
n 1.41667 2.32 44.4696 40.3877 97.8005 38.0823 43.9811 16.492 43.3096 70.4114 45.5721 38.0857 42.1043 46.2909 31.7316 35.9908 76.6412 38.5414 38.832 38.8419 90.8904 26.0192 41.1679 75.0307 64.3811 95.3852 36.0113 44.255 53.5525 40.2569 37.1344 40.0096 39.6914 56.5052 64.3811 29.0569 33.0447 84.2176 64.3811 34.9626 35.9865 47.3107 37.1496 38.7315 111.858 67.275 45.7768 40.2242 27.3132 27.2422 88.4048 55.9427 0 44.8103 40.6146 70.004 72.9534 
n 3.06667 4.6 2.54077 4.54137 101.214 7.81148 1.70673 28.7703 2.93703 67.4411 1.59815 7.67152 4.06362 5.1661 16.1658 10.6005 73.8192 6.36654 15.8991 6.02187 88.1391 19.6945 37.2502 71.0006 55.8663 115.977 58.7954 51.0356 52.0355 6.02769 11.2449 40.3151 5.75865 54.8074 55.8663 71.4783 24.9716 84.8753 55.8663 40.9577 59.7346 41.5975 8.64867 6.09779 128.768 64.0996 6.27071 5.05338 20.8317 20.7697 73.6322 52.2173 44.8103 0 25.1445 67.2727 66.9886 
n 3.01667 1.05 27.2553 22.5963 120.748 26.5652 26.1347 31.0828 26.7989 42.9937 26.7421 19.6335 21.3076 30.2077 30.6665 27.9021 94.4899 24.0915 9.46512 23.8758 109.243 28.2542 55.2097 91.9205 77.361 129.063 68.4524 26.547 26.9465 27.0735 30.1414 57.1113 25.7411 29.7961 77.361 69.6331 41.1661 104.858 77.361 55.442 69.0242 60.9317 19.2046 23.5624 143.732 39.5791 31.075 25.418 32.269 32.0967 97.3102 27.3391 40.6146 25.1445 0 42.7783 88.3049 
n 7 3.9 69.583 65.2517 161.857 69.3424 68.4747 68.6166 69.2696 0.47726 68.8375 62.3975 63.7135 72.4352 72.8073 70.5925 136.433 66.8624 52.1914 66.6379 151.266 69.2409 96.8147 133.991 119.754 165.137 104.625 25.8408 17.1497 69.814 72.8615 98.1904 68.4893 14.0018 119.754 94.6652 82.888 146.373 119.754 95.5751 104.871 102.85 61.9829 66.3258 181.145 3.19994 73.4418 68.1361 73.4716 73.2905 140.087 15.711 70.004 67.2727 42.7783 0 130.556 
n 1.21667 1.66 64.4494 67.236 35.2817 62.3502 65.3749 64.5219 64.257 130.823 65.7515 69.3763 69.3998 62.336 57.7737 60.5654 7.52748 65.0245 79.3347 65.3405 21.1523 61.5226 34.1542 4.46068 11.1226 63.4624 44.7245 108.527 113.723 62.5194 58.4407 33.756 63.7066 116.83 11.1226 76.5461 47.7487 19.016 11.1226 38.1488 45.7446 27.855 69.546 65.6251 70.0696 127.375 60.9918 64.2457 57.2843 57.4661 19.0679 114.848 72.9534 66.9886 88.3049 130.556 0 
