p 30 4 2
n 1.48333 2.77 0 33.7241 33.9882 32.0835 73.4707 34.1041 20.2097 39.8208 72.1019 35.5859 48.4065 118.324 30.9077 131.599 107.36 31.555 35.9847 31.5058 25.3774 34.6445 35.1356 92.9558 132.266 39.1082 35.8705 41.4188 92.9558 100.323 39.727 97.8655 
n 25.3333 3.77 33.7241 0 0.377373 19.6837 55.4597 5.45985 45.4764 26.8724 84.2767 9.74433 43.2576 111.223 7.50435 115.444 93.3635 6.90381 19.7775 23.0252 47.9994 8.1242 9.11379 71.306 117.584 55.5857 8.0381 60.7986 71.306 77.2255 8.41882 73.9202 
n 2.86667 2.54 33.9882 0.377373 0 20.0334 55.6341 5.73921 45.8276 27.1805 84.6461 10.0048 43.5815 111.476 7.86763 115.6 93.5551 7.25913 20.091 23.3836 48.0918 8.40035 9.38214 71.4086 117.757 55.5883 8.26977 60.824 71.4086 77.2993 8.46102 73.9812 
n 1.11667 4.51 32.0835 19.6837 20.0334 0 42.4262 14.7301 34.126 8.92907 65.0163 11.5932 23.9886 93.871 12.2496 102.045 78.6179 12.7868 4.06645 3.63424 54.4497 12.4923 11.8661 61.2196 103.415 65.5711 13.4369 69.6197 61.2196 68.3899 17.484 65.8313 
n 3.26667 2.66 73.4707 55.4597 55.6341 42.4262 0 50.332 68.0949 33.8487 65.3575 46.143 29.3673 59.2737 50.5939 60.1338 38.099 50.5806 39.2426 42.1391 96.8464 47.84 46.8283 20.4021 62.1246 107.852 47.5496 112.03 20.4021 28.537 47.7711 27.3906 
n 2.23333 0.26 34.1041 5.45985 5.73921 14.7301 50.332 0 43.4641 21.4801 79.684 4.30893 37.9468 105.78 3.66273 110.406 88.1287 2.87423 14.4197 18.2302 50.9181 2.66459 3.66178 66.6761 112.443 59.4667 2.80757 64.4351 66.6761 72.8383 5.62292 69.6543 
n 27.5667 4.83 20.2097 45.4764 45.8276 34.126 68.0949 43.4641 0 38.2346 52.6582 42.9147 39.3544 104.408 39.8018 122.042 97.3672 40.59 38.0144 31.5311 42.8326 42.7437 42.7596 88.4654 121.845 57.2879 44.0517 58.3467 88.4654 96.4629 48.5345 94.7511 
n 1.31667 1.62 39.8208 26.8724 27.1805 8.92907 33.8487 21.4801 38.2346 0 60.6295 17.4407 16.602 85.1799 19.9508 93.2002 69.6986 20.295 7.11717 8.3256 63.0342 18.8716 17.9671 53.136 94.5112 74.4184 19.3685 78.3651 53.136 60.5684 22.322 58.2551 
n 4.3 4.92 72.1019 84.2767 84.6461 65.0163 65.3575 79.684 52.6582 60.6295 0 76.5334 45.6792 65.7857 76.795 94.6017 72.3673 77.4528 66.3974 61.4603 95.4347 77.5085 76.8573 81.5161 91.8919 109.921 78.4216 110.691 81.5161 89.3599 82.2123 90.0035 
n 2.05 3.05 35.5859 9.74433 10.0048 11.5932 46.143 4.30893 42.9147 17.4407 76.5334 0 34.0063 101.48 5.09832 106.25 83.8736 4.76288 10.518 15.2192 53.955 1.699 0.686832 62.7994 108.232 63.059 1.94312 67.8721 62.7994 69.1254 6.00014 66.0326 
n 1.88333 3.19 48.4065 43.2576 43.5815 23.9886 29.3673 37.9468 39.3544 16.602 45.6792 34.0063 0 70.9729 36.0576 83.5782 59.117 36.499 23.5333 21.3806 73.434 35.3834 34.5096 49.7171 83.9688 86.1602 35.9424 89.3399 49.7171 57.8991 38.89 56.6593 
n 5.03333 4.2 118.324 111.223 111.476 93.871 59.2737 105.78 104.408 85.1799 65.7857 101.48 70.9729 0 104.924 35.1841 27.304 105.162 92.1421 91.8903 143.681 103.121 102.118 57.019 30.2248 156.885 103.221 159.708 57.019 59.9664 104.613 63.4523 
n 2.55 2.33 30.9077 7.50435 7.86763 12.2496 50.5939 3.66273 39.8018 19.9508 76.795 5.09832 36.0576 104.924 0 110.727 88.0707 0.791976 12.8519 15.5301 48.8581 3.79845 4.49643 67.6632 112.57 58.0907 4.96878 62.8398 67.6632 74.093 9.0231 71.0431 
n 20.4667 1.57 131.599 115.444 115.6 102.045 60.1338 110.406 122.042 93.2002 94.6017 106.25 83.5782 35.1841 110.727 0 24.6906 110.713 99.1387 101.238 155.987 107.944 106.936 46.2329 6.24813 167.613 107.611 171.517 46.2329 43.9358 107.528 48.141 
n 3.78333 0.19 107.36 93.3635 93.5551 78.6179 38.099 88.1287 97.3672 69.6986 72.3673 83.8736 59.117 27.304 88.0707 24.6906 0 88.136 75.9878 77.5223 132.012 85.5714 84.5526 30.4646 24.9228 144.01 85.3802 147.694 30.4646 32.6982 85.8255 36.2862 
n 1.88333 1.29 31.555 6.90381 7.25913 12.7868 50.5806 2.87423 40.59 20.295 77.4528 4.76288 36.499 105.162 0.791976 110.713 88.136 0 13.1805 16.1262 49.2314 3.30427 4.11744 67.4979 112.598 58.3092 4.37808 63.1095 67.4979 73.8705 8.29267 70.7905 
n 1.11667 2.96 35.9847 19.7775 20.091 4.06645 39.2426 14.4197 38.0144 7.11717 66.3974 10.518 23.5333 92.1421 12.8519 99.1387 75.9878 13.1805 0 6.66409 57.8703 11.8512 10.9922 57.6535 100.684 68.6093 12.4611 72.8363 57.6535 64.6995 15.8536 62.0591 
n 1.28333 2.06 31.5058 23.0252 23.3836 3.63424 42.1391 18.2302 31.5311 8.3256 61.4603 15.2192 21.3806 91.8903 15.5301 101.238 77.5223 16.1262 6.66409 0 54.8312 16.0718 15.4764 61.4509 102.398 66.4876 17.0482 70.2789 61.4509 68.8421 21.1182 66.4652 
n 2.71667 2.64 25.3774 47.9994 48.0918 54.4497 96.8464 50.9181 42.8326 63.0342 95.4347 53.955 73.434 143.681 48.8581 155.987 132.012 49.2314 57.8703 54.8312 0 52.5243 53.3362 115.507 156.934 14.5117 53.4463 16.0417 115.507 122.399 56.0224 119.559 
n 1.2 4.26 34.6445 8.1242 8.40035 12.4923 47.84 2.66459 42.7437 18.8716 77.5085 1.699 35.3834 103.121 3.79845 107.944 85.5714 3.30427 11.8512 16.0718 52.5243 0 1.01976 64.4394 109.931 61.4763 1.31548 66.331 64.4394 70.7243 5.79866 67.6063 
n 1.66667 3.03 35.1356 9.11379 9.38214 11.8661 46.8283 3.66178 42.7596 17.9671 76.8573 0.686832 34.5096 102.118 4.49643 106.936 84.5526 4.11744 10.9922 15.4764 53.3362 1.01976 0 63.4783 108.916 62.3941 1.57181 67.2193 63.4783 69.7937 5.93915 66.6937 
n 1.36667 0.72 92.9558 71.306 71.4086 61.2196 20.4021 66.6761 88.4654 53.136 81.5161 62.7994 49.7171 57.019 67.6632 46.2329 30.4646 67.4979 57.6535 61.4509 115.507 64.4394 63.4783 0 49.8318 125.703 63.8781 130.246 0 8.29069 63.046 8.58253 
n 3.31667 2.17 132.266 117.584 117.757 103.415 62.1246 112.443 121.845 94.5112 91.8919 108.232 83.9688 30.2248 112.57 6.24813 24.9228 112.598 100.684 102.398 156.934 109.931 108.916 49.8318 0 168.881 109.667 172.604 49.8318 48.355 109.827 52.5451 
n 1.11667 1.26 39.1082 55.5857 55.5883 65.5711 107.852 59.4667 57.2879 74.4184 109.921 63.059 86.1602 156.885 58.0907 167.613 144.01 58.3092 68.6093 66.4876 14.5117 61.4763 62.3941 125.703 168.881 0 62.1921 6.29853 125.703 132.179 63.9727 129.082 
n 65.4333 5.92 35.8705 8.0381 8.26977 13.4369 47.5496 2.80757 44.0517 19.3685 78.4216 1.94312 35.9424 103.221 4.96878 107.611 85.3802 4.37808 12.4611 17.0482 53.4463 1.31548 1.57181 63.8781 109.667 62.1921 0 67.1137 63.8781 70.0682 4.50582 66.9045 
n 6.93333 4.75 41.4188 60.7986 60.824 69.6197 112.03 64.4351 58.3467 78.3651 110.691 67.8721 89.3399 159.708 62.8398 171.517 147.694 63.1095 72.8363 70.2789 16.0417 66.331 67.2193 130.246 172.604 6.29853 67.1137 0 130.246 136.887 69.1296 133.881 
n 1.23333 4.26 92.9558 71.306 71.4086 61.2196 20.4021 66.6761 88.4654 53.136 81.5161 62.7994 49.7171 57.019 67.6632 46.2329 30.4646 67.4979 57.6535 61.4509 115.507 64.4394 63.4783 0 49.8318 125.703 63.8781 130.246 0 8.29069 63.046 8.58253 
n 1.13333 4.31 100.323 77.2255 77.2993 68.3899 28.537 72.8383 96.4629 60.5684 89.3599 69.1254 57.8991 59.9664 74.093 43.9358 32.6982 73.8705 64.6995 68.8421 122.399 70.7243 69.7937 8.29069 48.355 132.179 70.0682 136.887 8.29069 0 68.8583 4.20534 
n 9.3 3.57 39.727 8.41882 8.46102 17.484 47.7711 5.62292 48.5345 22.322 82.2123 6.00014 38.89 104.613 9.0231 107.528 85.8255 8.29267 15.8536 21.1182 56.0224 5.79866 5.93915 63.046 109.827 63.9727 4.50582 69.1296 63.046 68.8583 0 65.5247 
n 1.33333 0.12 97.8655 73.9202 73.9812 65.8313 27.3906 69.6543 94.7511 58.2551 90.0035 66.0326 56.6593 63.4523 71.0431 48.141 36.2862 70.7905 62.0591 66.4652 119.559 67.6063 66.6937 8.58253 52.5451 129.082 66.9045 133.881 8.58253 4.20534 65.5247 0 
