p 55 6 2
n 9.41667 12.97 0 5.27029 7.21065 1.36846 95.7949 3.35886 17.1892 3.75655 66.1037 4.37807 18.7741 71.8533 11.9566 2.80279 6.27026 67.9695 7.36116 4.70012 20.83 8.30871 12.4098 41.2524 3.95988 13.5272 11.7348 33.8425 35.2616 56.6915 8.70686 36.4089 5.60758 35.137 26.6745 3.43496 56.0062 5.43751 143.65 27.6483 31.8888 17.417 55.8795 31.4048 3.97914 71.8265 9.28465 17.0679 4.17058 1.37758 3.34918 83.5124 83.9753 2.78383 68.4753 35.8248 40.055 
n 1.86667 3.99 5.27029 0 3.83777 6.39062 96.2197 1.94243 12.726 6.36332 68.2228 1.40988 17.1824 69.1443 11.0613 3.9854 9.5494 62.8064 6.31983 5.7384 15.7427 5.14283 8.52345 41.6591 7.88761 12.298 6.52521 28.8143 30.2586 53.4354 5.95216 35.8963 10.5733 34.4526 23.7384 8.69222 52.816 7.68563 142.961 28.7493 31.2121 13.3013 53.2193 26.6223 7.83142 69.1194 4.62305 12.8638 8.19472 4.46853 5.34024 85.5801 84.0538 7.47186 65.7283 35.0199 41.164 
n 18.8333 4.84 7.21065 3.83777 0 8.56802 100.027 4.90105 14.7322 6.03815 71.9787 3.33923 13.3579 65.4543 7.47854 7.23059 12.7706 62.8218 3.28754 4.61491 16.4558 1.31707 11.37 45.4806 7.95244 8.57761 5.9943 26.9471 30.914 49.9087 2.12081 39.6162 11.2193 38.1445 20.0592 10.1515 49.2638 6.55961 146.573 32.58 34.9145 15.6627 49.5101 24.2947 7.85278 65.429 7.22303 15.1575 8.25701 5.90613 5.20407 89.3483 87.8252 8.27754 62.0464 38.686 44.9992 
n 8 1.65 1.36846 6.39062 8.56802 0 94.8816 4.44826 17.7853 4.76949 64.9131 5.63949 20.0185 73.155 13.1774 3.17919 5.12371 68.8529 8.67238 5.91632 21.6951 9.67598 12.8859 40.3883 4.459 14.7673 12.9082 35.1056 36.0438 58.0372 10.0738 35.7572 5.21066 34.5293 28.0136 2.66198 57.3481 6.36209 142.959 26.6829 31.291 17.8878 57.181 32.72 4.5126 73.1281 10.0772 17.5724 4.59064 2.7377 4.5522 82.3234 83.1365 3.00045 69.7812 35.2434 39.0554 
n 1.61667 3.83 95.7949 96.2197 100.027 94.8816 0 95.7568 90.1684 99.5508 39.2635 97.1004 113.38 162.166 107.139 93.834 89.8644 109.406 102.252 100.3 94.4102 101.293 90.1519 54.5993 99.252 108.485 98.42 111.549 93.8083 145.048 102.147 60.8238 98.2214 62.472 118.496 96.0575 144.75 101.214 53.4112 68.2279 65.5479 88.4373 146.99 113.054 99.3243 162.149 93.6919 88.9773 99.3163 96.8709 99.045 31.1154 13.3739 97.7203 158.736 62.1558 56.0479 
n 3.13333 2.76 3.35886 1.94243 4.90105 4.44826 95.7568 0 14.1416 5.15528 67.1585 1.56204 17.8634 70.3367 11.3841 2.3334 7.91744 64.6327 6.49532 5.00499 17.5141 6.19294 9.6019 41.1591 6.38963 12.7765 8.46478 30.7246 31.9867 54.8056 6.85674 35.72 8.80531 34.337 24.9526 6.79307 54.1634 6.70386 142.917 27.9709 31.0841 14.5423 54.3852 28.4662 6.35296 70.3111 6.08354 14.1466 6.6806 2.75313 4.19632 84.541 83.7113 5.74766 66.9321 34.9513 40.4155 
n 29.7667 11.24 17.1892 12.726 14.7322 17.7853 90.1684 14.1416 0 19.0871 66.6991 14.1276 25.8187 72.2153 21.6988 14.6062 17.701 51.6616 18.0153 18.3725 5.87118 15.4169 5.04673 36.9937 20.5185 22.319 9.85098 24.3272 18.5917 55.361 16.2694 29.5102 22.7968 27.7926 28.6809 20.4389 54.963 20.3755 134.36 27.0107 24.8891 1.75535 56.8442 24.1957 20.4752 72.196 8.10996 1.28215 20.8147 16.8888 18.0654 83.5887 77.3958 19.8405 68.7705 28.0355 38.2146 
n 2.28333 4.41 3.75655 6.36332 6.03815 4.76949 99.5508 5.15528 19.0871 0 69.6537 4.97266 15.3996 68.6511 8.54172 6.09286 9.89303 68.6638 4.55845 1.61657 21.8659 6.65078 14.7222 45.0082 1.92424 10.1639 11.7812 32.8725 36.4095 53.7923 6.66546 40.094 5.25707 38.796 23.7679 4.89206 53.0715 1.70673 147.344 31.3935 35.5436 19.6101 52.6828 30.0258 1.8197 68.6235 10.9787 19.1904 2.22262 2.84117 1.02513 87.064 87.727 2.69824 65.2945 39.4654 43.7897 
n 8.26667 2.66 66.1037 68.2228 71.9787 64.9131 39.2635 67.1585 66.6991 69.6537 0 68.6894 84.8455 137.309 78.0589 64.9052 59.8335 103.099 73.3395 70.802 72.1905 73.2945 64.7108 31.2212 68.7995 79.6151 72.3761 90.8271 77.4302 121.182 74.0084 39.8121 66.8801 41.5364 91.9376 65.2863 120.65 71.1282 92.6744 40.0157 43.3661 64.997 121.421 90.8826 68.897 137.285 67.1951 65.4176 68.7698 67.3973 69.4436 17.4104 34.2093 67.3095 133.881 41.8929 28.5898 
n 1.91667 1.3 4.37807 1.40988 3.33923 5.63949 97.1004 1.56204 14.1276 4.97266 68.6894 0 16.4111 68.7823 10.0571 3.89398 9.46198 64.0003 5.20703 4.33811 17.0105 4.63471 9.91884 42.5122 6.56005 11.3879 7.40253 29.4713 31.5452 53.244 5.31908 36.9222 9.38575 35.5073 23.394 7.70223 52.6015 6.27582 144.059 29.4219 32.2595 14.711 52.8333 27.0992 6.49709 68.7569 6.03026 14.2736 6.87105 3.3444 3.94771 86.0676 85.0013 6.27487 65.3765 36.0968 41.8606 
n 1.41667 0.72 18.7741 17.1824 13.3579 20.0185 113.38 17.8634 25.8187 15.3996 84.8455 16.4111 0 53.2853 6.8585 20.0196 25.0326 65.8863 11.512 14.1023 24.888 12.0866 23.9053 58.8383 16.6405 5.25129 16.0388 25.6141 37.415 38.8427 11.2371 52.8737 19.4287 51.3628 9.43979 20.1571 38.0606 14.1559 159.561 45.8297 48.1533 27.2087 37.3298 21.4456 16.5267 53.2573 19.9688 26.6452 16.7643 17.4577 15.4663 102.249 101.138 17.976 49.9446 51.8634 58.2708 
n 35 20 71.8533 69.1443 65.4543 73.155 162.166 70.3367 72.2153 68.6511 137.309 68.7823 53.2853 0 60.1218 72.6432 78.0103 78.6254 64.4921 67.2772 67.7565 64.1486 73.068 109.059 69.9241 58.4913 65.0709 51.4722 70.885 17.3257 63.4924 101.722 72.6112 99.9957 45.4066 73.4416 17.486 67.4411 203.24 97.4618 97.1003 73.9674 15.974 49.2966 69.8108 0.0392306 70.2062 73.4509 70.0423 70.4937 68.6316 154.615 149.182 71.2564 3.44799 100.2 109.612 
n 3.15 4.41 11.9566 11.0613 7.47854 13.1774 107.139 11.3841 21.6988 8.54172 78.0589 10.0571 6.8585 60.1218 0 13.4032 18.226 66.633 4.88966 7.26437 22.2482 6.44006 18.788 52.5423 9.84219 1.63799 12.017 27.9856 36.1021 45.4471 5.53701 46.9518 12.7911 45.5137 15.5468 13.3274 44.6978 7.34992 154.009 39.2877 42.2724 22.8188 44.158 24.3978 9.726 60.094 14.656 22.2859 9.9877 10.6668 8.62743 95.467 95.0584 11.1362 56.7719 46.0799 51.7338 
n 1.28333 0.11 2.80279 3.9854 7.23059 3.17919 93.834 2.3334 14.6062 6.09286 64.9052 3.89398 20.0196 72.6432 13.4032 0 5.60328 65.7507 8.53832 6.50694 18.6016 8.51486 9.72308 39.2398 6.70468 14.8637 10.3627 32.7152 32.8941 57.1379 9.15124 34.0705 8.28698 32.745 27.2706 5.83485 56.4944 7.79073 141.318 25.8846 29.4907 14.7304 56.6871 30.5974 6.71008 72.6175 6.97296 14.4055 6.937 3.25189 5.35568 82.2954 81.8808 5.58591 69.2414 33.4004 38.3306 
n 1.11667 2.01 6.27026 9.5494 12.7706 5.12371 89.8644 7.91744 17.701 9.89303 59.8335 9.46198 25.0326 78.0103 18.226 5.60328 0 69.3619 13.5644 10.9696 22.6002 14.023 12.6793 35.4519 9.38975 19.7904 15.6776 37.981 36.2911 62.6567 14.587 31.2091 8.82483 30.082 32.7139 6.32373 61.9985 11.4717 138.252 21.6391 26.8829 17.2974 62.0405 36.0524 9.46445 77.984 11.4297 17.1324 9.45236 7.57555 9.61379 77.2421 78.2115 7.85672 74.6214 30.8524 33.9719 
n 1.25 0.56 67.9695 62.8064 62.8218 68.8529 109.406 64.6327 51.6616 68.6638 103.099 64.0003 65.8863 78.6254 66.633 65.7507 69.3619 0 65.6086 67.4047 47.1578 62.6752 56.6877 72.9072 70.4673 66.1204 56.8942 40.889 33.0823 63.861 63.1349 64.6853 73.3743 63.2332 60.4365 71.3935 64.3877 69.3812 136.682 71.4057 62.67 52.1922 70.3657 45.3986 70.3882 78.6326 58.7829 52.2913 70.7822 67.274 67.6931 116.745 96.364 70.2654 76.1057 62.5699 77.2917 
n 2.28333 3.41 7.36116 6.31983 3.28754 8.67238 102.252 6.49532 18.0153 4.55845 73.3395 5.20703 11.512 64.4921 4.88966 8.53832 13.5644 65.6086 0 2.96659 19.6169 2.96118 14.5023 47.6544 6.34633 6.32583 9.08566 28.713 33.9951 49.4025 2.50505 42.1292 9.67918 40.7126 19.3672 9.40486 48.7019 4.21827 149.256 34.4147 37.4655 18.9173 48.5184 25.676 6.22822 64.4653 10.3679 18.419 6.59632 6.00512 4.23042 90.7413 90.1896 7.24016 61.1145 41.2978 46.8617 
n 1.48333 1.47 4.70012 5.7384 4.61491 5.91632 100.3 5.00499 18.3725 1.61657 70.802 4.33811 14.1023 67.2772 7.26437 6.50694 10.9696 67.4047 2.96659 0 20.7976 5.09607 14.2569 45.717 3.49881 8.85103 10.5184 31.3093 35.3236 52.3085 5.06076 40.5578 6.85047 39.2123 22.2737 6.43966 51.5977 2.04256 147.796 32.2416 35.9574 19.0241 51.3045 28.4258 3.38658 67.25 10.3238 18.5756 3.77933 3.46097 1.36412 88.2111 88.3811 4.2751 63.9109 39.8502 44.6705 
n 1.6 3.78 20.83 15.7427 16.4558 21.6951 94.4102 17.5141 5.87118 21.8659 72.1905 17.0105 24.888 67.7565 22.2482 18.6016 22.6002 47.1578 19.6169 20.7976 0 16.6989 10.1559 42.0542 23.563 22.4496 10.5365 18.6542 14.5438 50.69 17.3916 34.2148 26.3046 32.4504 25.7987 24.2448 50.3616 22.836 137.33 32.7237 29.7446 7.37019 52.6977 18.9681 23.4953 67.7392 11.6293 7.066 23.8756 20.2018 20.8572 88.9509 81.4605 23.2118 64.3255 32.5708 43.6296 
n 1.2 4.76 8.30871 5.14283 1.31707 9.67598 101.293 6.19294 15.4169 6.65078 73.2945 4.63471 12.0866 64.1486 6.44006 8.51486 14.023 62.6752 2.96118 5.09607 16.6989 0 12.3495 46.7595 8.57162 7.4168 6.16296 26.2221 31.0426 48.6384 0.908039 40.836 11.9044 39.3512 18.7597 11.0728 47.9876 6.8565 147.732 33.8908 36.1272 16.4495 48.2016 23.42 8.46346 64.1231 8.2248 15.9277 8.86216 6.96426 5.94463 90.6648 89.0684 9.0892 60.7422 39.8805 46.3068 
n 1.95 4.85 12.4098 8.52345 11.37 12.8859 90.1519 9.6019 5.04673 14.7222 64.7108 9.91884 23.9053 73.068 18.788 9.72308 12.6793 56.6877 14.5023 14.2569 10.1559 12.3495 0 36.097 15.9668 19.7046 8.2688 27.4555 23.6299 56.575 13.2555 29.3459 17.9943 27.7443 28.3737 15.5478 56.09 16.1658 135.658 24.701 24.6128 5.00958 57.4062 26.5831 15.9374 73.0464 4.14734 4.68824 16.2482 12.2823 13.7262 81.8349 77.6418 15.1374 69.6212 28.1626 36.5878 
n 3.06667 4.25 41.2524 41.6591 45.4806 40.3883 54.5993 41.1591 36.9937 45.0082 31.2212 42.5122 58.8383 109.059 52.5423 39.2398 35.4519 72.9072 47.6544 45.717 42.0542 46.7595 36.097 0 44.8025 53.8998 44.2916 60.4583 46.218 92.3299 47.6013 8.5939 44.0339 10.3171 64.4167 41.7299 91.9092 46.6853 103.161 14.0529 12.407 35.2407 93.4806 61.0099 44.869 109.038 39.3725 35.7289 44.886 42.2992 44.4742 47.2141 42.7597 43.2799 105.611 10.6906 5.58977 
n 3.83333 2.64 3.95988 7.88761 7.95244 4.459 99.252 6.38963 20.5185 1.92424 68.7995 6.56005 16.6405 69.9241 9.84219 6.70468 9.38975 70.4673 6.34633 3.49881 23.563 8.57162 15.9668 44.8025 0 11.4802 13.6208 34.7937 38.102 55.2639 8.55869 40.2128 3.35309 38.9761 25.284 3.55172 54.5246 2.49228 147.418 31.0286 35.7347 20.9277 53.9703 31.9239 0.120113 69.896 12.4256 20.5358 0.314909 3.68871 2.79399 86.2047 87.5585 1.53463 66.5851 39.6827 43.3513 
n 2.71667 3.99 13.5272 12.298 8.57761 14.7673 108.485 12.7765 22.319 10.1639 79.6151 11.3879 5.25129 58.4913 1.63799 14.8637 19.7904 66.1204 6.32583 8.85103 22.4496 7.4168 19.7046 53.8998 11.4802 0 12.5095 27.0387 36.0254 43.8149 6.51326 48.1804 14.4138 46.7177 13.9416 14.9631 43.0634 8.9879 155.143 40.7329 43.4847 23.5261 42.5258 23.3172 11.364 58.4636 15.6134 22.9813 11.625 12.2186 10.2151 97.0211 96.3506 12.7701 55.1393 47.263 53.1798 
n 1.2 1.56 11.7348 6.52521 5.9943 12.9082 98.42 8.46478 9.85098 11.7812 72.3761 7.40253 16.0388 65.0709 12.017 10.3627 15.6776 56.8942 9.08566 10.5184 10.5365 6.16296 8.2688 44.2916 13.6208 12.5095 0 22.3562 24.9316 48.81 6.87727 37.614 16.6939 36.0072 20.1304 15.1027 48.2744 12.5184 143.704 32.4145 32.8813 11.176 49.3178 20.4064 13.5353 65.0484 5.19302 10.615 13.9349 10.7433 10.8299 89.609 85.9037 13.6035 61.6288 36.4126 44.5505 
n 13.8667 3.49 33.8425 28.8143 26.9471 35.1056 111.549 30.7246 24.3272 32.8725 90.8271 29.4713 25.6141 51.4722 27.9856 32.7152 37.981 40.889 28.713 31.3093 18.6542 26.2221 27.4555 60.4583 34.7937 27.0387 22.3562 0 19.6564 34.1468 26.2955 52.3635 38.1221 50.5765 19.5608 37.0403 34.0443 32.9225 151.815 51.3325 48.0671 25.9573 37.7581 4.52353 34.6852 51.4605 26.761 25.5894 35.0832 32.6826 32.1259 107.516 98.3745 35.2246 48.1398 50.5798 62.2503 
n 2.2 4.91 35.2616 30.2586 30.914 36.0438 93.8083 31.9867 18.5917 36.4095 77.4302 31.5452 37.415 70.885 36.1021 32.8941 36.2911 33.0823 33.9951 35.3236 14.5438 31.0426 23.6299 46.218 38.102 36.0254 24.9316 19.6564 0 53.5949 31.665 37.6436 40.7916 35.9014 35.4575 38.6439 53.5584 37.3578 132.365 40.7876 34.1891 19.1213 57.4145 22.9101 38.0355 70.8752 25.9841 19.2102 38.4142 34.7015 35.401 93.175 80.4838 37.7141 67.6009 35.5968 49.325 
n 5.91667 5.3 56.6915 53.4354 49.9087 58.0372 145.048 54.8056 55.361 53.7923 121.182 53.244 38.8427 17.3257 45.4471 57.1379 62.6567 63.861 49.4025 52.3085 50.69 48.6384 56.575 92.3299 55.2639 43.8149 48.81 34.1468 53.5949 0 48.0767 84.8086 58.2184 83.0641 30.0363 58.6751 1.08315 52.7769 185.931 81.1901 80.2346 57.1163 7.51168 32.0441 55.1459 17.3138 53.9974 56.6159 55.4241 55.3145 53.6251 138.384 132.011 56.4716 14.007 83.2292 93.157 
n 5.75 2.44 8.70686 5.95216 2.12081 10.0738 102.147 6.85674 16.2694 6.66546 74.0084 5.31908 11.2371 63.4924 5.53701 9.15124 14.587 63.1349 2.50505 5.06076 17.3916 0.908039 13.2555 47.6013 8.55869 6.51326 6.87727 26.2955 31.665 48.0767 0 41.7175 11.9111 40.2378 18.1352 11.2816 47.4132 6.64175 148.632 34.6774 37.0115 17.3258 47.5359 23.3652 8.44559 63.4666 9.13254 16.8007 8.83502 7.33827 6.07263 91.3864 89.9384 9.2212 60.0916 40.7712 47.1024 
n 31.7833 4.14 36.4089 35.8963 39.6162 35.7572 60.8238 35.72 29.5102 40.094 39.8121 36.9222 52.8737 101.722 46.9518 34.0705 31.2091 64.6853 42.1292 40.5578 34.2148 40.836 29.3459 8.5939 40.2128 48.1804 37.614 52.3635 37.6436 84.8086 41.7175 0 40.0292 1.79098 57.6722 37.5094 84.4359 41.8003 107.251 12.6313 4.73574 27.7605 86.3295 53.1682 40.2612 101.703 32.9886 28.2838 40.3469 37.2789 39.4227 55.6493 48.3143 38.7467 98.2783 2.13018 12.6253 
n 1.11667 0.41 5.60758 10.5733 11.2193 5.21066 98.2214 8.80531 22.7968 5.25707 66.8801 9.38575 19.4287 72.6112 12.7911 8.28698 8.82483 73.3743 9.67918 6.85047 26.3046 11.9044 17.9943 44.0339 3.35309 14.4138 16.6939 38.1221 40.7916 58.2184 11.9111 40.0292 0 38.9066 28.331 2.68799 57.4568 5.61446 146.996 30.0684 35.7049 23.0038 56.6908 35.2762 3.46742 72.5823 14.8553 22.6642 3.08597 6.1055 6.01526 84.2587 86.7607 3.11112 69.2981 39.6741 42.1893 
n 1.53333 3.83 35.137 34.4526 38.1445 34.5293 62.472 34.337 27.7926 38.796 41.5364 35.5073 51.3628 99.9957 45.5137 32.745 30.082 63.2332 40.7126 39.2123 32.4504 39.3512 27.7443 10.3171 38.9761 46.7177 36.0072 50.5765 35.9014 83.0641 40.2378 1.79098 38.9066 0 56.0344 36.3546 82.6964 40.5026 108.585 12.5135 3.25488 26.0459 84.6267 51.3981 39.0209 99.9768 31.4413 26.5734 39.1195 35.9698 38.1007 57.4266 49.8975 37.526 96.5525 1.0264 14.0661 
n 3.7 2.44 26.6745 23.7384 20.0592 28.0136 118.496 24.9526 28.6809 23.7679 91.9376 23.394 9.43979 45.4066 15.5468 27.2706 32.7139 60.4365 19.3672 22.2737 25.7987 18.7597 28.3737 64.4167 25.284 13.9416 20.1304 19.5608 35.4575 30.0363 18.1352 57.6722 28.331 56.0344 0 28.6566 29.3359 22.8093 162.938 52.2274 52.9492 30.3385 29.4854 15.0415 25.165 45.3816 25.0934 29.777 25.4581 25.2992 23.5888 109.274 105.892 26.4545 41.9931 56.3925 64.5177 
n 2.75 3.14 3.43496 8.69222 10.1515 2.66198 96.0575 6.79307 20.4389 4.89206 65.2863 7.70223 20.1571 73.4416 13.3274 5.83485 6.32373 71.3935 9.40486 6.43966 24.2448 11.0728 15.5478 41.7299 3.55172 14.9631 15.1027 37.0403 38.6439 58.6751 11.2816 37.5094 2.68799 36.3546 28.6566 0 57.9494 6.0062 144.575 27.8403 33.1403 20.5495 57.4818 34.4451 3.65865 73.4136 12.6605 20.2342 3.49021 4.38136 5.22921 82.6882 84.4841 2.20359 70.0964 37.1072 40.0783 
n 3.26667 1.11 56.0062 52.816 49.2638 57.3481 144.75 54.1634 54.963 53.0715 120.65 52.6015 38.0606 17.486 44.6978 56.4944 61.9985 64.3877 48.7019 51.5977 50.3616 47.9876 56.09 91.9092 54.5246 43.0634 48.2744 34.0443 53.5584 1.08315 47.4132 84.4359 57.4568 82.6964 29.3359 57.9494 0 52.0355 185.856 80.6733 79.8471 56.7182 6.59245 31.8128 54.407 17.4718 53.4564 56.213 54.6809 54.63 52.9198 137.871 131.737 55.7458 14.1108 82.874 92.6775 
n 3.31667 4.82 5.43751 7.68563 6.55961 6.36209 101.214 6.70386 20.3755 1.70673 71.1282 6.27582 14.1559 67.4411 7.34992 7.79073 11.4717 69.3812 4.21827 2.04256 22.836 6.8565 16.1658 46.6853 2.49228 8.9879 12.5184 32.9225 37.3578 52.7769 6.64175 41.8003 5.61446 40.5026 22.8093 6.0062 52.0355 0 149.05 33.036 37.2502 20.9869 51.4848 29.889 2.37619 67.4131 12.2997 20.5482 2.64919 4.54183 2.51848 88.5371 89.4123 3.85198 64.0996 41.1715 45.4166 
n 1.1 0.86 143.65 142.961 146.573 142.959 53.4112 142.917 134.36 147.344 92.6744 144.059 159.561 203.24 154.009 141.318 138.252 136.682 149.256 147.796 137.33 147.732 135.658 103.161 147.418 155.143 143.704 151.815 132.365 185.931 148.632 107.251 146.996 108.585 162.938 144.575 185.856 149.05 0 117.211 111.84 132.772 189.294 154.381 147.471 203.229 139.618 133.341 147.539 144.53 146.672 82.6469 61.4279 145.933 199.936 107.967 106.004 
n 1.15 0.61 27.6483 28.7493 32.58 26.6829 68.2279 27.9709 27.0107 31.3935 40.0157 29.4219 45.8297 97.4618 39.2877 25.8846 21.6391 71.4057 34.4147 32.2416 32.7237 33.8908 24.701 14.0529 31.0286 40.7329 32.4145 51.3325 40.7876 81.1901 34.6774 12.6313 30.0684 12.5135 52.2274 27.8403 80.6733 33.036 117.211 0 10.6162 25.3782 81.6469 51.0482 31.1023 97.4388 27.2577 25.7442 31.0896 28.7852 30.9474 57.1982 56.6981 29.4958 94.0231 13.5376 12.447 
n 1.13333 4.56 31.8888 31.2121 34.9145 31.291 65.5479 31.0841 24.8891 35.5436 43.3661 32.2595 48.1533 97.1003 42.2724 29.4907 26.8829 62.67 37.4655 35.9574 29.7446 36.1272 24.6128 12.407 35.7347 43.4847 32.8813 48.0671 34.1891 80.2346 37.0115 4.73574 35.7049 3.25488 52.9492 33.1403 79.8471 37.2502 111.84 10.6162 0 23.1352 81.6649 48.7127 35.7786 97.0809 28.2559 23.6494 35.8803 32.7166 34.8464 59.6011 53.0496 34.289 93.6547 3.96972 15.1602 
n 2.8 3.74 17.417 13.3013 15.6627 17.8878 88.4373 14.5423 1.75535 19.6101 64.997 14.711 27.2087 73.9674 22.8188 14.7304 17.2974 52.1922 18.9173 19.0241 7.37019 16.4495 5.00958 35.2407 20.9277 23.5261 11.176 25.9573 19.1213 57.1163 17.3258 27.7605 23.0038 26.0459 30.3385 20.5495 56.7182 20.9869 132.772 25.3782 23.1352 0 58.5855 25.9162 20.8938 73.9482 8.70288 0.569536 21.2141 17.2533 18.5997 81.8646 75.6809 20.1359 70.5224 26.2963 36.4941 
n 3.5 2.33 55.8795 53.2193 49.5101 57.181 146.99 54.3852 56.8442 52.6828 121.421 52.8333 37.3298 15.974 44.158 56.6871 62.0405 70.3657 48.5184 51.3045 52.6977 48.2016 57.4062 93.4806 53.9703 42.5258 49.3178 37.7581 57.4145 7.51168 47.5359 86.3295 56.6908 84.6267 29.4854 57.4818 6.59245 51.4848 189.294 81.6469 81.6649 58.5855 0 34.9165 53.8565 15.9471 54.4154 58.0544 54.0925 54.5204 52.6583 138.75 134.125 55.2939 12.6148 84.8796 93.8633 
n 2.33333 3.72 31.4048 26.6223 24.2947 32.72 113.054 28.4662 24.1957 30.0258 90.8826 27.0992 21.4456 49.2966 24.3978 30.5974 36.0524 45.3986 25.676 28.4258 18.9681 23.42 26.5831 61.0099 31.9239 23.3172 20.4064 4.52353 22.9101 32.0441 23.3652 53.1682 35.2762 51.3981 15.0415 34.4451 31.8128 29.889 154.381 51.0482 48.7127 25.9162 34.9165 0 31.8106 49.282 25.2274 25.4778 32.199 30.1652 29.3642 107.781 99.9833 32.5082 45.9034 51.4906 62.4093 
n 1.4 0.32 3.97914 7.83142 7.85278 4.5126 99.3243 6.35296 20.4752 1.8197 68.897 6.49709 16.5267 69.8108 9.726 6.71008 9.46445 70.3882 6.22822 3.38658 23.4953 8.46346 15.9374 44.869 0.120113 11.364 13.5353 34.6852 38.0355 55.1459 8.44559 40.2612 3.46742 39.0209 25.165 3.65865 54.407 2.37619 147.471 31.1023 35.7786 20.8938 53.8565 31.8106 0 69.7827 12.3789 20.4996 0.404385 3.66565 2.70599 86.3026 87.624 1.6153 66.4713 39.7254 43.4295 
n 2.51667 4.83 71.8265 69.1194 65.429 73.1281 162.149 70.3111 72.196 68.6235 137.285 68.7569 53.2573 0.0392306 60.094 72.6175 77.984 78.6326 64.4653 67.25 67.7392 64.1231 73.0464 109.038 69.896 58.4636 65.0484 51.4605 70.8752 17.3138 63.4666 101.703 72.5823 99.9768 45.3816 73.4136 17.4718 67.4131 203.229 97.4388 97.0809 73.9482 15.9471 49.282 69.7827 0 70.1833 73.4315 70.014 70.4671 68.6044 154.591 149.165 71.2286 3.4275 100.182 109.59 
n 1.21667 4.36 9.28465 4.62305 7.22303 10.0772 93.6919 6.08354 8.10996 10.9787 67.1951 6.03026 19.9688 70.2062 14.656 6.97296 11.4297 58.7829 10.3679 10.3238 11.6293 8.2248 4.14734 39.3725 12.4256 15.6134 5.19302 26.761 25.9841 53.9974 9.13254 32.9886 14.8553 31.4413 25.0934 12.6605 53.4564 12.2997 139.618 27.2577 28.2559 8.70288 54.4154 25.2274 12.3789 70.1833 0 8.25194 12.7253 8.83597 9.95811 84.4414 81.2994 11.8266 66.7666 31.9162 39.4535 
n 72.2333 7.01 17.0679 12.8638 15.1575 17.5724 88.9773 14.1466 1.28215 19.1904 65.4176 14.2736 26.6452 73.4509 22.2859 14.4055 17.1324 52.2913 18.419 18.5756 7.066 15.9277 4.68824 35.7289 20.5358 22.9813 10.615 25.5894 19.2102 56.6159 16.8007 28.2838 22.6642 26.5734 29.777 20.2342 56.213 20.5482 133.341 25.7442 23.6494 0.569536 58.0544 25.4778 20.4996 73.4315 8.25194 0 20.8247 16.8694 18.1768 82.3069 76.2291 19.7716 70.0055 26.8315 36.9326 
n 1.43333 0.07 4.17058 8.19472 8.25701 4.59064 99.3163 6.6806 20.8147 2.22262 68.7698 6.87105 16.7643 70.0423 9.9877 6.937 9.45236 70.7822 6.59632 3.77933 23.8756 8.86216 16.2482 44.886 0.314909 11.625 13.9349 35.0832 38.4142 55.4241 8.83502 40.3469 3.08597 39.1195 25.4581 3.49021 54.6809 2.64919 147.539 31.0896 35.8803 21.2141 54.0925 32.199 0.404385 70.014 12.7253 20.8247 0 3.96628 3.10699 86.1731 87.6442 1.60969 66.707 39.8313 43.3971 
n 65.4333 5.92 1.37758 4.46853 5.90613 2.7377 96.8709 2.75313 16.8888 2.84117 67.3973 3.3444 17.4577 70.4937 10.6668 3.25189 7.57555 67.274 6.00512 3.46097 20.2018 6.96426 12.2823 42.2992 3.68871 12.2186 10.7433 32.6826 34.7015 55.3145 7.33827 37.2789 6.1055 35.9698 25.2992 4.38136 54.63 4.54183 144.53 28.7852 32.7166 17.2533 54.5204 30.1652 3.66565 70.4671 8.83597 16.8694 3.96628 0 2.17496 84.8041 84.9898 3.01265 67.1137 36.6338 41.2113 
n 3.63333 2.63 3.34918 5.34024 5.20407 4.5522 99.045 4.19632 18.0654 1.02513 69.4436 3.94771 15.4663 68.6316 8.62743 5.35568 9.61379 67.6931 4.23042 1.36412 20.8572 5.94463 13.7262 44.4742 2.79399 10.2151 10.8299 32.1259 35.401 53.6251 6.07263 39.4227 6.01526 38.1007 23.5888 5.22921 52.9198 2.51848 146.672 30.9474 34.8464 18.5997 52.6583 29.3642 2.70599 68.6044 9.95811 18.1768 3.10699 2.17496 0 86.853 87.1631 3.15253 65.2634 38.755 43.368 
n 1.66667 1.43 83.5124 85.5801 89.3483 82.3234 31.1154 84.541 83.5887 87.064 17.4104 86.0676 102.249 154.615 95.467 82.2954 77.2421 116.745 90.7413 88.2111 88.9509 90.6648 81.8349 47.2141 86.2047 97.0211 89.609 107.516 93.175 138.384 91.3864 55.6493 84.2587 57.4266 109.274 82.6882 137.871 88.5371 82.6469 57.1982 59.6011 81.8646 138.75 107.781 86.3026 154.591 84.4414 82.3069 86.1731 84.8041 86.853 0 32.5216 84.7165 151.181 57.6366 45.3764 
n 1.35 2.12 83.9753 84.0538 87.8252 83.1365 13.3739 83.7113 77.3958 87.727 34.2093 85.0013 101.138 149.182 95.0584 81.8808 78.2115 96.364 90.1896 88.3811 81.4605 89.0684 77.6418 42.7597 87.5585 96.3506 85.9037 98.3745 80.4838 132.011 89.9384 48.3143 86.7607 49.8975 105.892 84.4841 131.737 89.4123 61.4279 56.6981 53.0496 75.6809 134.125 99.9833 87.624 149.165 81.2994 76.2291 87.6442 84.9898 87.1631 32.5216 0 86.0375 145.759 49.5043 44.943 
n 1.13333 2.86 2.78383 7.47186 8.27754 3.00045 97.7203 5.74766 19.8405 2.69824 67.3095 6.27487 17.976 71.2564 11.1362 5.58591 7.85672 70.2654 7.24016 4.2751 23.2118 9.0892 15.1374 43.2799 1.53463 12.7701 13.6035 35.2246 37.7141 56.4716 9.2212 38.7467 3.11112 37.526 26.4545 2.20359 55.7458 3.85198 145.933 29.4958 34.289 20.1359 55.2939 32.5082 1.6153 71.2286 11.8266 19.7716 1.60969 3.01265 3.15253 84.7165 86.0375 0 67.908 38.2425 41.8167 
n 3.06667 4.65 68.4753 65.7283 62.0464 69.7812 158.736 66.9321 68.7705 65.2945 133.881 65.3765 49.9446 3.44799 56.7719 69.2414 74.6214 76.1057 61.1145 63.9109 64.3255 60.7422 69.6212 105.611 66.5851 55.1393 61.6288 48.1398 67.6009 14.007 60.0916 98.2783 69.2981 96.5525 41.9931 70.0964 14.1108 64.0996 199.936 94.0231 93.6547 70.5224 12.6148 45.9034 66.4713 3.4275 66.7666 70.0055 66.707 67.1137 65.2634 151.181 145.759 67.908 0 96.7592 106.168 
n 4.98333 2.25 35.8248 35.0199 38.686 35.2434 62.1558 34.9513 28.0355 39.4654 41.8929 36.0968 51.8634 100.2 46.0799 33.4004 30.8524 62.5699 41.2978 39.8502 32.5708 39.8805 28.1626 10.6906 39.6827 47.263 36.4126 50.5798 35.5968 83.2292 40.7712 2.13018 39.6741 1.0264 56.3925 37.1072 82.874 41.1715 107.967 13.5376 3.96972 26.2963 84.8796 51.4906 39.7254 100.182 31.9162 26.8315 39.8313 36.6338 38.755 57.6366 49.5043 38.2425 96.7592 0 14.7273 
n 3.95 4.2 40.055 41.164 44.9992 39.0554 56.0479 40.4155 38.2146 43.7897 28.5898 41.8606 58.2708 109.612 51.7338 38.3306 33.9719 77.2917 46.8617 44.6705 43.6296 46.3068 36.5878 5.58977 43.3513 53.1798 44.5505 62.2503 49.325 93.157 47.1024 12.6253 42.1893 14.0661 64.5177 40.0783 92.6775 45.4166 106.004 12.447 15.1602 36.4941 93.8633 62.4093 43.4295 109.59 39.4535 36.9326 43.3971 41.2113 43.368 45.3764 44.943 41.8167 106.168 14.7273 0 
