p 40 5 2
n 5.36667 3.52 0 69.986 16.9167 57.4011 48.7797 49.3553 39.9114 18.6353 61.9725 10.0756 12.3945 41.459 150.528 75.4806 11.3754 13.6872 46.1058 23.7988 26.9066 77.6291 31.0894 98.9213 53.1476 174.655 149.659 55.0898 60.6028 70.8485 27.7485 84.0283 77.1442 79.6067 42.0555 3.00051 31.8856 56.6237 14.0852 30.748 23.188 4.3756 
n 13 3.8 69.986 0 59.4171 19.1838 21.9072 77.0396 42.3203 67.7007 83.1873 65.2479 65.4522 42.2141 215.039 88.7392 59.48 64.6961 65.108 46.203 56.818 89.7846 44.6102 97.6345 79.7449 170.822 113.059 37.7361 98.9651 93.5872 42.626 100.386 89.1564 85.0419 74.484 67.0415 52.656 97.0174 58.3998 60.3216 46.7996 73.9873 
n 6.38333 3.27 16.9167 59.4171 0 44.0975 37.5104 60.4668 23.7326 9.23299 72.7115 7.41212 6.40813 25.1714 156.253 85.3824 8.17265 5.38705 30.5728 16.5345 10.151 87.4204 30.6808 106.889 64.3873 183.929 151.152 54.1978 74.9497 82.5453 17.8505 95.0668 86.8735 64.4106 53.5321 15.4662 36.3415 71.1723 4.80988 38.7141 16.4483 18.8484 
n 2.13333 2.26 57.4011 19.1838 44.0975 0 11.187 76.6333 23.9059 51.4179 85.2151 50.7965 50.4551 23.5451 197.652 93.3765 46.1492 49.4839 45.9631 34.3983 39.5675 94.7906 39.1829 106.574 79.9479 182.29 130.043 43.5907 97.5047 96.0303 29.912 104.947 94.1559 67.0739 72.4262 54.6727 48.9052 94.8737 44.2308 56.2776 35.1329 60.9217 
n 1.18333 1.66 48.7797 21.9072 37.5104 11.187 0 65.4814 22.655 45.8492 74.2544 43.4437 43.5715 23.09 193.303 82.8102 37.9261 42.7976 46.8137 25.0775 35.3829 84.2948 28.0572 97.1206 68.826 173.536 125.282 34.1843 86.3183 85.0872 21.0734 94.3142 83.6621 72.5103 61.2396 45.9064 37.7285 83.6983 36.6203 45.134 25.749 52.6153 
n 1.56667 4.93 49.3553 77.0396 60.4668 76.6333 65.4814 0 73.778 66.5667 12.6237 57.0929 59.6186 75.371 185.706 26.3524 52.3555 60.5216 90.4687 50.9393 69.4701 28.5392 38.4841 51.0865 3.92267 125.398 111.037 41.0614 22.0538 22.0968 54.8156 34.7848 28.1042 124.028 7.32254 48.2855 28.5478 20.7479 55.6728 22.6692 50.3155 52.0635 
n 1.61667 2.48 39.9114 42.3203 23.7326 23.9059 22.655 73.778 0 29.0662 84.7092 31.1231 29.9772 1.66233 173.824 95.5612 28.8835 28.7604 24.2476 23.0529 16.4958 97.3488 36.2114 113.442 77.5747 190.788 147.255 52.7209 91.8703 95.3543 18.9625 106.443 96.7416 52.9521 67.8701 37.7938 45.5982 88.5239 25.8336 51.1856 23.7461 42.4348 
n 2.53333 4.98 18.6353 67.7007 9.23299 51.4179 45.8492 66.5667 29.0662 0 79.0537 9.47567 6.95149 30.2131 147.515 92.1418 15.2036 6.17992 28.0253 25.7549 12.6738 94.2326 39.5255 114.433 70.4511 191.103 160.172 63.3025 79.149 88.4596 26.9624 101.347 93.7092 61.1207 59.404 18.6749 44.3623 75.2013 12.9808 45.779 25.6445 18.3962 
n 4.1 4.26 61.9725 83.1873 72.7115 85.2151 74.2544 12.6237 84.7092 79.0537 0 69.5885 72.1023 86.2593 195.954 13.9216 64.6568 72.9748 102.421 62.2421 81.4718 16.1216 48.7092 39.267 8.95882 112.784 102.301 45.6887 21.7409 10.8447 65.8249 22.3554 15.7419 135.787 19.9431 60.8657 39.111 22.8363 67.9042 34.2997 61.6663 64.682 
n 3.26667 1.41 10.0756 65.2479 7.41212 50.7965 43.4437 57.0929 31.1231 9.47567 69.5885 0 2.5544 32.5753 151.605 82.7186 7.01366 3.69227 36.1054 20.0885 16.9759 84.8172 31.8903 105.214 60.9761 181.737 152.475 56.1187 69.9602 78.9862 22.7569 91.8745 84.2982 69.7315 49.9285 9.43044 35.6107 66.0589 6.85912 36.5014 19.7349 11.4747 
n 2.73333 1.89 12.3945 65.4522 6.40813 50.4551 43.5715 59.6186 29.9772 6.95149 72.1023 2.5544 0 31.3669 150.765 85.2003 8.77253 1.35251 33.7126 21.0579 15.1071 87.2941 33.633 107.595 63.5051 184.188 154.315 57.75 72.4935 81.526 23.2725 94.3973 86.7724 67.2728 52.4639 11.9518 37.782 68.5847 7.58761 38.9013 20.7853 13.2643 
n 1.63333 0.98 41.459 42.2141 25.1714 23.5451 23.09 75.371 1.66233 30.2131 86.2593 32.5753 31.3669 0 174.384 97.0462 30.476 30.1325 23.7247 24.6902 17.5729 98.8238 37.7118 114.772 79.1613 192.088 147.995 53.8126 93.5167 96.9175 20.5596 107.957 98.2151 51.7057 69.4889 39.3719 47.1507 90.176 27.3917 52.7927 25.3872 43.9247 
n 3.4 0.62 150.528 215.039 156.253 197.652 193.303 185.706 173.824 147.515 195.954 151.605 150.765 174.384 0 209.027 158.335 151.265 155.915 171.692 158.299 211.102 181.616 234.613 188.023 297.538 296.232 205.47 179.835 199.192 173.989 211.772 210.903 162.16 179.737 153.404 181.16 176.463 158.293 177.435 171.336 146.158 
n 31.1 3.81 75.4806 88.7392 85.3824 93.3765 82.8102 26.3524 95.5612 92.1418 13.9216 82.7186 85.2003 97.0462 209.027 0 77.4546 86.0081 114.528 73.7666 93.7368 2.2 59.3564 25.6545 22.8474 99.1748 91.226 51.1444 31.0175 11.45 76.9676 11.6698 1.88047 147.512 33.6518 74.2257 50.3803 33.4731 80.577 46.6738 73.2533 78.3372 
n 1.13333 3.36 11.3754 59.48 8.17265 46.1492 37.9261 52.3555 28.8835 15.2036 64.6568 7.01366 8.77253 30.476 158.335 77.4546 0 9.09932 38.6964 13.5581 17.9562 79.5123 24.9109 99.3458 56.2732 176.196 145.56 49.1117 66.8589 74.4191 16.8761 87.01 78.9737 72.5314 45.3849 8.95634 29.1602 63.1143 3.57056 30.8516 13.1069 14.7851 
n 3.31667 4.82 13.6872 64.6961 5.38705 49.4839 42.7976 60.5216 28.7604 6.17992 72.9748 3.69227 1.35251 30.1325 151.265 86.0081 9.09932 0 32.4364 20.7577 13.7628 88.0933 33.7647 108.253 64.4162 184.938 154.467 57.7773 73.6322 82.4674 22.7244 95.2884 87.5671 66.0411 53.3955 13.1184 38.245 69.7382 7.37584 39.6036 20.5314 14.6165 
n 1.1 3.06 46.1058 65.108 30.5728 45.9631 46.8137 90.4687 24.2476 28.0253 102.421 36.1054 33.7126 23.7247 155.915 114.528 38.6964 32.4364 0 41.0742 21.0063 116.48 56.2873 134.481 94.3875 211.923 171.391 75.9438 105.521 112.556 38.741 124.706 115.905 33.8382 83.7315 45.436 64.2879 101.732 35.1775 68.1255 41.5009 46.3871 
n 1.28333 2.06 23.7988 46.203 16.5345 34.3983 25.0775 50.9393 23.0529 25.7549 62.2421 20.0885 21.0579 24.6902 171.692 73.7666 13.5581 20.7577 41.0742 0 21.1542 75.6626 15.3583 93.4351 54.7822 170.861 134.844 37.8209 68.8421 72.7386 4.72334 84.2871 75.075 73.7458 44.8645 20.8799 23.3864 65.5423 13.4708 28.2763 0.770041 27.7897 
n 1.66667 0.33 26.9066 56.818 10.151 39.5675 35.3829 69.4701 16.4958 12.6738 81.4718 16.9759 15.1071 17.5729 158.299 93.7368 17.9562 13.7628 21.0063 21.1542 0 95.7174 36.4935 114.304 73.3901 191.638 155.109 58.2712 84.7764 91.5616 20.0756 103.784 95.1507 54.7404 62.7264 25.6051 43.7454 81.0558 14.3885 47.1989 21.4325 28.3472 
n 1.28333 1.81 77.6291 89.7846 87.4204 94.7906 84.2948 28.5392 97.3488 94.2326 16.1216 84.8172 87.2941 98.8238 211.102 2.2 79.5123 88.0933 116.48 75.6626 95.7174 0 61.1606 23.5371 25.0457 97.0317 89.5499 52.2961 32.7844 12.9872 78.8105 10.6843 0.635487 149.4 35.8335 76.3558 52.2792 35.3623 82.6172 48.7065 75.1579 80.5038 
n 1.11667 1.26 31.0894 44.6102 30.6808 39.1829 28.0572 38.4841 36.2114 39.5255 48.7092 31.8903 33.633 37.7118 181.616 59.3564 24.9109 33.7647 56.2873 15.3583 36.4935 61.1606 0 78.2013 42.1065 155.656 120.703 24.3084 58.528 59.4631 17.7624 70.2509 60.5567 88.4504 33.5248 28.2211 9.97388 55.7608 26.5489 17.101 15.062 35.4613 
n 26.7833 10.39 98.9213 97.6345 106.889 106.574 97.1206 51.0865 113.442 114.433 39.267 105.214 107.595 114.772 234.613 25.6545 99.3458 108.253 134.481 93.4351 114.304 23.5371 78.2013 0 47.9407 77.4606 68.7988 63.0345 55.5739 35.691 95.8802 24.988 23.7741 166.316 58.1667 97.334 70.6499 58.511 102.168 68.7175 93.045 102.136 
n 3.03333 1.35 53.1476 79.7449 64.3873 79.9479 68.826 3.92267 77.5747 70.4511 8.95882 60.9761 63.5051 79.1613 188.023 22.8474 56.2732 64.4162 94.3875 54.7822 73.3901 25.0457 42.1065 47.9407 0 121.711 109.204 43.2095 20.0292 18.1745 58.6144 30.9212 24.6433 127.937 11.0969 52.1276 32.2146 19.4227 59.594 26.5303 54.1651 55.7814 
n 1.3 1.67 174.655 170.822 183.929 182.29 173.536 125.398 190.788 191.103 112.784 181.737 184.188 192.088 297.538 99.1748 176.196 184.938 211.923 170.861 191.638 97.0317 155.656 77.4606 121.711 0 85.0184 139.38 121.227 104.969 173.341 91.3798 97.5253 243.711 132.72 173.38 147.904 125.203 179.161 145.358 170.457 177.46 
n 2.41667 5.12 149.659 113.059 151.152 130.043 125.282 111.037 147.255 160.172 102.301 152.475 154.315 147.995 296.232 91.226 145.56 154.467 171.391 134.844 155.109 89.5499 120.703 68.7988 109.204 85.0184 0 97.0254 122.227 102.534 135.059 93.6392 89.5169 197.076 116.607 147.221 117.778 124.452 147.223 119.905 134.815 153.737 
n 43.4167 13.47 55.0898 37.7361 54.1978 43.5907 34.1843 41.0614 52.7209 63.3025 45.6887 56.1187 57.75 53.8126 205.47 51.1444 49.1117 57.7773 75.9438 37.8209 58.2712 52.2961 24.3084 63.0345 43.2095 139.38 97.0254 0 63.0689 55.9245 38.1996 62.8127 51.6631 105.362 40.2612 52.3113 25.0218 61.7337 50.4429 30.9089 37.8054 59.4275 
n 2.05 5.05 60.6028 98.9651 74.9497 97.5047 86.3183 22.0538 91.8703 79.149 21.7409 69.9602 72.4935 93.5167 179.835 31.0175 66.8589 73.6322 105.521 68.8421 84.7764 32.7844 58.528 55.5739 20.0292 121.227 122.227 63.0689 0 19.9428 73.1869 31.9367 32.7658 139.357 25.079 60.5436 48.6396 4.16622 70.4091 41.5484 68.1348 61.973 
n 3.73333 0.59 70.8485 93.5872 82.5453 96.0303 85.0872 22.0968 95.3543 88.4596 10.8447 78.9862 81.526 96.9175 199.192 11.45 74.4191 82.4674 112.556 72.7386 91.5616 12.9872 59.4631 35.691 18.1745 104.969 102.534 55.9245 19.9428 0 76.4303 13.6006 13.0519 146.075 29.0755 70.0021 49.7771 22.8334 77.7564 44.5866 72.1422 73.2172 
n 3.1 3.16 27.7485 42.626 17.8505 29.912 21.0734 54.8156 18.9625 26.9624 65.8249 22.7569 23.2725 20.5596 173.989 76.9676 16.8761 22.7244 38.741 4.72334 20.0756 78.8105 17.7624 95.8802 58.6144 173.341 135.059 38.1996 73.1869 76.4303 0 87.6906 78.2125 70.6924 48.9565 24.9178 26.7367 69.9531 15.9035 32.2369 5.49333 31.5425 
n 1.11667 2.61 84.0283 100.386 95.0668 104.947 94.3142 34.7848 106.443 101.347 22.3554 91.8745 94.3973 107.957 211.772 11.6698 87.01 95.2884 124.706 84.2871 103.784 10.6843 70.2509 24.988 30.9212 91.3798 93.6392 62.8127 31.9367 13.6006 87.6906 0 11.296 157.967 42.0122 83.0477 60.9705 35.406 90.2593 56.5866 83.7377 86.5384 
n 1.53333 0.08 77.1442 89.1564 86.8735 94.1559 83.6621 28.1042 96.7416 93.7092 15.7419 84.2982 86.7724 98.2151 210.903 1.88047 78.9737 87.5671 115.905 75.075 95.1507 0.635487 60.5567 23.7741 24.6433 97.5253 89.5169 51.6631 32.7658 13.0519 78.2125 11.296 0 148.81 35.3884 75.8566 51.6933 35.2823 82.0713 48.1593 74.5722 80.0365 
n 43.55 5.78 79.6067 85.0419 64.4106 67.0739 72.5103 124.028 52.9521 61.1207 135.787 69.7315 67.2728 51.7057 162.16 147.512 72.5314 66.0411 33.8382 73.7458 54.7404 149.4 88.4504 166.316 127.937 243.711 197.076 105.362 139.357 146.075 70.6924 157.967 148.81 0 117.403 79.1297 97.1316 135.558 69.005 101.515 74.2671 79.4572 
n 2 1.45 42.0555 74.484 53.5321 72.4262 61.2396 7.32254 67.8701 59.404 19.9431 49.9285 52.4639 69.4889 179.737 33.6518 45.3849 53.3955 83.7315 44.8645 62.7264 35.8335 33.5248 58.1667 11.0969 132.72 116.607 40.2612 25.079 29.0755 48.9565 42.0122 35.3884 117.403 0 41.036 23.5912 22.6401 48.7597 16.7829 44.2044 44.741 
n 2.66667 0.23 3.00051 67.0415 15.4662 54.6727 45.9064 48.2855 37.7938 18.6749 60.8657 9.43044 11.9518 39.3719 153.404 74.2257 8.95634 13.1184 45.436 20.8799 25.6051 76.3558 28.2211 97.334 52.1276 173.38 147.221 52.3113 60.5436 70.0021 24.9178 83.0477 75.8566 79.1297 41.036 0 29.459 56.633 12.027 28.8409 20.2553 7.32494 
n 22.2667 14.11 31.8856 52.656 36.3415 48.9052 37.7285 28.5478 45.5982 44.3623 39.111 35.6107 37.782 47.1507 181.16 50.3803 29.1602 38.245 64.2879 23.3864 43.7454 52.2792 9.97388 70.6499 32.2146 147.904 117.778 25.0218 48.6396 49.7771 26.7367 60.9705 51.6933 97.1316 23.5912 29.459 0 45.9698 31.7025 7.68081 22.879 36.0129 
n 1.15 1.01 56.6237 97.0174 71.1723 94.8737 83.6983 20.7479 88.5239 75.2013 22.8363 66.0589 68.5847 90.176 176.463 33.4731 63.1143 69.7382 101.732 65.5423 81.0558 35.3623 55.7608 58.511 19.4227 125.203 124.452 61.7337 4.16622 22.8334 69.9531 35.406 35.2823 135.558 22.6401 56.633 45.9698 0 66.6736 38.6858 64.8239 57.917 
n 1.38333 2.62 14.0852 58.3998 4.80988 44.2308 36.6203 55.6728 25.8336 12.9808 67.9042 6.85912 7.58761 27.3917 158.293 80.577 3.57056 7.37584 35.1775 13.4708 14.3885 82.6172 26.5489 102.168 59.594 179.161 147.223 50.4429 70.4091 77.7564 15.9035 90.2593 82.0713 69.005 48.7597 12.027 31.7025 66.6736 0 33.9123 13.2014 16.9351 
n 2.76667 4.29 30.748 60.3216 38.7141 56.2776 45.134 22.6692 51.1856 45.779 34.2997 36.5014 38.9013 52.7927 177.435 46.6738 30.8516 39.6036 68.1255 28.2763 47.1989 48.7065 17.101 68.7175 26.5303 145.358 119.905 30.9089 41.5484 44.5866 32.2369 56.5866 48.1593 101.515 16.7829 28.8409 7.68081 38.6858 33.9123 0 27.6478 34.4396 
n 1.1 1.66 23.188 46.7996 16.4483 35.1329 25.749 50.3155 23.7461 25.6445 61.6663 19.7349 20.7853 25.3872 171.336 73.2533 13.1069 20.5314 41.5009 0.770041 21.4325 75.1579 15.062 93.045 54.1651 170.457 134.815 37.8054 68.1348 72.1422 5.49333 83.7377 74.5722 74.2671 44.2044 20.2553 22.879 64.8239 13.2014 27.6478 0 27.2128 
n 3.33333 3.87 4.3756 73.9873 18.8484 60.9217 52.6153 52.0635 42.4348 18.3962 64.682 11.4747 13.2643 43.9247 146.158 78.3372 14.7851 14.6165 46.3871 27.7897 28.3472 80.5038 35.4613 102.136 55.7814 177.46 153.737 59.4275 61.973 73.2172 31.5425 86.5384 80.0365 79.4572 44.741 7.32494 36.0129 57.917 16.9351 34.4396 27.2128 0 
