p 30 4 2
n 35.45 6.47 0 3.04536 28.2004 1.58572 8.75787 14.7114 146.793 6.05426 17.889 18.8707 68.4649 113.749 56.9623 109.224 52.8691 54.1918 56.9991 70.6068 53.3272 38.8471 39.1417 48.6974 12.2645 66.4038 4.25413 19.5235 71.1555 2.54077 69.583 64.4494 
n 12.7167 4.64 3.04536 0 26.5744 4.60526 9.69434 12.3256 143.761 5.78961 19.5769 17.0833 65.6263 110.713 54.1152 106.434 54.1165 55.9654 58.8322 68.5436 50.524 35.8559 36.1383 45.7513 11.8358 68.4433 3.94688 17.2145 68.7673 5.46031 71.6327 61.6456 
n 1.33333 3.47 28.2004 26.5744 0 29.3924 22.6719 15.3131 135.077 22.4165 26.1296 9.53179 67.3643 98.2608 37.4576 107.159 44.644 51.4684 54.6149 42.9354 54.6298 27.3221 36.9704 46.8519 17.1605 65.5661 23.9932 11.2069 77.7471 28.7703 68.6166 64.5219 
n 1.15 0.51 1.58572 4.60526 29.3924 0 9.0119 16.1943 148.302 7.03303 17.4932 20.1524 69.7923 115.318 58.5349 110.51 52.619 53.6294 56.3975 71.9317 54.6319 40.4315 40.6174 50.1158 13.0836 65.6664 5.40877 20.9722 72.1777 1.59815 68.8375 65.7515 
n 9.61667 4.38 8.75787 9.69434 22.6719 9.0119 0 13.4311 149.138 4.46998 10.2128 14.6078 73.1628 114.705 55.8635 114.098 44.4242 46.4549 49.3693 65.6044 58.3215 39.5589 42.6379 52.7186 5.53521 59.1997 5.85596 17.0818 77.7151 7.67152 62.3975 69.3763 
n 1.95 4.85 14.7114 12.3256 15.3131 16.1943 13.4311 0 135.824 10.4178 22.1722 6.15458 61.3047 101.279 42.8645 102.163 51.875 56.09 59.1695 56.2908 46.9475 26.1313 30.2661 40.5438 9.55285 69.6212 11.1519 4.89941 68.1043 16.1658 72.8073 57.7737 
n 13.3667 1.32 146.793 143.761 135.077 148.302 149.138 135.824 0 145.405 157.724 136.986 82.8652 39.7544 98.4792 54.6496 177.812 186.071 189.177 116.985 97.0952 109.887 107.773 98.9785 145.176 200.152 145.266 133.168 94.6494 149.195 203.085 87.319 
n 2.06667 2.1 6.05426 5.78961 22.4165 7.03303 4.46998 10.4178 145.405 0 14.6824 13.3489 68.8479 111.402 53.2818 109.774 48.5661 50.8681 53.798 65.1178 53.9515 36.1962 38.4984 48.4979 6.24618 63.6642 1.91596 14.791 73.2454 6.36654 66.8624 65.0245 
n 3 1.85 17.889 19.5769 26.1296 17.4932 10.2128 22.1722 157.724 14.6824 0 20.9594 83.0442 122.424 62.4458 123.977 35.1814 36.3899 39.2578 67.6564 68.3242 47.8375 52.25 62.4463 12.6351 48.9944 15.9592 24.5762 87.9278 15.8991 52.1914 79.3347 
n 5.81667 1.79 18.8707 17.0833 9.53179 20.1524 14.6078 6.15458 136.986 13.3489 20.9594 0 64.8213 101.465 41.6987 105.435 47.2086 52.2726 55.3984 51.7923 50.964 27.1902 33.6939 43.9815 9.2477 66.0847 14.7503 4.24173 72.915 19.6945 69.2409 61.5226 
n 1.56667 1.98 68.4649 65.6263 67.3643 69.7923 73.1628 61.3047 82.8652 68.8479 83.0442 64.8213 0 59.5518 45.2275 40.9379 111.629 117.086 120.205 76.9836 15.2304 40.5523 31.1428 20.841 70.7124 130.818 68.1286 60.5797 20.5952 71.0006 133.991 4.46068 
n 1.95 2.55 113.749 110.713 98.2608 115.318 114.705 101.279 39.7544 111.402 122.424 101.465 59.5518 0 60.8867 53.8292 139.56 148.313 151.372 77.2381 70.4562 75.2073 76.2826 69.4283 110.207 162.295 111.577 97.9833 77.4475 115.977 165.137 63.4624 
n 2.93333 3.5 56.9623 54.1152 37.4576 58.5349 55.8635 42.8645 98.4792 53.2818 62.4458 41.6987 45.2275 60.8867 0 78.441 79.3546 87.6582 90.7497 31.8234 40.1973 19.8321 29.845 32.2647 50.8401 101.714 53.9126 38.7822 63.1722 58.7954 104.625 44.7245 
n 20.4667 1.57 109.224 106.434 107.159 110.51 114.098 102.163 54.6496 109.774 123.977 105.435 40.9379 53.8292 78.441 0 151.756 157.682 160.816 107.574 55.9113 79.8616 71.9121 61.6195 111.61 171.517 109.027 101.204 43.9358 111.765 174.676 44.7925 
n 2.95 1.3 52.8691 54.1165 44.644 52.619 44.4242 51.875 177.812 48.5661 35.1814 47.2086 111.629 139.56 79.3546 151.756 0 10.9331 13.1979 69.0882 98.1265 71.9632 80.6803 90.8722 43.8434 23.2788 50.226 51.399 119.966 51.0356 25.8408 108.527 
n 3.26667 1.11 54.1918 55.9654 51.4684 53.6294 46.4549 56.09 186.071 50.8681 36.3899 52.2726 117.086 148.313 87.6582 157.682 10.9331 0 3.15072 79.4719 103.005 78.4448 85.9458 96.2446 47.1649 14.1108 52.2887 56.5123 123.817 52.0355 17.1497 113.723 
n 5 1.2 56.9991 58.8322 54.6149 56.3975 49.3693 59.1695 189.177 53.798 39.2578 55.3984 120.205 151.372 90.7497 160.816 13.1979 3.15072 0 82.145 106.097 81.5952 89.0636 99.3644 50.1962 10.9814 55.1893 59.6369 126.826 54.8074 14.0018 116.83 
n 1.05 1.85 70.6068 68.5436 42.9354 71.9317 65.6044 56.2908 116.985 65.1178 67.6564 51.7923 76.9836 77.2381 31.8234 107.574 69.0882 79.4719 82.145 0 71.449 45.3752 58.2445 63.1335 60.0957 92.2975 66.5385 51.3963 94.8801 71.4783 94.6652 76.5461 
n 19.5167 1.28 53.3272 50.524 54.6298 54.6319 58.3215 46.9475 97.0952 53.9515 68.3242 50.964 15.2304 70.4562 40.1973 55.9113 98.1265 103.005 106.097 71.449 0 29.4647 17.6596 8.59271 56.1852 116.566 53.1465 46.7459 24.1748 55.8663 119.754 11.1226 
n 1.96667 1.3 38.8471 35.8559 27.3221 40.4315 39.5589 26.1313 109.887 36.1962 47.8375 27.1902 40.5523 75.2073 19.8321 79.8616 71.9632 78.4448 81.5952 45.3752 29.4647 0 13.2286 20.9875 35.3224 92.4738 36.4161 23.2874 53.5859 40.9577 95.5751 38.1488 
n 24.3333 4.22 39.1417 36.1383 36.9704 40.6174 42.6379 30.2661 107.773 38.4984 52.25 33.6939 31.1428 76.2826 29.845 71.9121 80.6803 85.9458 89.0636 58.2445 17.6596 13.2286 0 10.3079 39.7591 99.6796 38.0472 29.4525 41.2026 41.5975 102.85 27.855 
n 8.53333 5.18 48.6974 45.7513 46.8519 50.1158 52.7186 40.5438 98.9785 48.4979 62.4463 43.9815 20.841 69.4283 32.2647 61.6195 90.8722 96.2446 99.3644 63.1335 8.59271 20.9875 10.3079 0 50.0087 109.987 47.9299 39.7398 32.7601 51.1995 113.157 17.6856 
n 1.78333 2.04 12.2645 11.8358 17.1605 13.0836 5.53521 9.55285 145.176 6.24618 12.6351 9.2477 70.7124 110.207 50.8401 111.61 43.8434 47.1649 50.1962 60.0957 56.1852 35.3224 39.7591 50.0087 0 60.4647 8.14825 12.2315 76.6668 12.1183 63.6603 67.104 
n 1.98333 3.15 66.4038 68.4433 65.5661 65.6664 59.1997 69.6212 200.152 63.6642 48.9944 66.0847 130.818 162.295 101.714 171.517 23.2788 14.1108 10.9814 92.2975 116.566 92.4738 99.6796 109.987 60.4647 0 64.9408 70.313 136.887 64.0996 3.19994 127.375 
n 1.53333 3.58 4.25413 3.94688 23.9932 5.40877 5.85596 11.1519 145.266 1.91596 15.9592 14.7503 68.1286 111.577 53.9126 109.027 50.226 52.2887 55.1893 66.5385 53.1465 36.4161 38.0472 47.9299 8.14825 64.9408 0 15.78 72.053 5.05338 68.1361 64.2457 
n 36.85 6.09 19.5235 17.2145 11.2069 20.9722 17.0818 4.89941 133.168 14.791 24.5762 4.24173 60.5797 97.9833 38.7822 101.204 51.399 56.5123 59.6369 51.3963 46.7459 23.2874 29.4525 39.7398 12.2315 70.313 15.78 0 68.8333 20.8317 73.4716 57.2843 
n 1.13333 4.31 71.1555 68.7673 77.7471 72.1777 77.7151 68.1043 94.6494 73.2454 87.9278 72.915 20.5952 77.4475 63.1722 43.9358 119.966 123.817 126.826 94.8801 24.1748 53.5859 41.2026 32.7601 76.6668 136.887 72.053 68.8333 0 73.6322 140.087 19.0679 
n 3.06667 4.6 2.54077 5.46031 28.7703 1.59815 7.67152 16.1658 149.195 6.36654 15.8991 19.6945 71.0006 115.977 58.7954 111.765 51.0356 52.0355 54.8074 71.4783 55.8663 40.9577 41.5975 51.1995 12.1183 64.0996 5.05338 20.8317 73.6322 0 67.2727 66.9886 
n 7 3.9 69.583 71.6327 68.6166 68.8375 62.3975 72.8073 203.085 66.8624 52.1914 69.2409 133.991 165.137 104.625 174.676 25.8408 17.1497 14.0018 94.6652 119.754 95.5751 102.85 113.157 63.6603 3.19994 68.1361 73.4716 140.087 67.2727 0 130.556 
n 1.21667 1.66 64.4494 61.6456 64.5219 65.7515 69.3763 57.7737 87.319 65.0245 79.3347 61.5226 4.46068 63.4624 44.7245 44.7925 108.527 113.723 116.83 76.5461 11.1226 38.1488 27.855 17.6856 67.104 127.375 64.2457 57.2843 19.0679 66.9886 130.556 0 
