p 40 5 2
n 17.1333 5.61 0 112.541 114.197 61.1666 118.325 61.3866 116.582 56.2439 112.541 106.212 99.1564 116.532 115.137 76.808 169.544 114.517 134.301 125.654 110.965 116.714 59.6143 97.0468 152.156 57.2476 118.276 57.3434 76.3769 47.6199 24.585 75.3939 150.379 69.2286 33.1949 39.234 67.5703 75.3939 70.8702 111.958 95.7322 68.1438 
n 18.8333 4.84 112.541 0 2.20535 67.1028 7.48202 67.7503 4.41525 72.1846 0 6.40791 13.7438 24.9494 3.21237 36.1536 75.2793 11.2193 28.1998 17.5173 3.35855 21.3913 68.4044 15.5648 52.1894 71.0262 24.0169 59.0664 38.4526 81.4873 134.103 74.8636 50.0616 55.5233 91.3302 81.0318 59.7291 74.8636 56.2822 7.72188 44.2312 55.2896 
n 1.21667 0.11 114.197 2.20535 0 67.9251 5.27731 68.5523 2.40547 73.0806 2.20535 7.99524 15.7021 26.3858 3.50892 37.9914 75.4578 9.66188 28.1165 17.5074 3.5805 22.751 69.2564 17.3837 52.2499 71.9098 25.3097 61.0374 39.6673 82.4965 135.889 75.149 50.1251 56.2985 92.5754 82.2921 60.4646 75.149 56.9608 6.68952 46.3646 56.1242 
n 2.06667 4.3 61.1666 67.1028 67.9251 0 70.2699 0.925938 69.9388 5.71359 67.1028 61.0611 57.18 82.5293 70.2745 42.5387 139.064 64.1553 94.4698 83.9997 64.3454 80.8236 1.64653 54.5855 117.253 4.4733 83.2904 45.675 30.2707 16.0532 85.7462 19.413 115.168 11.69 29.847 21.9327 7.88821 19.413 11.7065 63.1635 76.42 11.8143 
n 4.05 4.4 118.325 7.48202 5.27731 70.2699 0 70.8491 3.47544 75.5754 7.48202 12.6328 20.6401 30.1029 7.45738 42.6023 75.9934 7.56759 28.4656 18.4357 7.54831 26.3706 71.6635 22.087 52.6201 74.3801 28.7498 65.8742 43.0095 85.2237 140.294 76.235 50.5181 58.5848 95.8145 85.581 62.6421 76.235 59.0266 7.10975 51.4587 58.544 
n 9.98333 1.1 61.3866 67.7503 68.5523 0.925938 70.8491 0 70.5529 5.5337 67.7503 61.7305 57.9211 83.3263 70.9268 43.4242 139.843 64.6859 95.1704 84.686 64.9736 81.6007 1.80417 55.3264 117.998 4.33551 84.0746 46.575 31.0612 15.8414 85.9707 18.6 115.911 12.2686 29.8376 22.1655 8.31516 18.6 12.1076 63.7408 77.3298 12.4844 
n 1.2 3.36 116.582 4.41525 2.40547 69.9388 3.47544 70.5529 0 75.1376 4.41525 10.3947 18.087 26.8655 3.99677 40.3966 74.3569 9.67073 26.8657 16.4304 5.75552 23.1576 71.288 19.7887 51.062 73.9597 25.6071 63.4239 41.9116 84.6172 138.293 76.7733 48.9437 58.289 94.8172 84.5424 62.4266 76.7733 58.8876 7.6257 48.0117 58.1521 
n 3.13333 1.01 56.2439 72.1846 73.0806 5.71359 75.5754 5.5337 75.1376 0 72.1846 66.0616 61.8333 86.7673 75.3354 45.8981 143.398 69.5876 99.3006 88.9057 69.5005 85.2127 4.10135 59.2452 121.828 1.24574 87.6248 46.2371 34.7062 10.3409 80.8238 21.3577 119.756 17.1437 24.3522 17.1723 13.5635 21.3577 17.384 68.4791 79.1402 17.0371 
n 26.1333 5.01 112.541 0 2.20535 67.1028 7.48202 67.7503 4.41525 72.1846 0 6.40791 13.7438 24.9494 3.21237 36.1536 75.2793 11.2193 28.1998 17.5173 3.35855 21.3913 68.4044 15.5648 52.1894 71.0262 24.0169 59.0664 38.4526 81.4873 134.103 74.8636 50.0616 55.5233 91.3302 81.0318 59.7291 74.8636 56.2822 7.72188 44.2312 55.2896 
n 3 1.05 106.212 6.40791 7.99524 61.0611 12.6328 61.7305 10.3947 66.0616 6.40791 0 8.09563 26.9883 9.36886 30.0434 80.0591 12.7858 33.6422 23.0273 5.11378 23.8345 62.3295 9.46504 57.2518 64.9164 26.5731 53.242 32.1102 75.2576 127.902 69.5741 55.1281 49.5519 84.9569 74.6541 53.7989 69.5741 50.4312 8.66265 41.9787 49.2498 
n 7.33333 1.97 99.1564 13.7438 15.7021 57.18 20.6401 57.9211 18.087 61.8333 13.7438 8.09563 0 26.4622 16.0396 22.497 82.1613 20.4559 37.6251 27.5686 13.1916 24.1127 58.3154 2.59473 60.0781 60.7484 26.7489 45.3369 27.18 70.518 120.467 67.6997 57.9903 46.0538 79.3015 68.9877 50.3797 67.6997 47.3127 16.4534 35.7419 45.5126 
n 2.7 4.89 116.532 24.9494 26.3858 82.5293 30.1029 83.3263 26.8655 86.7673 24.9494 26.9883 26.4622 0 23.0367 42.3832 56.6585 36.0433 19.7775 16.9131 28.0118 3.7544 83.523 28.9234 36.1224 85.7638 2.31591 59.313 52.2668 94.6687 135.316 94.0875 34.2024 71.8515 101.636 91.5059 76.1782 94.0875 73.3258 32.6614 28.2533 71.1468 
n 1.1 0.61 115.137 3.21237 3.50892 70.2745 7.45738 70.9268 3.99677 75.3354 3.21237 9.36886 16.0396 23.0367 0 38.5363 72.1888 13.0923 25.0167 14.3415 6.41952 19.3647 71.5684 18.0917 49.0524 74.1809 21.8843 61.1315 41.479 84.5962 136.504 78.0638 46.9251 58.7073 94.3139 84.008 62.9201 78.0638 59.4822 10.1838 44.1602 58.4604 
n 1.88333 3.19 76.808 36.1536 37.9914 42.5387 42.6023 43.4242 40.3966 45.8981 36.1536 30.0434 22.497 42.3832 38.5363 0 98.7599 40.4578 58.1658 48.9932 35.0596 41.6003 43.2102 20.6081 78.4161 45.0465 43.6575 23.6719 15.3126 52.8297 97.9716 57.8991 76.4449 33.7747 59.2591 49.125 37.7566 57.8991 35.9955 37.0891 34.4733 32.5837 
n 3.9 3.65 169.544 75.2793 75.4578 139.064 75.9934 139.843 74.3569 143.398 75.2793 80.0591 82.1613 56.6585 72.1888 98.7599 0 83.5572 47.5396 57.9661 78.5969 58.2439 140.099 84.7396 23.3949 142.381 55.7813 112.594 108.798 151.308 185.664 149.524 25.4821 128.165 157.799 147.797 132.496 149.524 129.473 81.955 73.9776 127.55 
n 1.11667 0.41 114.517 11.2193 9.66188 64.1553 7.56759 64.6859 9.67073 69.5876 11.2193 12.7858 20.4559 36.0433 13.0923 40.4578 83.5572 0 36.0239 25.8774 8.73287 32.4129 65.6039 21.0506 60.1868 68.3722 34.9647 64.1076 38.359 79.4467 137.037 69.1593 58.0839 52.4768 90.625 80.4945 56.4067 69.1593 52.7102 4.13771 54.5444 52.5696 
n 2.83333 3.24 134.301 28.1998 28.1165 94.4698 28.4656 95.1704 26.8657 99.3006 28.1998 33.6422 37.6251 19.7775 25.0167 58.1658 47.5396 36.0239 0 10.6846 31.4212 18.1952 95.6789 40.178 24.2011 98.1887 17.533 77.6317 64.7671 108.131 153.958 103.048 22.0866 83.074 116.722 106.428 87.3516 103.048 84.039 34.4863 47.8694 82.691 
n 1.61667 4.13 125.654 17.5173 17.5074 83.9997 18.4357 84.686 16.4304 88.9057 17.5173 23.0273 27.5686 16.9131 14.3415 48.9932 57.9661 25.8774 10.6846 0 20.7548 13.6872 85.2358 30.0586 34.7438 87.7795 14.7468 69.7247 54.5232 97.8834 145.999 92.3647 32.6185 72.5452 106.868 96.5551 76.8067 92.3647 73.4568 23.997 44.3069 72.2016 
n 1.03333 3.7 110.965 3.35855 3.5805 64.3454 7.54831 64.9736 5.75552 69.5005 3.35855 5.11378 13.1916 28.0118 6.41952 35.0596 78.5969 8.73287 31.4212 20.7548 0 24.5218 65.6759 14.5435 55.4718 68.3294 27.1824 58.3353 36.157 78.9251 132.814 71.7078 53.3446 52.721 89.0636 78.7876 56.891 71.7078 53.3945 4.79299 45.9039 52.5439 
n 4.05 4.9 116.714 21.3913 22.751 80.8236 26.3706 81.6007 23.1576 85.2127 21.3913 23.8345 24.1127 3.7544 19.3647 41.6003 58.2439 32.4129 18.1952 13.6872 24.5218 0 81.8701 26.6502 36.899 84.1806 2.74123 59.7226 50.565 93.3657 135.96 91.8056 34.8944 69.9499 100.806 90.609 74.2815 91.8056 71.3213 29.1131 30.7787 69.3136 
n 3.08333 3.15 59.6143 68.4044 69.2564 1.64653 71.6635 1.80417 71.288 4.10135 68.4044 62.3295 58.3154 83.523 71.5684 43.2102 140.099 65.6039 95.6789 85.2358 65.6759 81.8701 0 55.7223 118.371 2.85577 84.318 45.4805 31.3054 14.429 84.1972 20.0888 116.291 13.1285 28.2057 20.3859 9.46322 20.0888 13.2841 64.5606 76.9083 13.136 
n 1.16667 1.76 97.0468 15.5648 17.3837 54.5855 22.087 55.3264 19.7887 59.2452 15.5648 9.46504 2.59473 28.9234 18.0917 20.6081 84.7396 21.0506 40.178 30.0586 14.5435 26.6502 55.7223 0 62.6728 58.1586 29.2695 43.7926 24.6048 67.9555 118.539 65.1881 60.585 43.4633 76.8367 66.5209 47.79 65.1881 44.7337 17.2242 36.6791 42.9186 
n 5 1.2 152.156 52.1894 52.2499 117.253 52.6201 117.998 51.062 121.828 52.1894 57.2518 60.0781 36.1224 49.0524 78.4161 23.3949 60.1868 24.2011 34.7438 55.4718 36.899 118.371 62.6728 0 120.765 34.7586 94.8128 87.1217 130.186 170.015 126.826 2.12791 106.097 137.667 127.49 110.415 126.826 107.251 58.678 58.772 105.586 
n 9.36667 5.27 57.2476 71.0262 71.9098 4.4733 74.3801 4.33551 73.9597 1.24574 71.0262 64.9164 60.7484 85.7638 74.1809 45.0465 142.381 68.3722 98.1887 87.7795 68.3294 84.1806 2.85577 58.1586 120.765 0 86.6033 45.9532 33.6475 11.58 81.8315 20.9116 118.69 15.9163 25.5084 18.0994 12.3178 20.9116 16.1384 67.2817 78.4321 15.8366 
n 3.45 1.42 118.276 24.0169 25.3097 83.2904 28.7498 84.0746 25.6071 87.6248 24.0169 26.5731 26.7489 2.31591 21.8843 43.6575 55.7813 34.9647 17.533 14.7468 27.1824 2.74123 84.318 29.2695 34.7586 86.6033 0 61.1321 53.0211 95.6792 137.236 94.4486 32.792 72.481 102.91 92.7421 76.812 94.4486 73.885 31.7364 30.5643 71.822 
n 1.75 1.34 57.3434 59.0664 61.0374 45.675 65.8742 46.575 63.4239 46.2371 59.0664 53.242 45.3369 59.313 61.1315 23.6719 112.594 64.1076 77.6317 69.7247 58.3353 59.7226 45.4805 43.7926 94.8128 45.9532 61.1321 0 32.6465 48.7113 76.348 64.6689 93.0396 42.4494 48.98 40.6757 44.8706 64.6689 45.1516 60.6631 39.6554 40.8407 
n 1.86667 1.59 76.3769 38.4526 39.6673 30.2707 43.0095 31.0612 41.9116 34.7062 38.4526 32.1102 27.18 52.2668 41.479 15.3126 108.798 38.359 64.7671 54.5232 36.157 50.565 31.3054 24.6048 87.1217 33.6475 53.0211 32.6465 0 43.3704 99.4065 43.416 85.0505 19.8328 52.9085 42.6309 24.1044 43.416 21.6658 36.2055 49.3862 18.9717 
n 2.36667 0.72 47.6199 81.4873 82.4965 16.0532 85.2237 15.8414 84.6172 10.3409 81.4873 75.2576 70.518 94.6687 84.5962 52.8297 151.308 79.4467 108.131 97.8834 78.9251 93.3657 14.429 67.9555 130.186 11.58 95.6792 48.7113 43.3704 0 72.0577 27.8533 128.14 27.2424 14.7049 10.8777 23.8661 27.8533 27.6797 78.1565 84.6051 26.9407 
n 3.4 1.42 24.585 134.103 135.889 85.7462 140.294 85.9707 138.293 80.8238 134.103 127.902 120.467 135.316 136.504 97.9716 185.664 137.037 153.958 145.999 132.814 135.96 84.1972 118.539 170.015 81.8315 137.236 76.348 99.4065 72.0577 0 99.712 168.37 93.5954 57.4787 63.814 92.0711 99.712 95.3139 134.219 111.868 92.4593 
n 2.05 5.05 75.3939 74.8636 75.149 19.413 76.235 18.6 76.7733 21.3577 74.8636 69.5741 67.6997 94.0875 78.0638 57.8991 149.524 69.1593 103.048 92.3647 71.7078 91.8056 20.0888 65.1881 126.826 20.9116 94.4486 64.6689 43.416 27.8533 99.712 0 124.702 24.1748 42.2392 37.686 20.5134 0 21.9074 69.3203 92.3713 25.4904 
n 3 3.8 150.379 50.0616 50.1251 115.168 50.5181 115.911 48.9437 119.756 50.0616 55.1281 57.9903 34.2024 46.9251 76.4449 25.4821 58.0839 22.0866 32.6185 53.3446 34.8944 116.291 60.585 2.12791 118.69 32.792 93.0396 85.0505 128.14 168.37 124.702 0 104 135.686 125.5 108.316 124.702 105.146 56.5582 57.3121 103.495 
n 5.66667 1.83 69.2286 55.5233 56.2985 11.69 58.5848 12.2686 58.289 17.1437 55.5233 49.5519 46.0538 71.8515 58.7073 33.7747 128.165 52.4768 83.074 72.5452 52.721 69.9499 13.1285 43.4633 106.097 15.9163 72.481 42.4494 19.8328 27.2424 93.5954 24.1748 104 0 39.9493 30.7434 4.33164 24.1748 2.70413 51.4774 68.2307 1.6257 
n 1.13333 3.36 33.1949 91.3302 92.5754 29.847 95.8145 29.8376 94.8172 24.3522 91.3302 84.9569 79.3015 101.636 94.3139 59.2591 157.799 90.625 116.722 106.868 89.0636 100.806 28.2057 76.8367 137.667 25.5084 102.91 48.98 52.9085 14.7049 57.4787 42.2392 135.686 39.9493 0 10.3167 37.2342 42.2392 40.9267 88.8859 87.7364 39.2832 
n 1.16667 2.41 39.234 81.0318 82.2921 21.9327 85.581 22.1655 84.5424 17.1723 81.0318 74.6541 68.9877 91.5059 84.008 49.125 147.797 80.4945 106.428 96.5551 78.7876 90.609 20.3859 66.5209 127.49 18.0994 92.7421 40.6757 42.6309 10.8777 63.814 37.686 125.5 30.7434 10.3167 0 28.5709 37.686 32.0621 78.679 78.5334 29.8921 
n 3.76667 0.39 67.5703 59.7291 60.4646 7.88821 62.6421 8.31516 62.4266 13.5635 59.7291 53.7989 50.3797 76.1782 62.9201 37.7566 132.496 56.4067 87.3516 76.8067 56.891 74.2815 9.46322 47.79 110.415 12.3178 76.812 44.8706 24.1044 23.8661 92.0711 20.5134 108.316 4.33164 37.2342 28.5709 0 20.5134 3.82101 55.5323 72.1522 5.19743 
n 1.13333 4.31 75.3939 74.8636 75.149 19.413 76.235 18.6 76.7733 21.3577 74.8636 69.5741 67.6997 94.0875 78.0638 57.8991 149.524 69.1593 103.048 92.3647 71.7078 91.8056 20.0888 65.1881 126.826 20.9116 94.4486 64.6689 43.416 27.8533 99.712 0 124.702 24.1748 42.2392 37.686 20.5134 0 21.9074 69.3203 92.3713 25.4904 
n 1.18333 4.31 70.8702 56.2822 56.9608 11.7065 59.0266 12.1076 58.8876 17.384 56.2822 50.4312 47.3127 73.3258 59.4822 35.9955 129.473 52.7102 84.039 73.4568 53.3945 71.3213 13.2841 44.7337 107.251 16.1384 73.885 45.1516 21.6658 27.6797 95.3139 21.9074 105.146 2.70413 40.9267 32.0621 3.82101 21.9074 0 51.9186 70.4687 4.32451 
n 1.5 0.53 111.958 7.72188 6.68952 63.1635 7.10975 63.7408 7.6257 68.4791 7.72188 8.66265 16.4534 32.6614 10.1838 37.0891 81.955 4.13771 34.4863 23.997 4.79299 29.1131 64.5606 17.2242 58.678 67.2817 31.7364 60.6631 36.2055 78.1565 134.219 69.3203 56.5582 51.4774 88.8859 78.679 55.5323 69.3203 51.9186 0 50.4264 51.4451 
n 1.31667 3.87 95.7322 44.2312 46.3646 76.42 51.4587 77.3298 48.0117 79.1402 44.2312 41.9787 35.7419 28.2533 44.1602 34.4733 73.9776 54.5444 47.8694 44.3069 45.9039 30.7787 76.9083 36.6791 58.772 78.4321 30.5643 39.6554 49.3862 84.6051 111.868 92.3713 57.3121 68.2307 87.7364 78.5334 72.1522 92.3713 70.4687 50.4264 0 67.0055 
n 1.31667 4.97 68.1438 55.2896 56.1242 11.8143 58.544 12.4844 58.1521 17.0371 55.2896 49.2498 45.5126 71.1468 58.4604 32.5837 127.55 52.5696 82.691 72.2016 52.5439 69.3136 13.136 42.9186 105.586 15.8366 71.822 40.8407 18.9717 26.9407 92.4593 25.4904 103.495 1.6257 39.2832 29.8921 5.19743 25.4904 4.32451 51.4451 67.0055 0 
