p 30 4 2
n 17.1333 5.61 0 49.4123 99.4566 115.17 112.618 118.508 110.324 70.7626 115.803 134.388 102.086 111.35 75.3575 111.949 104.846 117.827 85.9366 50.3804 78.9586 111.157 109.982 163.098 54.1021 71.6544 104.996 62.3312 64.1498 166.343 47.3676 142.927 
n 1.11667 3.11 49.4123 0 62.4136 72.7116 64.9217 75.9431 67.0785 22.4726 67.5467 111.001 63.5832 63.7664 39.4077 63.2145 57.0502 71.8892 36.5551 52.7649 57.7398 62.4628 61.6883 121.457 19.01 32.7119 86.1994 24.7993 27.6629 124.851 36.1072 98.6459 
n 1.56667 0.33 99.4566 62.4136 0 20.5769 38.0968 23.3057 19.5805 61.2782 43.1062 54.9227 4.13456 36.9286 88.5845 45.1657 36.0535 32.4852 49.0322 115.103 32.0005 44.4723 40.8538 64.0642 78.1126 81.6732 42.1226 79.2982 81.6156 67.2075 98.1513 47.592 
n 1.61667 2.48 115.17 72.7116 20.5769 0 24.5964 3.33864 6.00407 65.0591 28.7604 63.671 16.4868 23.9931 90.6938 32.9809 26.9151 14.669 48.4836 123.735 52.5744 32.5806 29.1429 48.7868 85.2439 84.5037 59.0925 84.42 86.2653 52.1662 106.443 28.1923 
n 1.55 2.78 112.618 64.9217 38.0968 24.5964 0 25.5595 20.5844 50.4949 5.05736 88.0396 34.5156 1.41825 72.6084 8.43056 7.87147 11.7332 31.7984 111.04 66.4725 8.13269 5.2002 63.2177 72.581 67.398 80.1172 69.6192 70.8602 66.5885 93.9722 37.6868 
n 2.61667 4.03 118.508 75.9431 23.3057 3.33864 25.5595 0 8.96189 67.8969 29.3487 63.5319 19.291 25.1248 93.2824 33.9899 28.7249 14.7071 51.0306 126.815 55.2767 33.6654 30.3667 45.5245 88.2738 87.1818 60.5229 87.3009 89.1021 48.912 109.517 24.9394 
n 2.31667 0.37 110.324 67.0785 19.5805 6.00407 20.5844 8.96189 0 59.0581 25.2148 67.548 15.5168 19.7415 84.7196 28.7097 21.6686 12.938 42.5342 117.853 50.9692 28.2071 24.6313 54.3842 79.3192 78.5087 60.4636 78.4271 80.2647 57.784 100.556 32.6156 
n 3.26667 2.66 70.7626 22.4726 61.2782 65.0591 50.4949 67.8969 59.0581 0 51.7893 114.929 60.9639 49.6422 27.4206 46.4902 43.0377 59.9231 18.7648 60.5452 67.8932 45.8927 46.1897 112.03 22.2759 20.4021 94.2343 19.4756 21.2071 115.455 43.5161 87.3559 
n 2.41667 2.47 115.803 67.5467 43.1062 28.7604 5.05736 29.3487 25.2148 51.7893 0 92.4043 39.4816 6.36654 72.4919 6.0062 11.2449 14.8129 33.036 112.202 71.4783 6.27071 5.85875 64.0996 74.0361 67.6607 85.0799 70.5454 71.6009 67.4131 95.2884 38.3547 
n 31 3.5 134.388 111.001 54.9227 63.671 88.0396 63.5319 67.548 114.929 92.4043 0 56.6846 87.2689 142.339 96.2551 88.6513 78.1671 103.938 162.77 56.2072 95.7542 92.167 68.9138 128.9 135.226 29.8294 131.6 134.155 70.0082 146.882 73.2764 
n 1.13333 0.31 102.086 63.5832 4.13456 16.4868 34.5156 19.291 15.5168 60.9639 39.4816 56.6846 0 33.3969 88.0875 41.8346 33.0017 28.4464 47.6935 116.083 36.0922 41.1729 37.5329 61.1046 78.6391 81.293 45.6021 79.3904 81.618 64.3067 99.0126 43.7955 
n 2.06667 2.1 111.35 63.7664 36.9286 23.9931 1.41825 25.1248 19.7415 49.6422 6.36654 87.2689 33.3969 0 72.0842 9.00894 6.76239 11.7516 31.0001 110.182 65.1178 8.58757 5.26521 63.6642 71.6709 66.7802 78.9888 68.8353 70.1204 67.047 93.0836 38.2348 
n 58.4 2.92 75.3575 39.4077 88.5845 90.6938 72.6084 93.2824 84.7196 27.4206 72.4919 142.339 88.0875 72.0842 0 66.5774 66.1109 83.3946 42.2569 45.285 93.9067 66.2246 67.6536 135.723 22.8817 7.26652 121.059 14.9543 12.2785 139.115 32.3566 110.294 
n 2.75 3.14 111.949 63.2145 45.1657 32.9809 8.43056 33.9899 28.7097 46.4902 6.0062 96.2551 41.8346 9.00894 66.5774 0 9.88007 19.9479 27.8403 106.719 71.8369 0.875844 4.31213 70.0964 68.766 61.8512 87.2873 64.9945 65.964 73.4136 89.9036 44.3562 
n 1.13333 1.61 104.846 57.0502 36.0535 26.9151 7.87147 28.7249 21.6686 43.0377 11.2449 88.6513 33.0017 6.76239 66.1109 9.88007 0 17.2873 24.5179 103.549 61.9662 9.04678 5.99603 69.6618 64.9877 60.5912 78.0703 62.3203 63.68 73.0662 86.4188 44.4923 
n 4.23333 4.01 117.827 71.8892 32.4852 14.669 11.7332 14.7071 12.938 59.9231 14.8129 78.1671 28.4464 11.7516 83.3946 19.9479 17.2873 0 41.6715 120.232 63.475 19.7724 16.8992 52.3855 81.5467 77.8607 73.1815 79.33 80.7877 55.794 103.01 27.4402 
n 1.15 0.61 85.9366 36.5551 49.0322 48.4836 31.7984 51.0306 42.5342 18.7648 33.036 103.938 47.6935 31.0001 42.2569 27.8403 24.5179 41.6715 0 79.2754 64.058 27.2093 27.4257 94.0231 41.0003 36.3254 87.0495 37.8352 39.1621 97.4388 62.2803 69.0016 
n 3.23333 4.76 50.3804 52.7649 115.103 123.735 111.04 126.815 117.853 60.5452 112.202 162.77 116.083 110.182 45.285 106.719 103.549 120.232 79.2754 0 107.589 106.177 106.684 171.858 38.7093 46.7837 136.28 41.7677 41.1072 175.284 17.3008 147.659 
n 1.05 1.85 78.9586 57.7398 32.0005 52.5744 66.4725 55.2767 50.9692 67.8932 71.4783 56.2072 36.0922 65.1178 93.9067 71.8369 61.9662 63.475 64.058 107.589 0 71.0117 67.7322 92.2975 76.5962 86.6487 28.7243 80.9779 83.7672 95.114 92.4606 79.0576 
n 2.91667 1.5 111.157 62.4628 44.4723 32.5806 8.13269 33.6654 28.2071 45.8927 6.27071 95.7542 41.1729 8.58757 66.2246 0.875844 9.04678 19.7724 27.2093 106.177 71.0117 0 3.64831 70.2623 68.1663 61.431 86.5898 64.4702 65.4692 73.5897 89.3342 44.5396 
n 5.3 3.92 109.982 61.6883 40.8538 29.1429 5.2002 30.3667 24.6313 46.1897 5.85875 92.167 37.5329 5.26521 67.6536 4.31213 5.99603 16.8992 27.4257 106.684 67.7322 3.64831 0 68.3028 68.3959 62.5775 82.9752 65.1135 66.2582 71.6628 89.7058 42.697 
n 6.93333 4.75 163.098 121.457 64.0642 48.7868 63.2177 45.5245 54.3842 112.03 64.0996 68.9138 61.1046 63.6642 135.723 70.0964 69.6618 52.3855 94.0231 171.858 92.2975 70.2623 68.3028 0 133.176 130.246 84.128 131.498 133.054 3.4275 154.564 25.7573 
n 1.13333 4.66 54.1021 19.01 78.1126 85.2439 72.581 88.2738 79.3192 22.2759 74.0361 128.9 78.6391 71.6709 22.8817 68.766 64.9877 81.5467 41.0003 38.7093 76.5962 68.1663 68.3959 133.176 0 17.8015 104.893 8.36192 10.6638 136.603 21.4631 108.963 
n 1.18333 0.86 71.6544 32.7119 81.6732 84.5037 67.398 87.1818 78.5087 20.4021 67.6607 135.226 81.293 66.7802 7.26652 61.8512 60.5912 77.8607 36.3254 46.7837 86.6487 61.431 62.5775 130.246 17.8015 0 113.799 9.43963 7.55589 133.654 31.9282 105.006 
n 1.18333 5.01 104.996 86.1994 42.1226 59.0925 80.1172 60.5229 60.4636 94.2343 85.0799 29.8294 45.6021 78.9888 121.059 87.2873 78.0703 73.1815 87.0495 136.28 28.7243 86.5898 82.9752 84.128 104.893 113.799 0 108.795 111.526 86.219 121.175 79.069 
n 2.21667 5.11 62.3312 24.7993 79.2982 84.42 69.6192 87.3009 78.4271 19.4756 70.5454 131.6 79.3904 68.8353 14.9543 64.9945 62.3203 79.33 37.8352 41.7677 80.9779 64.4702 65.1135 131.498 8.36192 9.43963 108.795 0 2.86814 134.923 25.3896 106.743 
n 2.61667 1.53 64.1498 27.6629 81.6156 86.2653 70.8602 89.1021 80.2647 21.2071 71.6009 134.155 81.618 70.1204 12.2785 65.964 63.68 80.7877 39.1621 41.1072 83.7672 65.4692 66.2582 133.054 10.6638 7.55589 111.526 2.86814 0 136.476 25.2807 108.158 
n 1.13333 3.01 166.343 124.851 67.2075 52.1662 66.5885 48.912 57.784 115.455 67.4131 70.0082 64.3067 67.047 139.115 73.4136 73.0662 55.794 97.4388 175.284 95.114 73.5897 71.6628 3.4275 136.603 133.654 86.219 134.923 136.476 0 157.989 29.0588 
n 1.11667 2.61 47.3676 36.1072 98.1513 106.443 93.9722 109.517 100.556 43.5161 95.2884 146.882 99.0126 93.0836 32.3566 89.9036 86.4188 103.01 62.2803 17.3008 92.4606 89.3342 89.7058 154.564 21.4631 31.9282 121.175 25.3896 25.2807 157.989 0 130.423 
n 1.28333 1.46 142.927 98.6459 47.592 28.1923 37.6868 24.9394 32.6156 87.3559 38.3547 73.2764 43.7955 38.2348 110.294 44.3562 44.4923 27.4402 69.0016 147.659 79.0576 44.5396 42.697 25.7573 108.963 105.006 79.069 106.743 108.158 29.0588 130.423 0 
