p 40 5 2
n 14.0833 1 0 47.3945 58.5104 49.6896 48.0239 30.9401 48.722 37.9507 44.9823 45.6217 46.1994 56.5349 45.4107 110.361 14.7976 67.6448 131.212 52.8372 8.52879 122.239 49.496 127.796 77.3026 55.6751 14.2832 156.238 99.2071 20.0877 48.7464 57.1736 97.0824 122.567 29.8602 27.694 52.4086 14.5474 41.5607 137.501 49.5654 58.3507 
n 35.45 6.47 47.3945 0 11.5257 3.04536 6.59303 16.4963 4.69917 9.44381 2.54077 2.46203 1.85162 19.3403 6.05426 63.5867 53.92 29.0937 85.5995 6.09579 53.7913 80.2299 10.6912 83.4923 40.7625 14.9205 61.4007 110.914 53.3272 66.4038 2.64459 9.88744 51.0506 79.8951 23.8557 20.1038 28.8592 53.2797 5.8443 92.454 2.81453 12.9874 
n 5.36667 3.52 58.5104 11.5257 0 10.312 14.7326 27.8264 12.6999 20.7362 13.6872 13.7836 12.3945 22.2991 16.082 53.8337 65.4401 28.2926 76.6662 5.67557 65.1528 73.6402 17.2755 75.4806 39.3279 17.2964 72.6336 101.992 44.6645 77.7669 9.78021 5.14297 42.297 72.9357 35.1283 31.5523 35.1683 64.8005 17.2568 83.8527 10.2988 4.3756 
n 12.7167 4.64 49.6896 3.04536 10.312 0 4.99434 18.7541 2.76237 11.8784 5.46031 4.07353 4.88922 16.7541 5.78961 60.9695 55.6206 26.1668 82.7979 5.84303 55.8484 77.2129 8.6998 80.5741 37.8344 12.1318 63.5811 108.097 50.524 68.4433 4.45715 7.5171 48.2661 76.8966 24.8682 22.1457 27.2128 54.9759 8.26914 89.5996 0.246444 12.7489 
n 1.45 0.92 48.0239 6.59303 14.7326 4.99434 0 17.5739 2.23202 11.6718 7.81148 5.29807 8.10718 13.1667 2.69717 62.3473 52.7631 23.688 83.4493 10.8138 53.6339 76.5281 4.13077 80.6604 35.2637 9.36676 61.5873 108.639 51.2842 66.1429 8.96569 10.8023 49.1176 76.4104 21.3164 20.3538 22.3599 52.1143 8.68032 90.0016 5.14769 17.6141 
n 1.41667 0.72 30.9401 16.4963 27.8264 18.7541 17.5739 0 17.95 7.09189 14.1559 14.6834 15.4322 28.4853 14.8813 79.6022 37.9222 39.8415 100.999 22.1686 37.3298 93.7945 19.9307 98.2131 50.8611 26.2411 44.9048 126.206 68.7942 49.9446 18.062 26.2338 66.5993 93.7845 12.2041 4.0013 30.5785 37.2944 10.652 107.575 18.6269 28.2744 
n 42.7833 5.99 48.722 4.69917 12.6999 2.76237 2.23202 17.95 0 11.51 6.40487 4.10563 6.40054 14.6612 3.59093 61.6753 54.0104 24.6927 83.1113 8.58804 54.5876 76.7844 6.0866 80.5731 36.3412 10.3901 62.4465 108.358 50.875 67.1441 6.87233 9.1372 48.6652 76.5774 22.8445 21.0371 24.5192 53.363 8.13864 89.7774 2.91927 15.4273 
n 2.86667 2.59 37.9507 9.44381 20.7362 11.8784 11.6718 7.09189 11.51 0 7.06557 7.82635 8.34181 24.0571 9.05989 72.8469 44.876 35.1023 94.5548 15.0839 44.4217 88.1767 14.8904 92.0831 46.5213 20.9299 51.9732 119.824 62.2945 57.0365 10.9814 19.269 60.0597 88.0232 16.5977 10.8711 29.2742 44.2429 3.62544 101.266 11.728 21.3257 
n 2.41667 2.47 44.9823 2.54077 13.6872 5.46031 7.81148 14.1559 6.40487 7.06557 0 2.52947 1.35251 20.9392 6.36654 66.1159 51.8055 31.0924 88.1391 8.06566 51.4848 82.6656 11.9112 86.0081 42.7448 16.7941 59.0323 113.453 55.8663 64.0996 4.01779 12.406 53.5907 82.3564 22.2906 17.8675 29.443 51.1684 3.59055 94.9875 5.25012 14.6165 
n 2.23333 0.26 45.6217 2.46203 13.7836 4.07353 5.29807 14.6834 4.10563 7.82635 2.52947 0 3.12783 18.4521 3.94754 65.0251 51.7549 28.7529 86.7634 8.50161 51.8327 80.7982 9.38432 84.4108 40.3846 14.4197 59.5336 112.047 54.4954 64.4351 5.04577 11.5605 52.2516 80.5544 21.4458 18.1191 27.0231 51.1124 4.25106 93.5163 3.94364 15.4364 
n 2.73333 1.89 46.1994 1.85162 12.3945 4.88922 8.10718 15.4322 6.40054 8.34181 1.35251 3.12783 0 21.0601 7.07269 65.0807 53.1355 30.9261 87.2185 6.74849 52.7604 82.0251 12.2377 85.2003 42.5937 16.7191 60.2762 112.543 54.9538 65.3749 2.67268 11.3753 52.6647 81.6719 23.6257 19.1781 30.1288 52.499 4.93014 94.1117 4.65432 13.2643 
n 2.5 1.53 56.5349 19.3403 22.2991 16.7541 13.1667 28.4853 14.6612 24.0571 20.9392 18.4521 21.0601 0 15.29 56.2753 58.295 11.3857 75.2754 21.2704 60.801 65.8419 9.26397 71.3441 22.4958 5.04072 69.0813 100.002 44.0574 72.8233 21.2108 17.1581 42.1966 66.0679 27.0054 30.1224 14.0568 57.6548 21.6119 81.2256 16.9924 26.4453 
n 2.06667 2.1 45.4107 6.05426 16.082 5.78961 2.69717 14.8813 3.59093 9.05989 6.36654 3.94754 7.07269 15.29 0 64.9508 50.4438 26.112 86.13 11.4532 51.1283 79.1946 6.02633 83.3575 37.6164 11.8753 59.038 111.327 53.9515 63.6642 8.68606 12.7259 51.7764 79.0909 19.2633 17.7225 23.087 49.796 6.32206 92.694 5.83598 18.4462 
n 1.11667 2.51 110.361 63.5867 53.8337 60.9695 62.3473 79.6022 61.6753 72.8469 66.1159 65.0251 65.0807 56.2753 64.9508 0 114.2 47.7857 23.9668 59.0935 115.838 32.3141 61.2632 26.4517 45.4393 55.4844 123.887 48.7669 12.891 128.231 62.8584 53.7144 14.2675 29.8157 82.4397 82.6701 67.3738 113.553 69.237 31.7994 61.1244 55.878 
n 1.28333 3.96 14.7976 53.92 65.4401 55.6206 52.7631 37.9222 54.0104 44.876 51.8055 51.7549 53.1355 58.295 50.4438 114.2 0 68.5129 133.503 59.8691 8.16322 122.228 53.1099 129.097 76.6371 58.7186 14.2698 157.995 102.276 15.2901 55.8047 63.0552 100.334 122.923 31.8001 34.0121 50.7004 0.649568 48.2159 139.226 55.5549 66.1831 
n 1.51667 2.93 67.6448 29.0937 28.2926 26.1668 23.688 39.8415 24.6927 35.1023 31.0924 28.7529 30.9261 11.3857 26.112 47.7857 68.5129 0 65.1224 29.2899 71.543 54.6033 20.2196 60.6183 11.6692 14.3424 79.8693 89.4822 35.0655 83.3282 30.4284 23.67 33.5186 54.9371 37.8882 41.5017 19.5913 67.8835 32.3594 70.7135 26.4129 32.6662 
n 1.13333 2.61 131.212 85.5995 76.6662 82.7979 83.4493 100.999 83.1113 94.5548 88.1391 86.7634 87.2185 75.2754 86.13 23.9668 133.503 65.1224 0 81.6457 136.002 22.2826 81.7169 9.62001 59.0931 75.5594 144.232 25.3401 32.2745 148.097 85.1907 75.8915 34.554 19.3019 102.219 103.731 84.1403 132.867 91.0144 7.96484 82.9778 79.0918 
n 3.43333 3.37 52.8372 6.09579 5.67557 5.84303 10.8138 22.1686 8.58804 15.0839 8.06566 8.50161 6.74849 21.2704 11.4532 59.0935 59.8691 29.2899 81.6457 0 59.488 77.6512 14.25 80.0933 40.7953 16.3025 66.9581 106.986 49.4827 72.1012 4.10879 6.28897 47.1453 77.1044 29.9433 25.9264 32.7661 59.2316 11.6535 88.7103 5.72454 7.00521 
n 5.93333 1.3 8.52879 53.7913 65.1528 55.8484 53.6339 37.3298 54.5876 44.4217 51.4848 51.8327 52.7604 60.801 51.1283 115.838 8.16322 71.543 136.002 59.488 0 125.87 54.5961 132.098 80.4624 60.5591 8.35128 160.802 104.302 12.6148 55.3793 63.3651 102.257 126.386 33.7995 33.7143 54.8421 8.23855 47.9571 142.027 55.7487 65.3553 
n 6.83333 3.89 122.239 80.2299 73.6402 77.2129 76.5281 93.7945 76.7844 88.1767 82.6656 80.7982 82.0251 65.8419 79.1946 32.3141 122.228 54.6033 22.2826 77.6512 125.87 0 73.8659 12.7404 45.5986 67.5537 134.219 38.67 31.6687 137.325 80.5139 71.4142 33.9056 3.0815 92.431 95.8462 71.5704 121.62 84.9221 22.2371 77.4313 77.0061 
n 3.4 4.62 49.496 10.6912 17.2755 8.6998 4.13077 19.9307 6.0866 14.8904 11.9112 9.38432 12.2377 9.26397 6.02633 61.2632 53.1099 20.2196 81.7169 14.25 54.5961 73.8659 0 78.5168 31.6444 6.3209 62.7061 106.778 49.7635 66.9674 12.9589 12.631 47.6837 73.8798 21.3207 22.1534 18.5376 52.4606 12.3481 88.0677 8.89861 20.682 
n 31.1 3.81 127.796 83.4923 75.4806 80.5741 80.6604 98.2131 80.5731 92.0831 86.0081 84.4108 85.2003 71.3441 83.3575 26.4517 129.097 60.6183 9.62001 80.0933 132.098 12.7404 78.5168 0 53.2839 72.2342 140.402 29.0447 30.9752 143.946 83.3772 74.0736 33.3734 9.8518 98.3332 100.669 78.9625 128.471 88.6402 10.6491 80.7721 78.3372 
n 57.9833 6.35 77.3026 40.7625 39.3279 37.8344 35.2637 50.8611 36.3412 46.5213 42.7448 40.3846 42.5937 22.4958 37.6164 45.4393 76.6371 11.6692 59.0931 40.7953 80.4624 45.5986 31.6444 53.2839 0 25.9649 88.8126 82.3231 32.6502 91.7633 42.0792 34.9753 31.8198 46.3964 47.4619 52.1737 25.9758 76.0305 43.9063 63.7714 38.0805 43.6614 
n 1.11667 2.96 55.6751 14.9205 17.2964 12.1318 9.36676 26.2411 10.3901 20.9299 16.7941 14.4197 16.7191 5.04072 11.8753 55.4844 58.7186 14.3424 75.5594 16.3025 60.5591 67.5537 6.3209 72.2342 25.9649 0 68.7299 100.564 43.7443 72.8363 16.5497 12.1536 41.7192 67.5592 26.9623 28.4534 18.3604 58.0713 18.0471 81.8362 12.3766 21.4125 
n 2.8 0.44 14.2832 61.4007 72.6336 63.5811 61.5873 44.9048 62.4465 51.9732 59.0323 59.5336 60.2762 69.0813 59.038 123.887 14.2698 79.8693 144.232 66.9581 8.35128 134.219 62.7061 140.402 88.8126 68.7299 0 169.075 112.455 6.45594 62.8557 71.0923 110.389 134.729 42.0764 41.4484 63.1691 14.6521 55.5565 150.302 63.4695 72.5851 
n 1.1 2.51 156.238 110.914 101.992 108.097 108.639 126.206 108.358 119.824 113.453 112.047 112.543 100.002 111.327 48.7669 157.995 89.4822 25.3401 106.986 160.802 38.67 106.778 29.0447 82.3231 100.564 169.075 0 57.5892 172.762 110.527 101.224 59.8838 36.8574 127.004 128.863 107.993 157.366 116.298 18.7791 108.28 104.361 
n 1.45 3.32 99.2071 53.3272 44.6645 50.524 51.2842 68.7942 50.875 62.2945 55.8663 54.4954 54.9538 44.0574 53.9515 12.891 102.276 35.0655 32.2745 49.4827 104.302 31.6687 49.7635 30.9752 32.6502 43.7443 112.455 57.5892 0 116.566 52.9573 43.6465 2.399 30.1213 70.6528 71.6172 54.6512 101.632 58.746 39.2277 50.7035 47.3931 
n 3.85 0.29 20.0877 66.4038 77.7669 68.4433 66.1429 49.9446 67.1441 57.0365 64.0996 64.4351 65.3749 72.8233 63.6642 128.231 15.2901 83.3282 148.097 72.1012 12.6148 137.325 66.9674 143.946 91.7633 72.8363 6.45594 172.762 116.566 0 67.9925 75.9586 114.555 137.96 45.9229 46.3196 65.8793 15.8555 60.5709 153.983 68.3461 77.9375 
n 9.2 2.51 48.7464 2.64459 9.78021 4.45715 8.96569 18.062 6.87233 10.9814 4.01779 5.04577 2.67268 21.2108 8.68606 62.8584 55.8047 30.4284 85.1907 4.10879 55.3793 80.5139 12.9589 83.3772 42.0792 16.5497 62.8557 110.527 52.9573 67.9925 0 9.31793 50.6455 80.0787 26.202 21.836 31.3205 55.1686 7.60273 92.162 4.22037 10.6293 
n 1.15 2.66 57.1736 9.88744 5.14297 7.5171 10.8023 26.2338 9.1372 19.269 12.406 11.5605 11.3753 17.1581 12.7259 53.7144 63.0552 23.67 75.8915 6.28897 63.3651 71.4142 12.631 74.0736 34.9753 12.1536 71.0923 101.224 43.6465 75.9586 9.31793 0 41.3407 70.9056 31.9794 29.6623 30.1203 62.4092 15.6438 82.8455 7.6231 9.34881 
n 7.08333 3.7 97.0824 51.0506 42.297 48.2661 49.1176 66.5993 48.6652 60.0597 53.5907 52.2516 52.6647 42.1966 51.7764 14.2675 100.334 33.5186 34.554 47.1453 102.257 33.9056 47.6837 33.3734 31.8198 41.7192 110.389 59.8838 2.399 114.555 50.6455 41.3407 0 32.423 68.6609 69.4636 53.1064 99.6895 56.5008 41.5726 48.4428 45.0028 
n 18.9833 2.65 122.567 79.8951 72.9357 76.8966 76.4104 93.7845 76.5774 88.0232 82.3564 80.5544 81.6719 66.0679 79.0909 29.8157 122.923 54.9371 19.3019 77.1044 126.386 3.0815 73.8798 9.8518 46.3964 67.5592 134.729 36.8574 30.1213 137.96 80.0787 70.9056 32.423 0 92.8218 95.9466 72.3569 122.309 84.7138 19.7669 77.1103 76.1875 
n 3.7 0.84 29.8602 23.8557 35.1283 24.8682 21.3164 12.2041 22.8445 16.5977 22.2906 21.4458 23.6257 27.0054 19.2633 82.4397 31.8001 37.8882 102.219 29.9433 33.7995 92.431 21.3207 98.3332 47.4619 26.9623 42.0764 127.004 70.6528 45.9229 26.202 31.9794 68.6609 92.8218 0 9.49044 23.2645 31.1513 18.926 108.23 24.8561 36.814 
n 3.11667 2.71 27.694 20.1038 31.5523 22.1457 20.3538 4.0013 21.0371 10.8711 17.8675 18.1191 19.1781 30.1224 17.7225 82.6701 34.0121 41.5017 103.731 25.9264 33.7143 95.8462 22.1534 100.669 52.1737 28.4534 41.4484 128.863 71.6172 46.3196 21.836 29.6623 69.4636 95.9466 9.49044 0 30.3719 33.3805 14.2979 110.178 22.0411 32.1724 
n 1.18333 2.91 52.4086 28.8592 35.1683 27.2128 22.3599 30.5785 24.5192 29.2742 29.443 27.0231 30.1288 14.0568 23.087 67.3738 50.7004 19.5913 84.1403 32.7661 54.8421 71.5704 18.5376 78.9625 25.9758 18.3604 63.1691 107.993 54.6512 65.8793 31.3205 30.1203 53.1064 72.3569 23.2645 30.3719 0 50.0995 28.4132 89.3162 27.4013 38.9501 
n 1.11667 1.21 14.5474 53.2797 64.8005 54.9759 52.1143 37.2944 53.363 44.2429 51.1684 51.1124 52.499 57.6548 49.796 113.553 0.649568 67.8835 132.867 59.2316 8.23855 121.62 52.4606 128.471 76.0305 58.0713 14.6521 157.366 101.632 15.8555 55.1686 62.4092 99.6895 122.309 31.1513 33.3805 50.0995 0 47.5786 138.596 54.9106 65.5524 
n 1.55 5.08 41.5607 5.8443 17.2568 8.26914 8.68032 10.652 8.13864 3.62544 3.59055 4.25106 4.93014 21.6119 6.32206 69.237 48.2159 32.3594 91.0144 11.6535 47.9571 84.9221 12.3481 88.6402 43.9063 18.0471 55.5565 116.298 58.746 60.5709 7.60273 15.6438 56.5008 84.7138 18.926 14.2979 28.4132 47.5786 0 97.7639 8.11276 18.1593 
n 1.1 0.06 137.501 92.454 83.8527 89.5996 90.0016 107.575 89.7774 101.266 94.9875 93.5163 94.1117 81.2256 92.694 31.7994 139.226 70.7135 7.96484 88.7103 142.027 22.2371 88.0677 10.6491 63.7714 81.8362 150.302 18.7791 39.2277 153.983 92.162 82.8455 41.5726 19.7669 108.23 110.178 89.3162 138.596 97.7639 0 89.7874 86.4228 
n 1.31667 3.47 49.5654 2.81453 10.2988 0.246444 5.14769 18.6269 2.91927 11.728 5.25012 3.94364 4.65432 16.9924 5.83598 61.1244 55.5549 26.4129 82.9778 5.72454 55.7487 77.4313 8.89861 80.7721 38.0805 12.3766 63.4695 108.28 50.7035 68.3461 4.22037 7.6231 48.4428 77.1103 24.8561 22.0411 27.4013 54.9106 8.11276 89.7874 0 12.6587 
n 3.33333 3.87 58.3507 12.9874 4.3756 12.7489 17.6141 28.2744 15.4273 21.3257 14.6165 15.4364 13.2643 26.4453 18.4462 55.878 66.1831 32.6662 79.0918 7.00521 65.3553 77.0061 20.682 78.3372 43.6614 21.4125 72.5851 104.361 47.3931 77.9375 10.6293 9.34881 45.0028 76.1875 36.814 32.1724 38.9501 65.5524 18.1593 86.4228 12.6587 0 
