p 55 6 2
n 1.48333 2.77 0 10.5728 33.2826 30.7936 32.0303 37.5356 43.4431 31.6712 38.1161 33.611 32.5332 31.6607 98.0062 68.9649 35.1047 36.1698 66.9823 33.539 41.1923 26.7798 35.9309 35.5859 28.8975 28.5274 18.6718 31.5837 96.6238 26.1019 97.8523 55.0579 35.1408 137.094 23.1376 31.2094 34.095 34.1006 89.3719 103.568 38.3361 77.3879 50.942 34.7437 32.6302 41.4188 120.621 151.093 27.2544 35.4043 56.9303 44.3856 39.6335 37.2105 39.5076 88.433 33.414 
n 3.56667 3.23 10.5728 0 25.2084 21.6412 23.4338 28.409 34.8557 22.6713 28.8788 25.0841 26.5346 22.6982 92.4449 65.2461 25.3648 26.5971 66.8227 24.5853 32.2179 35.6742 26.4158 27.0151 19.6431 30.5797 8.72733 24.3988 93.143 28.9262 95.8345 51.8734 30.0014 137.405 19.0317 31.3665 24.7147 24.7326 85.4724 100.426 28.528 71.0227 49.6085 24.6211 22.4392 43.2694 117.364 152.612 32.5369 30.5983 53.5379 46.4351 39.8552 28.8782 31.9707 84.1596 25.0923 
n 2.3 1.47 33.2826 25.2084 0 5.72528 2.72949 6.49075 10.2974 4.65137 7.36175 2.00947 7.7342 4.48266 68.1964 44.0708 8.90501 8.15638 52.6296 4.06867 8.84425 48.6424 7.71444 3.08137 7.19807 54.825 24.7376 3.67679 71.442 53.5668 76.4489 32.7613 11.5256 121.418 39.9662 54.4113 6.43336 6.36273 63.3205 79.0921 10.6917 46.2794 34.9069 11.8231 12.1258 66.9097 95.6025 138.823 37.9077 12.7625 33.8197 70.1095 62.4116 4.00304 6.96781 61.5083 1.07396 
n 1.3 3.17 30.7936 21.6412 5.72528 0 2.9964 6.78486 13.3554 1.21125 7.32466 4.32265 12.5639 1.33245 73.3169 49.7747 5.31297 5.7262 58.0337 3.02618 10.5769 49.111 5.38642 5.85664 2.01733 50.2061 19.7558 8.18075 77.0738 49.133 82.1738 38.4465 16.7054 127.077 34.83 49.4495 3.42819 3.4154 68.9189 84.7456 8.3354 51.2016 40.2169 7.23346 6.84167 62.0182 101.205 144.363 39.6958 17.8976 39.5317 65.2132 57.2927 7.96071 12.2527 67.0456 4.90257 
n 3.28333 2.61 32.0303 23.4338 2.72949 2.9964 0 5.94266 11.4686 1.95038 6.72269 1.65574 9.94042 1.77515 70.607 46.7855 6.80843 6.46452 55.2115 2.16352 9.23831 48.8243 6.02896 3.59066 4.58339 52.6208 22.3388 5.57403 74.1173 51.4479 79.1774 35.4748 13.9593 124.122 37.5149 52.0474 4.3359 4.27632 65.9777 81.7792 9.16913 48.5824 37.4385 9.4585 9.52844 64.5826 98.2628 141.472 38.7046 15.1761 36.5449 67.7809 59.9765 5.48652 9.40747 64.1331 1.95765 
n 1.13333 2.01 37.5356 28.409 6.49075 6.78486 5.94266 0 7.03899 5.86632 0.872507 4.83559 13.9009 5.88504 67.9652 46.4468 4.88736 3.29722 57.2647 4.04309 3.86596 54.7325 3.06349 3.49394 8.76699 56.484 25.9241 10.1525 73.0772 55.5387 79.1232 36.4612 17.1864 124.96 40.6553 55.4144 3.8926 3.85218 64.7902 80.8495 4.83219 45.6458 39.8673 7.99807 9.43137 68.0232 97.0096 142.892 44.3342 18.4277 37.2262 71.206 63.0342 4.37848 8.87547 62.6841 5.59457 
n 1.15 4.61 43.4431 34.8557 10.2974 13.3554 11.4686 7.03899 0 12.2406 7.01001 9.84938 15.0975 12.1947 61.0392 40.8244 11.7309 10.08 53.7488 10.3373 3.48489 58.3759 9.96448 7.88068 15.3703 63.4463 32.9002 13.0115 66.8284 62.4441 73.5089 32.1897 16.8723 119.94 47.6919 62.4437 10.8987 10.8517 58.4831 74.6447 10.3318 38.6776 37.0858 14.5931 16.3029 75.05 90.5947 138.365 46.8221 17.97 32.6362 78.2346 70.0729 6.29553 6.67992 56.2408 10.0396 
n 1.55 2.78 31.6712 22.6713 4.65137 1.21125 1.95038 5.86632 12.2406 0 6.48831 3.1276 11.808 0.179844 72.1058 48.6378 5.3013 5.35416 57.1528 1.91439 9.57298 49.47 4.96125 4.6544 3.15673 51.3847 20.9536 7.41926 75.9024 50.2943 81.0681 37.4119 15.8758 126.065 36.0389 50.6521 3.02804 2.99065 67.7393 83.5809 8.05769 49.994 39.3694 7.6701 7.59868 63.2177 100.025 143.423 39.7655 17.0856 38.4686 66.4131 58.502 6.75272 11.054 65.855 3.762 
n 13.0333 2.3 38.1161 28.8788 7.36175 7.32466 6.72269 0.872507 7.01001 6.48831 0 5.68199 14.7614 6.52436 68.0358 46.8738 4.72697 3.0785 57.9498 4.73992 3.64039 55.5389 2.95735 4.36374 9.26618 56.7077 26.1504 11.0249 73.3895 55.8047 79.564 37.0579 18.0094 125.498 40.7721 55.5521 4.20035 4.17319 65.0864 81.1736 4.1508 45.6849 40.5979 7.70621 9.30332 68.1651 97.2824 143.493 45.1909 19.2487 37.7883 71.3436 63.1142 5.1279 9.4866 62.944 6.45733 
n 2.05 0.55 33.611 25.0841 2.00947 4.32265 1.65574 4.83559 9.84938 3.1276 5.68199 0 9.73867 2.99134 69.0498 45.5548 6.8999 6.16447 54.5472 2.09363 7.78568 49.9405 5.72107 1.97493 6.11415 54.2517 23.9273 5.58504 72.7819 53.0914 78.0267 34.5052 13.5213 123.179 39.0741 53.6381 4.43943 4.36787 64.6141 80.4658 8.74211 46.989 36.8571 9.8552 10.2798 66.1836 96.9002 140.674 39.5133 14.7607 35.5076 69.3812 61.5383 3.83413 7.93001 62.7275 0.9364 
n 1.95 4.85 32.5332 26.5346 7.7342 12.5639 9.94042 13.9009 15.0975 11.808 14.7614 9.73867 0 11.6284 65.9748 39.2958 16.6003 15.888 45.5655 11.7433 15.1544 43.6392 15.4469 10.423 13.2555 57.0709 28.484 4.39148 67.1083 55.4607 71.0151 26.8135 4.26041 115.056 43.5871 57.4062 14.1092 14.041 59.2427 74.5732 18.3808 44.9056 27.7023 19.3934 19.3814 69.6212 91.3598 132.018 31.7316 5.38197 28.1626 72.8073 65.7082 10.0514 8.76285 57.7737 8.80277 
n 10.8167 2.29 31.6607 22.6982 4.48266 1.33245 1.77515 5.88504 12.1947 0.179844 6.52436 2.99134 11.6284 0 71.9944 48.4825 5.45252 5.46886 56.9742 1.89292 9.5643 49.3728 5.07048 4.56315 3.23298 51.464 21.0469 7.23984 75.7567 50.3648 80.9071 37.2418 15.6961 125.893 36.1444 50.749 3.1511 3.11099 67.5966 83.4331 8.17821 49.8917 39.1901 7.84481 7.77828 63.3116 99.8829 143.246 39.6352 16.9058 38.3015 66.5074 58.6082 6.6519 10.921 65.7174 3.60439 
n 3.86667 4.74 98.0062 92.4449 68.1964 73.3169 70.607 67.9652 61.0392 72.1058 68.0358 69.0498 65.9748 71.9944 0 32.1589 72.7627 71.1129 51.0854 70.4341 64.5007 99.7764 70.9757 67.4872 75.1633 122.809 92.9273 68.1861 20.7166 121.339 34.5915 45.4181 62.919 78.0489 108.121 122.605 71.6564 71.5985 17.8466 25.6901 71.1411 22.4263 53.7716 75.6028 77.3384 135.077 34.9154 99.876 85.4084 62.6045 43.3174 138.277 130.583 65.3677 61.2378 15.3499 68.6733 
n 3.26667 5.06 68.9649 65.2461 44.0708 49.7747 46.7855 46.4468 40.8244 48.6378 46.8738 45.5548 39.2958 48.4825 32.1589 0 51.2178 49.7222 22.956 47.4349 44.0707 67.8365 49.4291 44.5933 51.2219 95.752 67.7674 42.7033 27.8975 93.8913 32.7027 14.057 35.399 79.4327 82.8776 96.5063 49.3395 49.2685 20.4072 35.2799 50.8385 21.3634 21.6248 54.4034 55.5032 108.513 52.1322 98.6406 53.5185 34.6905 12.0772 111.674 104.891 42.6131 37.88 19.7078 44.8786 
n 5.1 1.56 35.1047 25.3648 8.90501 5.31297 6.80843 4.88736 11.7309 5.3013 4.72697 6.8999 16.6003 5.45252 72.7627 51.2178 0 1.65087 61.2951 4.85701 8.3072 54.3587 1.82416 6.94092 6.61031 52.3132 21.8172 12.316 77.9473 51.5082 83.8657 40.8771 20.4186 129.497 36.1977 51 2.49535 2.56182 69.6675 85.7128 3.24759 50.4084 43.6807 3.19908 4.57654 63.6146 101.893 147.235 44.9932 21.6592 41.7406 66.7856 58.4825 8.68879 13.4196 67.5703 7.83161 
n 3.05 1.55 36.1698 26.5971 8.15638 5.7262 6.46452 3.29722 10.08 5.35416 3.0785 6.16447 15.888 5.46886 71.1129 49.7222 1.65087 0 60.1571 4.32754 6.66025 54.7968 0.444431 5.793 7.36469 53.8669 23.3413 11.7336 76.3736 53.0293 82.389 39.5639 19.5424 128.134 37.808 52.6044 2.33603 2.36703 68.0844 84.1466 2.72142 48.7576 42.6247 4.70107 6.22549 65.2192 100.299 145.967 45.0777 20.7884 40.3814 68.3926 60.1114 7.33971 12.0198 65.9691 7.09498 
n 1.18333 3.06 66.9823 66.8227 52.6296 58.0337 55.2115 57.2647 53.7488 57.1528 57.9498 54.5472 45.5655 56.9742 51.0854 22.956 61.2951 60.1571 0 56.6394 56.2436 56.9988 59.7615 54.3845 58.8208 95.4483 71.9645 49.8856 37.8438 93.0821 33.2049 21.9614 41.3475 70.5836 85.7957 97.5316 58.9418 58.8684 34.4037 42.3467 62.0898 44.3185 17.9007 64.3793 64.7359 108.378 58.5198 86.5634 44.1757 40.1849 22.1997 111.365 106.084 52.9036 48.5181 35.9663 53.6622 
n 1.95 1.4 33.539 24.5853 4.06867 3.02618 2.16352 4.04309 10.3373 1.91439 4.73992 2.09363 11.7433 1.89292 70.4341 47.4349 4.85701 4.32754 56.6394 0 7.67272 50.9017 3.88724 2.96567 5.03518 53.2223 22.7458 7.47796 74.5518 52.1581 79.9588 36.5394 15.5942 125.213 37.7653 52.4198 2.36935 2.29998 66.3524 82.2582 7.01677 48.269 38.9502 7.76328 8.23043 64.9984 98.6334 142.748 40.8651 16.8307 37.5135 68.1918 60.2204 5.08617 9.6295 64.4107 3.00267 
n 1.98333 3.85 41.1923 32.2179 8.84425 10.5769 9.23831 3.86596 3.48489 9.57298 3.64039 7.78568 15.1544 9.5643 64.5007 44.0707 8.3072 6.66025 56.2436 7.67272 0 57.4828 6.5853 5.89311 12.5812 60.3237 29.7633 12.1721 70.2513 59.3958 76.7713 34.9383 17.7116 123.028 44.4125 59.1919 7.74575 7.70869 61.9161 78.0597 6.87823 42.1246 39.2371 11.1135 12.8632 71.8047 94.0505 141.287 46.519 18.9008 35.5091 74.9835 66.7505 5.18827 7.96511 59.6977 8.26019 
n 1.18333 2.96 26.7798 35.6742 48.6424 49.111 48.8243 54.7325 58.3759 49.47 55.5389 49.9405 43.6392 49.3728 99.7764 67.8365 54.3587 54.7968 56.9988 50.9017 57.4828 0 54.4214 51.6633 47.7958 49.6113 44.3986 45.4286 92.7861 46.6666 90.1719 54.3866 43.6312 122.483 49.436 54.0337 52.4617 52.4336 87.0652 98.4931 57.4458 82.6802 46.3651 55.3007 53.6475 60.9917 115.167 133.623 14.3791 43.0867 56.4883 63.341 61.5258 52.4247 52.3845 87.1861 49.3072 
n 1.68333 2.98 35.9309 26.4158 7.71444 5.38642 6.02896 3.06349 9.96448 4.96125 2.95735 5.72107 15.4469 5.07048 70.9757 49.4291 1.82416 0.444431 59.7615 3.88724 6.5853 54.4214 0 5.38488 7.08153 53.8421 23.3005 11.2893 76.1273 52.9808 82.0876 39.2051 19.1115 127.791 37.8382 52.6265 1.967 1.9903 67.8455 83.8949 3.14571 48.6338 42.2157 4.975 6.37957 65.2407 100.07 145.598 44.6604 20.3573 40.0358 68.4168 60.1656 6.98142 11.6826 65.7462 6.65212 
n 2.05 3.05 35.5859 27.0151 3.08137 5.85664 3.59066 3.49394 7.88068 4.6544 4.36374 1.97493 10.423 4.56315 67.4872 44.5933 6.94092 5.793 54.3845 2.96567 5.89311 51.6633 5.38488 0 7.79357 56.0205 25.6079 6.69063 71.6311 54.9023 77.1658 33.9589 13.8377 122.606 40.6815 55.3058 4.77256 4.69988 63.4192 79.3483 8.04534 45.3482 36.8319 10.1015 10.9297 67.8721 95.6966 140.295 40.9886 15.0838 34.8596 71.0675 63.1422 2.12274 6.7253 61.4605 2.37017 
n 5.75 2.44 28.8975 19.6431 7.19807 2.01733 4.58339 8.76699 15.3703 3.15673 9.26618 6.11415 13.2555 3.23298 75.1633 51.2219 6.61031 7.36469 58.8208 5.03518 12.5812 47.7958 7.08153 7.79357 0 48.2311 17.8278 8.98969 78.6377 47.1378 83.5125 39.6133 17.49 128.153 32.9599 47.5359 5.20027 5.20405 70.5185 86.2816 9.80877 53.0948 40.9506 7.7852 6.79564 60.0916 102.801 145.259 38.8071 18.6372 40.7712 63.2881 55.4242 9.86903 13.9896 68.6972 6.53979 
n 9.31667 4.72 28.5274 30.5797 54.825 50.2061 52.6208 56.484 63.4463 51.3847 56.7077 54.2517 57.0709 51.464 122.809 95.752 52.3132 53.8669 95.4483 53.2223 60.3237 49.6113 53.8421 56.0205 48.2311 0 30.5606 54.6226 123.637 2.97825 125.799 82.211 60.5804 165.621 16.9787 5.75609 52.5914 52.6328 116.026 130.846 54.9488 101.09 79.0493 50.3223 48.1432 12.9492 147.827 179.432 54.7904 61.1621 83.9421 16.0184 11.9144 58.0699 61.7778 114.738 54.4817 
n 35.2833 2.26 18.6718 8.72733 24.7376 19.7558 22.3388 25.9241 32.9002 20.9536 26.1504 23.9273 28.484 21.0469 92.9273 67.7674 21.8172 23.3413 71.9645 22.7458 29.7633 44.3986 23.3005 25.6079 17.8278 30.5606 0 25.2157 95.5264 29.6912 99.3715 55.1193 32.5127 142.39 15.258 29.7108 22.0318 22.0736 87.5688 103.035 24.5933 70.9162 54.2854 20.0797 17.8453 42.2648 119.768 158.328 40.755 33.3745 56.5729 45.4608 37.6768 27.6956 31.6897 85.9394 24.2601 
n 3.4 4.62 31.5837 24.3988 3.67679 8.18075 5.57403 10.1525 13.0115 7.41926 11.0249 5.58504 4.39148 7.23984 68.1861 42.7033 12.316 11.7336 49.8856 7.47796 12.1721 45.4286 11.2893 6.69063 8.98969 54.6226 25.2157 0 70.358 53.1843 74.7581 30.7067 8.53901 119.176 40.4522 54.5961 9.82094 9.75532 62.3624 77.9154 14.3268 46.6257 32.0474 15.0321 14.9904 66.9674 94.5866 136.282 34.3732 9.72029 31.9346 70.1644 62.7709 7.02065 7.93992 60.7267 4.6768 
n 1.13333 3.66 96.6238 93.143 71.442 77.0738 74.1173 73.0772 66.8284 75.9024 73.3895 72.7819 67.1083 75.7567 20.7166 27.8975 77.9473 76.3736 37.8438 74.5518 70.2513 92.7861 76.1273 71.6311 78.6377 123.637 95.5264 70.358 0 121.752 13.8771 41.5742 63.2721 59.2769 110.69 124.397 76.2835 76.2153 8.40513 7.8587 77.1284 33.1957 46.9942 81.0715 82.392 136.409 24.252 80.6378 78.8906 62.5825 39.7494 139.568 132.769 69.5701 64.9223 11.2744 72.1762 
n 1.25 1.86 26.1019 28.9262 53.5668 49.133 51.4479 55.5387 62.4441 50.2943 55.8047 53.0914 55.4607 50.3648 121.339 93.8913 51.5082 53.0293 93.0821 52.1581 59.3958 46.6666 52.9808 54.9023 47.1378 2.97825 29.6912 53.1843 121.752 0 123.67 80.2566 58.8641 163.142 17.1297 8.40125 51.6503 51.6882 114.213 128.903 54.2426 99.7595 76.8469 49.6624 47.4543 15.3441 145.909 176.8 52.0647 59.4009 82.0198 18.2836 14.8665 56.9222 60.4907 112.993 53.275 
n 14.3667 0.82 97.8523 95.8345 76.4489 82.1738 79.1774 79.1232 73.5089 81.0681 79.564 78.0267 71.0151 80.9071 34.5915 32.7027 83.8657 82.389 33.2049 79.9588 76.7713 90.1719 82.0876 77.1658 83.5125 125.799 99.3715 74.7581 13.8771 123.67 0 44.2525 66.8875 47.8067 114.196 127.176 81.9301 81.8582 19.4967 12.0566 83.5401 44.3755 46.9224 87.0581 88.094 138.724 25.7024 68.3942 77.057 65.9983 42.8548 141.817 135.686 75.2234 70.4809 23.0057 77.3078 
n 1.11667 5.01 55.0579 51.8734 32.7613 38.4465 35.4748 36.4612 32.1897 37.4119 37.0579 34.5052 26.8135 37.2418 45.4181 14.057 40.8771 39.5639 21.9614 36.5394 34.9383 54.3866 39.2051 33.9589 39.6133 82.211 55.1193 30.7067 41.5742 80.2566 44.2525 0 22.6481 88.6743 69.9912 83.2334 38.6981 38.6244 34.3987 48.6464 41.1991 29.7708 9.82822 44.0569 44.7698 95.052 65.6606 106.436 40.0096 21.7458 2.10191 98.1904 91.6934 32.225 27.5858 33.756 33.7041 
n 1.16667 1.76 35.1408 30.0014 11.5256 16.7054 13.9593 17.1864 16.8723 15.8758 18.0094 13.5213 4.26041 15.6961 62.919 35.399 20.4186 19.5424 41.3475 15.5942 17.7116 43.6312 19.1115 13.8377 17.49 60.5804 32.5127 8.53901 63.2721 58.8641 66.8875 22.6481 0 110.799 47.5148 61.1337 17.9578 17.8868 55.505 70.6709 21.8824 42.3517 23.5118 23.3386 23.4741 73.2375 87.5205 127.771 30.879 1.24658 24.0613 76.4129 69.4972 12.9749 10.1924 54.1582 12.5947 
n 2.13333 4.91 137.094 137.405 121.418 127.077 124.122 124.96 119.94 126.065 125.498 123.179 115.056 125.893 78.0489 79.4327 129.497 128.134 70.5836 125.213 123.028 122.483 127.791 122.606 128.153 165.621 142.39 119.176 59.2769 163.142 47.8067 88.6743 110.799 0 156.376 167.961 127.359 127.285 66.711 52.599 129.594 91.9546 88.105 132.688 133.443 178.484 47.2507 22.0726 112.13 109.738 87.7569 181.397 176.5 120.815 116.115 70.1025 122.372 
n 5.83333 0.94 23.1376 19.0317 39.9662 34.83 37.5149 40.6553 47.6919 36.0389 40.7721 39.0741 43.5871 36.1444 108.121 82.8776 36.1977 37.808 85.7957 37.7653 44.4125 49.436 37.8382 40.6815 32.9599 16.9787 15.258 40.4522 110.69 17.1297 114.196 69.9912 47.5148 156.376 0 14.8151 36.8012 36.8508 102.774 118.157 38.6064 86.0295 68.4314 33.9318 31.8294 27.4243 134.94 171.638 49.9706 48.3072 71.5211 30.5897 22.4645 42.7907 46.9006 101.178 39.4526 
n 8.86667 1.24 31.2094 31.3665 54.4113 49.4495 52.0474 55.4144 62.4437 50.6521 55.5521 53.6381 57.4062 50.749 122.605 96.5063 51 52.6044 97.5316 52.4198 59.1919 54.0337 52.6265 55.3058 47.5359 5.75609 29.7108 54.5961 124.397 8.40125 127.176 83.2334 61.1337 167.961 14.8151 0 51.5456 51.5933 116.625 131.738 53.4211 100.627 80.7194 48.7457 46.6441 12.6148 148.638 182.276 58.1529 61.8159 84.8796 15.792 8.55583 57.4004 61.3753 115.177 53.9628 
n 1.31667 4.12 34.095 24.7147 6.43336 3.42819 4.3359 3.8926 10.8987 3.02804 4.20035 4.43943 14.1092 3.1511 71.6564 49.3395 2.49535 2.33603 58.9418 2.36935 7.74575 52.4617 1.967 4.77256 5.20027 52.5914 22.0318 9.82094 76.2835 51.6503 81.9301 38.6981 17.9578 127.359 36.8012 51.5456 0 0.0738596 68.0437 84.0195 5.02973 49.3855 41.2815 5.43756 6.16508 64.1514 100.306 144.982 42.7845 19.1956 39.6215 67.3362 59.2032 6.73381 11.4596 66.0275 5.36307 
n 4.01667 2.4 34.1006 24.7326 6.36273 3.4154 4.27632 3.85218 10.8517 2.99065 4.17319 4.36787 14.041 3.11099 71.5985 49.2685 2.56182 2.36703 58.8684 2.29998 7.70869 52.4336 1.9903 4.69988 5.20405 52.6328 22.0736 9.75532 76.2153 51.6882 81.8582 38.6244 17.8868 127.285 36.8508 51.5933 0.0738596 0 67.9763 83.9508 5.06759 49.3297 41.2087 5.51094 6.23658 64.1986 100.239 144.909 42.7419 19.1248 39.5482 67.3837 59.2546 6.66376 11.3885 65.9614 5.29212 
n 64.75 11.54 89.3719 85.4724 63.3205 68.9189 65.9777 64.7902 58.4831 67.7393 65.0864 64.6141 59.2427 67.5966 17.8466 20.4072 69.6675 68.0844 34.4037 66.3524 61.9161 87.0652 67.8455 63.4192 70.5185 116.026 87.5688 62.3624 8.40513 114.213 19.4967 34.3987 55.505 66.711 102.774 116.625 68.0437 67.9763 0 16.2638 68.7943 25.2777 40.7921 72.7783 74.133 128.734 32.2863 87.7121 72.9364 54.8742 32.4651 131.905 124.95 61.3454 56.7265 3.51518 64.0298 
n 4.85 3.29 103.568 100.426 79.0921 84.7456 81.7792 80.8495 74.6447 83.5809 81.1736 80.4658 74.5732 83.4331 25.6901 35.2799 85.7128 84.1466 42.3467 82.2582 78.0597 98.4931 83.8949 79.3483 86.2816 130.846 103.035 77.9154 7.8587 128.903 12.0566 48.6464 70.6709 52.599 118.157 131.738 84.0195 83.9508 16.2638 0 84.9348 40.7724 53.3493 88.8464 90.1407 143.664 17.0598 74.2831 84.8425 69.9396 46.9058 146.811 140.146 77.2976 72.6311 19.0304 79.8444 
n 1.15 4.86 38.3361 28.528 10.6917 8.3354 9.16913 4.83219 10.3318 8.05769 4.1508 8.74211 18.3808 8.17821 71.1411 50.8385 3.24759 2.72142 62.0898 7.01677 6.87823 57.4458 3.14571 8.04534 9.80877 54.9488 24.5933 14.3268 77.1284 54.2426 83.5401 41.1991 21.8824 129.594 38.6064 53.4211 5.02973 5.06759 68.7943 84.9348 0 48.7273 44.6973 4.67997 6.80654 66.0247 100.924 147.634 47.7985 23.1282 41.9103 69.1798 60.7298 9.20967 13.6366 66.5706 9.65435 
n 1.18333 0.56 77.3879 71.0227 46.2794 51.2016 48.5824 45.6458 38.6776 49.994 45.6849 46.989 44.9056 49.8917 22.4263 21.3634 50.4084 48.7576 44.3185 48.269 42.1246 82.6802 48.6338 45.3482 53.0948 101.09 70.9162 46.6257 33.1957 99.7595 44.3755 29.7708 42.3517 91.9546 86.0295 100.627 49.3855 49.3297 25.2777 40.7724 48.7273 0 39.4935 53.2115 54.9799 113.164 54.5843 112.77 68.4339 42.2563 27.8527 116.362 108.489 43.2413 39.3169 21.9869 46.677 
n 2.76667 0.19 50.942 49.6085 34.9069 40.2169 37.4385 39.8673 37.0858 39.3694 40.5979 36.8571 27.7023 39.1901 53.7716 21.6248 43.6807 42.6247 17.9007 38.9502 39.2371 46.3651 42.2157 36.8319 40.9506 79.0493 54.2854 32.0474 46.9942 76.8469 46.9224 9.82822 23.5118 88.105 68.4314 80.7194 41.2815 41.2087 40.7921 53.3493 44.6973 39.4935 0 46.7116 46.966 91.9953 70.3628 104.455 32.1554 22.3298 11.6476 95.0574 89.2687 35.4888 31.3313 40.8214 35.9551 
n 3.1 1.41 34.7437 24.6211 11.8231 7.23346 9.4585 7.99807 14.5931 7.6701 7.70621 9.8552 19.3934 7.84481 75.6028 54.4034 3.19908 4.70107 64.3793 7.76328 11.1135 55.3007 4.975 10.1015 7.7852 50.3223 20.0797 15.0321 81.0715 49.6624 87.0581 44.0569 23.3386 132.688 33.9318 48.7457 5.43756 5.51094 72.7783 88.8464 4.67997 53.2115 46.7116 0 2.24818 61.3475 104.984 150.391 46.5896 24.5699 44.9329 64.5015 56.053 11.8866 16.6187 70.6487 10.7638 
n 14.0667 3.9 32.6302 22.4392 12.1258 6.84167 9.52844 9.43137 16.3029 7.59868 9.30332 10.2798 19.3814 7.77828 77.3384 55.5032 4.57654 6.22549 64.7359 8.23043 12.8632 53.6475 6.37957 10.9297 6.79564 48.1432 17.8453 14.9904 82.392 47.4543 88.094 44.7698 23.4741 133.443 31.8294 46.6441 6.16508 6.23658 74.133 90.1407 6.80654 54.9799 46.966 2.24818 0 59.2531 106.378 150.944 45.3314 24.6818 45.7348 62.4139 54.0274 12.8918 17.6239 72.0722 11.1207 
n 6.93333 4.75 41.4188 43.2694 66.9097 62.0182 64.5826 68.0232 75.05 63.2177 68.1651 66.1836 69.6212 63.3116 135.077 108.513 63.6146 65.2192 108.378 64.9984 71.8047 60.9917 65.2407 67.8721 60.0916 12.9492 42.2648 66.9674 136.409 15.3441 138.724 95.052 73.2375 178.484 27.4243 12.6148 64.1514 64.1986 128.734 143.664 66.0247 113.164 91.9953 61.3475 59.2531 0 160.622 192.092 67.275 73.8621 96.7592 3.19994 6.87048 69.9601 73.8774 127.375 66.4874 
n 6.55 2.28 120.621 117.364 95.6025 101.205 98.2628 97.0096 90.5947 100.025 97.2824 96.9002 91.3598 99.8829 34.9154 52.1322 101.893 100.299 58.5198 98.6334 94.0505 115.167 100.07 95.6966 102.801 147.827 119.768 94.5866 24.252 145.909 25.7024 65.6606 87.5205 47.2507 134.94 148.638 100.306 100.239 32.2863 17.0598 100.924 54.5843 70.3628 104.984 106.378 160.622 0 69.244 101.67 86.8226 63.8905 163.775 157.018 93.618 89.0096 34.354 96.3155 
n 3.11667 2.16 151.093 152.612 138.823 144.363 141.472 142.892 138.365 143.423 143.493 140.674 132.018 143.246 99.876 98.6406 147.235 145.967 86.5634 142.748 141.287 133.623 145.598 140.295 145.259 179.432 158.328 136.282 80.6378 176.8 68.3942 106.436 127.771 22.0726 171.638 182.276 144.982 144.909 87.7121 74.2831 147.634 112.77 104.455 150.391 150.944 192.092 69.244 0 124.888 126.64 105.778 194.868 190.727 138.629 134.018 91.1702 139.823 
n 1.41667 2.32 27.2544 32.5369 37.9077 39.6958 38.7046 44.3342 46.8221 39.7655 45.1909 39.5133 31.7316 39.6352 85.4084 53.5185 44.9932 45.0777 44.1757 40.8651 46.519 14.3791 44.6604 40.9886 38.8071 54.7904 40.755 34.3732 78.8906 52.0647 77.057 40.0096 30.879 112.13 49.9706 58.1529 42.7845 42.7419 72.9364 84.8425 47.7985 68.4339 32.1554 46.5896 45.3314 67.275 101.67 124.888 0 30.1448 42.1114 70.004 66.3866 41.3341 40.4196 72.9534 38.7429 
n 3.15 3.16 35.4043 30.5983 12.7625 17.8976 15.1761 18.4277 17.97 17.0856 19.2487 14.7607 5.38197 16.9058 62.6045 34.6905 21.6592 20.7884 40.1849 16.8307 18.9008 43.0867 20.3573 15.0838 18.6372 61.1621 33.3745 9.72029 62.5825 59.4009 65.9983 21.7458 1.24658 109.738 48.3072 61.8159 19.1956 19.1248 54.8742 69.9396 23.1282 42.2563 22.3298 24.5699 24.6818 73.8621 86.8226 126.64 30.1448 0 23.2184 77.0314 70.2068 14.204 11.2963 53.5929 13.8328 
n 4.98333 2.25 56.9303 53.5379 33.8197 39.5317 36.5449 37.2262 32.6362 38.4686 37.7883 35.5076 28.1626 38.3015 43.3174 12.0772 41.7406 40.3814 22.1997 37.5135 35.5091 56.4883 40.0358 34.8596 40.7712 83.9421 56.5729 31.9346 39.7494 82.0198 42.8548 2.10191 24.0613 87.7569 71.5211 84.8796 39.6215 39.5482 32.4651 46.9058 41.9103 27.8527 11.6476 44.9329 45.7348 96.7592 63.8905 105.778 42.1114 23.2184 0 99.9052 93.3196 33.0585 28.3655 31.7471 34.7334 
n 7 3.9 44.3856 46.4351 70.1095 65.2132 67.7809 71.206 78.2346 66.4131 71.3436 69.3812 72.8073 66.5074 138.277 111.674 66.7856 68.3926 111.365 68.1918 74.9835 63.341 68.4168 71.0675 63.2881 16.0184 45.4608 70.1644 139.568 18.2836 141.817 98.1904 76.4129 181.397 30.5897 15.792 67.3362 67.3837 131.905 146.811 69.1798 116.362 95.0574 64.5015 62.4139 3.19994 163.775 194.868 70.004 77.0314 99.9052 0 9.33615 73.1564 77.0771 130.556 69.6863 
n 1.25 3.01 39.6335 39.8552 62.4116 57.2927 59.9765 63.0342 70.0729 58.502 63.1142 61.5383 65.7082 58.6082 130.583 104.891 58.4825 60.1114 106.084 60.2204 66.7505 61.5258 60.1656 63.1422 55.4242 11.9144 37.6768 62.7709 132.769 14.8665 135.686 91.6934 69.4972 176.5 22.4645 8.55583 59.2032 59.2546 124.95 140.146 60.7298 108.489 89.2687 56.053 54.0274 6.87048 157.018 190.727 66.3866 70.2068 93.3196 9.33615 0 65.253 69.3554 123.446 61.9116 
n 1.46667 3.47 37.2105 28.8782 4.00304 7.96071 5.48652 4.37848 6.29553 6.75272 5.1279 3.83413 10.0514 6.6519 65.3677 42.6131 8.68879 7.33971 52.9036 5.08617 5.18827 52.4247 6.98142 2.12274 9.86903 58.0699 27.6956 7.02065 69.5701 56.9222 75.2234 32.225 12.9749 120.815 42.7907 57.4004 6.73381 6.66376 61.3454 77.2976 9.20967 43.2413 35.4888 11.8866 12.8918 69.9601 93.618 138.629 41.3341 14.204 33.0585 73.1564 65.253 0 4.74341 59.3675 3.81294 
n 1.5 3.58 39.5076 31.9707 6.96781 12.2527 9.40747 8.87547 6.67992 11.054 9.4866 7.93001 8.76285 10.921 61.2378 37.88 13.4196 12.0198 48.5181 9.6295 7.96511 52.3845 11.6826 6.7253 13.9896 61.7778 31.6897 7.93992 64.9223 60.4907 70.4809 27.5858 10.1924 116.115 46.9006 61.3753 11.4596 11.3885 56.7265 72.6311 13.6366 39.3169 31.3313 16.6187 17.6239 73.8774 89.0096 134.018 40.4196 11.2963 28.3655 77.0771 69.3554 4.74341 0 54.809 7.45597 
n 1.21667 1.66 88.433 84.1596 61.5083 67.0456 64.1331 62.6841 56.2408 65.855 62.944 62.7275 57.7737 65.7174 15.3499 19.7078 67.5703 65.9691 35.9663 64.4107 59.6977 87.1861 65.7462 61.4605 68.6972 114.738 85.9394 60.7267 11.2744 112.993 23.0057 33.756 54.1582 70.1025 101.178 115.177 66.0275 65.9614 3.51518 19.0304 66.5706 21.9869 40.8214 70.6487 72.0722 127.375 34.354 91.1702 72.9534 53.5929 31.7471 130.556 123.446 59.3675 54.809 0 62.1782 
n 1.38333 2.62 33.414 25.0923 1.07396 4.90257 1.95765 5.59457 10.0396 3.762 6.45733 0.9364 8.80277 3.60439 68.6733 44.8786 7.83161 7.09498 53.6622 3.00267 8.26019 49.3072 6.65212 2.37017 6.53979 54.4817 24.2601 4.6768 72.1762 53.275 77.3078 33.7041 12.5947 122.372 39.4526 53.9628 5.36307 5.29212 64.0298 79.8444 9.65435 46.677 35.9551 10.7638 11.1207 66.4874 96.3155 139.823 38.7429 13.8328 34.7334 69.6863 61.9116 3.81294 7.45597 62.1782 0 
