p 50 6 2
n 1.11667 1.91 0 1.07572 33.4171 15.1576 12.64 10.36 32.6561 36.5572 39.5656 17.3553 14.2429 19.6831 11.2155 18.2882 21.402 20.7861 69.4159 11.4249 98.1958 73.3926 21.3367 29.2867 108.143 151.586 32.9843 139.279 68.6436 65.25 13.9815 18.6488 176.244 57.2888 119.548 54.0189 44.2001 43.8506 11.1644 78.6607 22.8795 27.0023 56.2352 75.3716 79.9232 5.13199 9.31908 62.78 80.4054 15.0552 9.86341 54.8752 
n 5.36667 3.52 1.07572 0 34.1597 15.6501 12.5401 10.3753 33.6952 37.6223 39.9114 17.0092 14.172 20.4538 11.4777 18.399 21.513 21.7999 70.2561 11.4762 99.1612 74.3456 21.438 30.3459 109.172 150.528 34.0502 140.225 68.4861 65.1497 13.9252 18.8216 177.14 58.1509 120.531 55.0898 45.0343 44.6645 11.5185 79.5049 23.7097 27.7485 56.9581 76.232 79.6067 5.19059 8.86499 63.5103 80.1546 16.0457 10.6934 55.6667 
n 2.08333 0.75 33.4171 34.1597 0 19.5064 27.2404 27.1247 34.1566 23.4471 16.8859 29.9904 26.3485 13.7547 24.5688 22.315 21.3376 17.6307 36.6334 26.2361 94.2081 43.2473 21.5435 30.2517 98.2789 179.462 30.5912 134.837 54.7274 50.0228 26.2552 21.1701 173.969 63.2668 113.209 36.4964 53.8074 54.3351 23.9327 83.0453 11.0178 6.4152 22.8353 79.2615 69.7983 30.0695 31.6348 29.3667 68.137 20.4677 23.6194 64.2562 
n 5.4 3.47 15.1576 15.6501 19.5064 0 8.30369 7.66784 33.4746 30.8603 24.614 12.8409 8.0037 7.33144 5.06342 6.88265 9.05118 14.5802 56.1328 6.88789 99.5823 61.9094 9.11775 29.2287 107.005 160.894 31.8643 140.891 56.7715 52.883 7.78693 6.27325 179.033 62.1371 120.139 48.021 50.1072 50.1526 4.46661 83.4107 10.9828 13.3739 41.9096 79.8294 69.5957 10.9149 12.1819 48.4823 69.3447 10.5308 7.2105 61.1778 
n 1.48333 2.17 12.64 12.5401 27.2404 8.30369 0 2.53955 39.354 38.5939 28.7144 5.74074 1.65856 15.6164 4.22253 6.48153 9.43958 21.9155 63.799 2.0378 105.797 70.0694 9.32192 35.3012 114.041 152.647 38.3691 147.103 56.0065 52.619 1.46678 7.27983 184.847 66.8028 126.669 55.9665 54.1789 54.036 5.2321 88.2333 19.2831 21.4044 48.994 84.766 67.4982 7.53949 5.05766 55.5375 67.8499 16.7812 10.8973 65.1585 
n 9.53333 1.53 10.36 10.3753 27.1247 7.66784 2.53955 0 37.0952 36.9371 30.0545 8.19212 3.96477 14.6892 2.69506 8.07582 11.1765 20.1822 63.7579 1.14416 103.536 69.5353 11.0912 33.0946 111.993 153.378 36.2509 144.832 58.3669 54.915 3.67755 8.62096 182.498 64.3416 124.473 54.4114 51.6805 51.5269 3.60263 85.7776 18.3791 21.041 49.3078 82.3226 69.9848 5.22878 4.51631 55.8734 70.2916 14.8058 8.67176 62.6495 
n 1.96667 4.8 32.6561 33.6952 34.1566 33.4746 39.354 37.0952 0 14.5544 50.066 45.0438 40.0668 28.6697 35.2208 40.3572 42.2491 19.7453 56.8365 37.3163 66.4446 54.3211 42.3553 4.31851 75.5125 181.619 4.23911 107.749 87.2295 82.794 39.7597 39.6939 145.624 29.5776 87.4223 26.1619 19.7543 20.4027 34.2535 50.356 27.2962 31.1603 50.8459 46.6843 101.367 34.5963 39.6262 55.9978 100.421 22.9948 28.4588 30.1079 
n 6.6 3.48 36.5572 37.6223 23.4471 30.8603 38.5939 36.9371 14.5544 0 40.3112 43.6745 38.7125 24.0145 34.4483 37.1931 38.0944 16.7648 42.3443 36.7084 71.1423 40.8569 38.2549 12.7447 76.7034 188.125 10.3223 112.093 78.1561 73.4667 38.4565 36.2349 150.982 40.8505 90.7473 17.5869 33.4389 34.287 33.4447 59.8444 21.0649 22.9125 36.7331 56.046 93.105 36.4421 40.6741 41.6157 91.5561 22.4217 28.8232 42.8117 
n 1.61667 2.48 39.5656 39.9114 16.8859 24.614 28.7144 30.0545 50.066 40.3112 0 28.132 27.1724 23.6843 28.4523 22.2339 19.4126 31.3705 42.1954 28.9138 111.036 52.7772 19.5647 45.9265 114.578 173.824 46.8285 151.539 37.8461 33.1646 27.2795 21.4879 190.748 79.539 129.822 52.7209 69.3217 69.7084 28.4058 99.6791 23.4024 18.9625 25.6205 95.91 52.9521 34.8188 33.767 31.339 51.2522 31.6005 31.4716 80.0707 
n 2.86667 2.54 17.3553 17.0092 29.9904 12.8409 5.74074 8.19212 45.0438 43.6745 28.132 0 5.04605 20.0334 9.82506 7.67664 9.25772 27.1805 66.004 7.76402 111.476 73.2178 9.0624 40.9597 119.523 149.475 43.9557 152.788 51.76 48.6562 5.33582 8.82318 190.574 72.5296 132.296 60.8591 59.8681 59.7056 10.8036 93.9633 23.55 24.7612 50.5515 90.5013 62.5978 12.5593 8.20883 56.9945 63.1968 22.3124 16.608 70.8277 
n 1.48333 1.47 14.2429 14.172 26.3485 8.0037 1.65856 3.96477 40.0668 38.7125 27.1724 5.04605 0 15.3151 4.87658 4.95688 7.832 22.1567 62.8095 3.11693 106.48 69.3548 7.70663 35.9574 114.477 153.303 38.9213 147.796 54.4241 51.0071 0.31818 5.85039 185.645 67.8071 127.269 55.9766 55.2731 55.1604 5.81755 89.222 18.9254 20.686 47.8373 85.7309 66.0295 9.12244 6.60934 54.3649 66.3269 17.2734 11.7028 66.2795 
n 1.11667 4.51 19.6831 20.4538 13.7547 7.33144 15.6164 14.6892 28.6697 24.0145 23.6843 20.0334 15.3151 0 11.9944 13.1882 14.2057 8.92907 49.9037 14.068 93.871 54.9396 14.3521 24.3513 100.565 168.067 26.403 135.113 59.1065 54.8718 15.1084 12.2204 173.555 58.0544 114.114 40.8992 46.7643 46.9912 11.1435 79.0197 3.69105 7.34621 36.5897 75.3538 72.84 16.655 19.1069 43.1195 72.1108 7.93304 9.8647 57.7555 
n 15.75 0.84 11.2155 11.4777 24.5688 5.06342 4.22253 2.69506 35.2208 34.4483 28.4523 9.82506 4.87658 11.9944 0 7.29869 10.3587 17.7318 61.1962 2.26073 101.651 66.8576 10.3208 31.136 109.82 156.073 34.1652 142.963 58.2563 54.6417 4.56263 7.49595 180.778 62.9528 122.486 51.8739 50.468 50.3781 1.01191 84.3611 15.6841 18.4212 46.9018 80.8639 70.3173 6.37083 7.1586 53.4728 70.4295 12.5603 6.8262 61.4911 
n 2.63333 0.13 18.2882 18.399 22.315 6.88265 6.48153 8.07582 40.3572 37.1931 22.2339 7.67664 4.95688 13.1882 7.29869 0 3.11502 21.311 58.4477 6.94448 106.426 65.5418 3.04994 36.1102 113.63 157.148 38.7096 147.728 51.0004 47.3506 5.04799 1.14752 185.907 68.9351 126.921 54.0274 56.7764 56.7768 7.76285 90.2413 16.4489 17.1653 43.2055 86.6721 63.2961 13.2109 11.5333 49.7018 63.2766 17.3978 13.1751 67.8417 
n 4.51667 2.63 21.402 21.513 21.3376 9.05118 9.43958 11.1765 42.2491 38.0944 19.4126 9.25772 7.832 14.2057 10.3587 3.11502 0 22.8247 56.8718 10.0508 107.993 64.5358 0.206942 37.9609 114.741 158.374 40.3573 149.262 48.0756 44.3593 7.97624 2.96111 187.602 71.1325 128.31 54.5496 59.1571 59.2035 10.7467 92.3624 17.0605 16.8554 41.3069 88.7606 60.6073 16.3256 14.4384 47.74 60.4675 19.4871 15.8717 70.2277 
n 1.31667 1.62 20.7861 21.7999 17.6307 14.5802 21.9155 20.1822 19.7453 16.7648 31.3705 27.1805 22.1567 8.92907 17.7318 21.311 22.8247 0 50.205 19.9917 85.1799 52.8747 22.9507 15.4279 92.4311 172.104 17.5457 126.464 67.7639 63.436 21.8849 20.4986 164.78 49.1887 105.61 34.2979 38.1604 38.4659 16.7229 70.1001 7.97309 12.6426 39.1591 66.4293 81.6859 19.8867 23.932 45.3882 80.8578 5.84547 12.1516 49.0768 
n 1.18333 0.21 69.4159 70.2561 36.6334 56.1328 63.799 63.7579 56.8365 42.3443 42.1954 66.004 62.8095 49.9037 61.1962 58.4477 56.8718 50.205 0 62.862 93.5422 14.364 57.0763 54.9275 90.1637 215.063 52.635 129.554 68.9702 64.2505 62.742 57.3319 168.968 78.5729 107.571 38.4566 74.5031 75.5399 60.5392 92.9334 46.5468 42.8378 16.5963 89.3097 84.5553 66.5248 68.2669 11.9898 80.9515 55.0269 59.5637 82.2214 
n 2.38333 2.62 11.4249 11.4762 26.2361 6.88789 2.0378 1.14416 37.3163 36.7084 28.9138 7.76402 3.11693 14.068 2.26073 6.94448 10.0508 19.9917 62.862 0 103.759 68.7973 9.96932 33.2655 112.033 154.029 36.3442 145.066 57.3837 53.8974 2.8064 7.47701 182.814 64.8118 124.636 54.1277 52.2235 52.0957 3.26892 86.238 17.7569 20.2217 48.3181 82.7634 69.114 6.30491 5.42628 54.8801 69.369 14.7786 8.85966 63.217 
n 5.03333 4.2 98.1958 99.1612 94.2081 99.5823 105.797 103.536 66.4446 71.1423 111.036 111.476 106.48 93.871 101.651 106.426 107.993 85.1799 93.5422 103.759 0 81.1462 108.123 70.5231 19.2623 237.799 67.7184 41.3186 148.729 143.926 106.176 105.659 79.8413 43.251 21.7719 59.5229 56.1051 56.9728 100.676 27.0641 91.5686 94.0141 99.2574 27.995 163.988 100.797 105.905 100.83 162.147 89.2799 94.903 48.2802 
n 1.16667 0.56 73.3926 74.3456 43.2473 61.9094 70.0694 69.5353 54.3211 40.8569 52.7772 73.2178 69.3548 54.9396 66.8576 65.5418 64.5358 52.8747 14.364 68.7973 81.1462 0 64.7425 53.472 76.4745 222.645 50.4146 115.934 82.6084 77.8109 69.2285 64.3949 155.218 71.4073 94.0616 31.1594 69.635 70.8133 66.0555 83.3441 51.2963 48.6763 28.4577 79.893 98.3206 71.3788 74.0107 25.6109 94.8742 58.3853 63.849 75.8496 
n 3.23333 1.66 21.3367 21.438 21.5435 9.11775 9.32192 11.0912 42.3553 38.2549 19.5647 9.0624 7.70663 14.3521 10.3208 3.04994 0.206942 22.9507 57.0763 9.96932 108.123 64.7425 0 38.0694 114.895 158.167 40.4793 149.394 48.0738 44.372 7.85688 2.97349 187.725 71.2172 128.451 54.7263 59.2249 59.2669 10.7269 92.454 17.2269 17.0504 41.5062 88.8547 60.5685 16.2527 14.3092 47.9374 60.4459 19.573 15.898 70.2955 
n 1.13333 1.61 29.2867 30.3459 30.2517 29.2287 35.3012 33.0946 4.31851 12.7447 45.9265 40.9597 35.9574 24.3513 31.136 36.1102 37.9609 15.4279 54.9275 33.2655 70.5231 53.472 38.0694 0 79.1467 179.322 3.91594 111.84 82.975 78.5601 35.6534 35.429 149.821 33.8415 91.3792 27.0158 23.5593 24.0888 30.1569 54.6723 23.021 26.9843 47.9034 51.0025 97.0678 30.8571 35.8103 53.302 96.1477 18.7914 24.4291 34.1542 
n 1.95 2.55 108.143 109.172 98.2789 107.005 114.041 111.993 75.5125 76.7034 114.578 119.523 114.477 100.565 109.82 113.63 114.741 92.4311 90.1637 112.033 19.2623 76.4745 114.895 79.1467 0 252.586 75.777 39.4659 151.372 146.473 114.191 112.734 78.8048 57.6886 17.8623 61.8644 69.3841 70.4562 108.814 45.209 97.7606 99.325 98.879 45.3479 167.035 110.004 114.936 99.1944 164.656 97.2602 103.345 63.4624 
n 3.4 0.62 151.586 150.528 179.462 160.894 152.647 153.378 181.619 188.125 173.824 149.475 153.303 168.067 156.073 157.148 158.374 172.104 215.063 154.029 237.799 222.645 158.167 179.322 252.586 0 183.232 274.49 167.856 169.552 153.437 158.292 304.266 195.061 259.278 205.47 183.255 182.153 156.942 211.876 171.758 173.989 198.944 210.117 162.16 152.326 149.001 205.037 167.006 166.26 160.1 189.616 
n 1.11667 5.01 32.9843 34.0502 30.5912 31.8643 38.3691 36.2509 4.23911 10.3223 46.8285 43.9557 38.9213 26.403 34.1652 38.7096 40.3573 17.5457 52.635 36.3442 67.7184 50.4146 40.4793 3.91594 75.777 183.232 0 109.027 84.2757 79.7666 38.6244 37.9568 147.246 32.7273 88.3558 23.2052 23.7047 24.4286 33.1692 53.0399 24.6012 28.0851 46.6664 49.3103 98.6485 34.3114 39.1782 51.775 97.5424 21.6502 27.5858 33.756 
n 1.1 0.86 139.279 140.225 134.837 140.891 147.103 144.832 107.749 112.093 151.539 152.788 147.796 135.113 142.963 147.728 149.262 126.464 129.554 145.066 41.3186 115.934 149.394 111.84 39.4659 274.49 109.027 0 188.962 184.106 147.491 146.953 39.5786 83.0733 22.087 99.1673 96.2874 97.0094 141.99 63.3436 132.733 135.005 137.639 65.7501 204.419 142.015 147.138 138.31 202.345 130.598 136.208 87.2539 
n 5 1.2 68.6436 68.4861 54.7274 56.7715 56.0065 58.3669 87.2295 78.1561 37.8461 51.76 54.4241 59.1065 58.2563 51.0004 48.0756 67.7639 68.9702 57.3837 148.729 82.6084 48.0738 82.975 151.372 167.856 84.2757 188.962 0 4.91759 54.6979 51.0364 228.304 116.807 167.106 89.8215 105.865 106.097 58.7632 137.294 59.962 56.1919 54.612 133.546 15.8443 63.542 59.9178 57.0981 13.4214 66.39 63.8742 116.83 
n 9.18333 2.66 65.25 65.1497 50.0228 52.883 52.619 54.915 82.794 73.4667 33.1646 48.6562 51.0071 54.8718 54.6417 47.3506 44.3593 63.436 64.2505 53.8974 143.926 77.8109 44.372 78.5601 146.473 169.552 79.7666 184.106 4.91759 0 51.2695 47.3106 223.465 112.366 162.237 84.954 101.582 101.846 55.0967 132.749 55.5785 51.687 49.7464 128.992 20.7517 60.1254 56.7303 52.3446 18.2398 62.2838 60.0409 112.512 
n 4.01667 2.4 13.9815 13.9252 26.2552 7.78693 1.46678 3.67755 39.7597 38.4565 27.2795 5.33582 0.31818 15.1084 4.56263 5.04799 7.97624 21.8849 62.742 2.8064 106.176 69.2285 7.85688 35.6534 114.191 153.437 38.6244 147.491 54.6979 51.2695 0 5.89883 185.334 67.4896 126.971 55.7346 54.9549 54.8424 5.50806 88.9048 18.7294 20.5546 47.8112 85.4142 66.3278 8.85627 6.48841 54.3435 66.6159 16.9782 11.3885 65.9614 
n 1.16667 1.41 18.6488 18.8216 21.1701 6.27325 7.27983 8.62096 39.6939 36.2349 21.4879 8.82318 5.85039 12.2204 7.49595 1.14752 2.96111 20.4986 57.3319 7.47701 105.659 64.3949 2.97349 35.429 112.734 158.292 37.9568 146.953 51.0364 47.3106 5.89883 0 185.186 68.4095 126.101 53.0019 56.3417 56.3675 7.82018 89.6828 15.4112 16.0281 42.1351 86.0989 63.5298 13.6345 12.3328 48.6404 63.4193 16.7967 12.9274 67.4112 
n 1.18333 3.01 176.244 177.14 173.969 179.033 184.847 182.498 145.624 150.982 190.748 190.574 185.645 173.555 180.778 185.907 187.602 164.78 168.968 182.814 79.8413 155.218 187.725 149.821 78.8048 304.266 147.246 39.5786 228.304 223.465 185.334 185.186 0 119.105 61.6638 138.593 132.361 132.911 179.828 98.1013 171.347 173.854 177.217 101.115 243.683 179.345 184.498 177.86 241.705 168.609 173.968 122.426 
n 1.2 0.06 57.2888 58.1509 63.2668 62.1371 66.8028 64.3416 29.5776 40.8505 79.539 72.5296 67.8071 58.0544 62.9528 68.9351 71.1325 49.1887 78.5729 64.8118 43.251 71.4073 71.2172 33.8415 57.6886 195.061 32.7273 83.0733 116.807 112.366 67.4896 68.4095 119.105 0 65.0154 40.4879 13.2772 13.9383 62.0729 21.443 56.8623 60.7018 76.8732 18.0829 130.875 60.71 65.8564 80.9523 129.989 51.6455 56.1616 6.30094 
n 10 3.8 119.548 120.531 113.209 120.139 126.669 124.473 87.4223 90.7473 129.822 132.296 127.269 114.114 122.486 126.921 128.31 105.61 107.571 124.636 21.7719 94.0616 128.451 91.3792 17.8623 259.278 88.3558 22.087 167.106 162.237 126.971 126.101 61.6638 65.0154 0 77.2845 77.8672 78.7424 121.497 47.6394 111.586 113.638 115.557 49.1713 182.624 121.958 127.028 116.233 180.47 110.004 115.808 69.9522 
n 43.4167 13.47 54.0189 55.0898 36.4964 48.021 55.9665 54.4114 26.1619 17.5869 52.7209 60.8591 55.9766 40.8992 51.8739 54.0274 54.5496 34.2979 38.4566 54.1277 59.5229 31.1594 54.7263 27.0158 61.8644 205.47 23.2052 99.1673 89.8215 84.954 55.7346 53.0019 138.593 40.4879 77.2845 0 38.7212 39.9465 50.8792 54.7244 37.5927 38.1996 40.1959 51.0391 105.362 54.0289 58.2291 42.7608 103.189 40.0022 46.3997 44.7183 
n 2.68333 3.58 44.2001 45.0343 53.8074 50.1072 54.1789 51.6805 19.7543 33.4389 69.3217 59.8681 55.2731 46.7643 50.468 56.7764 59.1571 38.1604 74.5031 52.2235 56.1051 69.635 59.2249 23.5593 69.3841 183.255 23.7047 96.2874 105.865 101.582 54.9549 56.3417 132.361 13.2772 77.8672 38.7212 0 1.34626 49.6319 34.4775 46.0818 50.3617 70.1652 31.2707 119.464 47.8148 52.9353 74.9882 118.863 39.7897 43.7632 11.0706 
n 2 2.65 43.8506 44.6645 54.3351 50.1526 54.036 51.5269 20.4027 34.287 69.7084 59.7056 55.1604 46.9912 50.3781 56.7768 59.2035 38.4659 75.5399 52.0957 56.9728 70.8133 59.2669 24.0888 70.4562 182.153 24.4286 97.0094 106.097 101.846 54.8424 56.3675 132.911 13.9383 78.7424 39.9465 1.34626 0 49.5576 34.9234 46.4116 50.7596 70.9894 31.7965 119.599 47.5681 52.6708 75.8755 119.054 39.9032 43.7127 11.1226 
n 3 2.7 11.1644 11.5185 23.9327 4.46661 5.2321 3.60263 34.2535 33.4447 28.4058 10.8036 5.81755 11.1435 1.01191 7.76285 10.7467 16.7229 60.5392 3.26892 100.676 66.0555 10.7269 30.1569 108.814 156.942 33.1692 141.99 58.7632 55.0967 5.50806 7.82018 179.828 62.0729 121.497 50.8792 49.6319 49.5576 0 83.4724 14.8261 17.7227 46.3762 79.9666 70.9563 6.55451 7.9639 52.9488 71.0103 11.5547 5.91518 60.6651 
n 1.11667 0.71 78.6607 79.5049 83.0453 83.4107 88.2333 85.7776 50.356 59.8444 99.6791 93.9633 89.222 79.0197 84.3611 90.2413 92.3624 70.1001 92.9334 86.238 27.0641 83.3441 92.454 54.6723 45.209 211.876 53.0399 63.3436 137.294 132.749 88.9048 89.6828 98.1013 21.443 47.6394 54.7244 34.4775 34.9234 83.4724 0 77.5688 81.1072 94.0468 3.80416 151.665 82.1456 87.289 97.2865 150.579 72.8902 77.558 24.3291 
n 3.61667 4.03 22.8795 23.7097 11.0178 10.9828 19.2831 18.3791 27.2962 21.0649 23.4024 23.55 18.9254 3.69105 15.6841 16.4489 17.0605 7.97309 46.5468 17.7569 91.5686 51.2963 17.2269 23.021 97.7606 171.758 24.6012 132.733 59.962 55.5785 18.7294 15.4112 171.347 56.8623 111.586 37.5927 46.0818 46.4116 14.8261 77.5688 0 5.00634 33.7147 73.8614 74.0981 20.1729 22.787 40.1882 73.1273 9.48105 13.0194 56.9534 
n 3.1 3.16 27.0023 27.7485 6.4152 13.3739 21.4044 21.041 31.1603 22.9125 18.9625 24.7612 20.686 7.34621 18.4212 17.1653 16.8554 12.6426 42.8378 20.2217 94.0141 48.6763 17.0504 26.9843 99.325 173.989 28.0851 135.005 56.1919 51.687 20.5546 16.0281 173.854 60.7018 113.638 38.1996 50.3617 50.7596 17.7227 81.1072 5.00634 0 29.2461 77.3645 70.6924 23.7247 25.5558 35.7814 69.4755 14.4269 17.2086 61.1141 
n 1.13333 3.46 56.2352 56.9581 22.8353 41.9096 48.994 49.3078 50.8459 36.7331 25.6205 50.5515 47.8373 36.5897 46.9018 43.2055 41.3069 39.1591 16.5963 48.3181 99.2574 28.4577 41.5062 47.9034 98.879 198.944 46.6664 137.639 54.612 49.7464 47.8112 42.1351 177.217 76.8732 115.557 40.1959 70.1652 70.9894 46.3762 94.0468 33.7147 29.2461 0 90.2739 70.4304 52.7101 53.7376 6.57268 67.2851 42.9817 46.4541 79.3831 
n 2.81667 4.99 75.3716 76.232 79.2615 79.8294 84.766 82.3226 46.6843 56.046 95.91 90.5013 85.7309 75.3538 80.8639 86.6721 88.7606 66.4293 89.3097 82.7634 27.995 79.893 88.8547 51.0025 45.3479 210.117 49.3103 65.7501 133.546 128.992 85.4142 86.0989 101.115 18.0829 49.1713 51.0391 31.2707 31.7965 79.9666 3.80416 73.8614 77.3645 90.2739 0 147.951 78.7678 83.9179 93.5502 146.84 69.3026 74.0514 21.5331 
n 43.55 5.78 79.9232 79.6067 69.7983 69.5957 67.4982 69.9848 101.367 93.105 52.9521 62.5978 66.0295 72.84 70.3173 63.2961 60.6073 81.6859 84.5553 69.114 163.988 98.3206 60.5685 97.0678 167.035 162.16 98.6485 204.419 15.8443 20.7517 66.3278 63.5298 243.683 130.875 182.624 105.362 119.464 119.599 70.9563 151.665 74.0981 70.6924 70.4304 147.951 0 74.9684 70.7814 72.7548 5.09799 79.6965 76.4489 130.508 
n 1.2 1.61 5.13199 5.19059 30.0695 10.9149 7.53949 5.22878 34.5963 36.4421 34.8188 12.5593 9.12244 16.655 6.37083 13.2109 16.3256 19.8867 66.5248 6.30491 100.797 71.3788 16.2527 30.8571 110.004 152.326 34.3114 142.015 63.542 60.1254 8.85627 13.6345 179.345 60.71 121.958 54.0289 47.8148 47.5681 6.55451 82.1456 20.1729 23.7247 52.7101 78.7678 74.9684 0 5.15673 59.2803 75.3737 14.0682 7.77724 58.6679 
n 1.21667 3.36 9.31908 8.86499 31.6348 12.1819 5.05766 4.51631 39.6262 40.6741 33.767 8.20883 6.60934 19.1069 7.1586 11.5333 14.4384 23.932 68.2669 5.42628 105.905 74.0107 14.3092 35.8103 114.936 149.001 39.1782 147.138 59.9178 56.7303 6.48841 12.3328 184.498 65.8564 127.028 58.2291 52.9353 52.6708 7.9639 87.289 22.787 25.5558 53.7376 83.9179 70.7814 5.15673 0 60.2975 71.4056 18.2847 11.8906 63.7594 
n 1.23333 0.11 62.78 63.5103 29.3667 48.4823 55.5375 55.8734 55.9978 41.6157 31.339 56.9945 54.3649 43.1195 53.4728 49.7018 47.74 45.3882 11.9898 54.8801 100.83 25.6109 47.9374 53.302 99.1944 205.037 51.775 138.31 57.0981 52.3446 54.3435 48.6404 177.86 80.9523 116.233 42.7608 74.9882 75.8755 52.9488 97.2865 40.1882 35.7814 6.57268 93.5502 72.7548 59.2803 60.2975 0 69.2659 49.387 52.9838 83.8177 
n 1.33333 3.37 80.4054 80.1546 68.137 69.3447 67.8499 70.2916 100.421 91.5561 51.2522 63.1968 66.3269 72.1108 70.4295 63.2766 60.4675 80.8578 80.9515 69.369 162.147 94.8742 60.4459 96.1477 164.656 167.006 97.5424 202.345 13.4214 18.2398 66.6159 63.4193 241.705 129.989 180.47 103.189 118.863 119.054 71.0103 150.579 73.1273 69.4755 67.2851 146.84 5.09799 75.3737 71.4056 69.2659 0 79.2181 76.3377 129.866 
n 3.05 2.9 15.0552 16.0457 20.4677 10.5308 16.7812 14.8058 22.9948 22.4217 31.6005 22.3124 17.2734 7.93304 12.5603 17.3978 19.4871 5.84547 55.0269 14.7786 89.2799 58.3853 19.573 18.7914 97.2602 166.26 21.6502 130.598 66.39 62.2838 16.9782 16.7967 168.609 51.6455 110.004 40.0022 39.7897 39.9032 11.5547 72.8902 9.48105 14.4269 42.9817 69.3026 79.6965 14.0682 18.2847 49.387 79.2181 0 6.40443 50.8513 
n 1.5 3.58 9.86341 10.6934 23.6194 7.2105 10.8973 8.67176 28.4588 28.8232 31.4716 16.608 11.7028 9.8647 6.8262 13.1751 15.8717 12.1516 59.5637 8.85966 94.903 63.849 15.898 24.4291 103.345 160.1 27.5858 136.208 63.8742 60.0409 11.3885 12.9274 173.968 56.1616 115.808 46.3997 43.7632 43.7127 5.91518 77.558 13.0194 17.2086 46.4541 74.0514 76.4489 7.77724 11.8906 52.9838 76.3377 6.40443 0 54.809 
n 1.21667 1.66 54.8752 55.6667 64.2562 61.1778 65.1585 62.6495 30.1079 42.8117 80.0707 70.8277 66.2795 57.7555 61.4911 67.8417 70.2277 49.0768 82.2214 63.217 48.2802 75.8496 70.2955 34.1542 63.4624 189.616 33.756 87.2539 116.83 112.512 65.9614 67.4112 122.426 6.30094 69.9522 44.7183 11.0706 11.1226 60.6651 24.3291 56.9534 61.1141 79.3831 21.5331 130.508 58.6679 63.7594 83.8177 129.866 50.8513 54.809 0 
