p 50 6 2
n 40.2333 6.61 0 9.65764 18.1631 40.447 16.7328 8.9754 10.8512 11.1292 9.89256 14.1607 27.5355 86.5498 10.3088 9.05643 30.1587 143.051 76.8788 11.3907 107.523 9.53691 6.62064 70.4428 111.601 63.5018 55.0225 30.6665 74.0468 60.4033 13.2995 12.6293 77.6223 71.0214 11.6613 10.7267 53.2352 48.2604 21.0921 112.556 19.3493 7.32951 10.1615 95.2159 34.2331 13.983 69.9674 14.4831 17.9673 63.5845 9.9789 14.1198 
n 1.86667 3.99 9.65764 0 8.5138 49.2037 9.00476 2.87428 13.6434 6.51263 1.53707 11.0613 36.5437 84.8727 2.42153 3.00946 39.6754 142.567 70.5839 2.95202 106.717 5.95216 12.4408 66.5604 107.886 69.1717 56.5 34.4822 76.8155 65.7283 4.40713 9.65686 74.2827 67.1897 12.0985 13.3013 56.2485 53.2193 13.824 109.303 9.7662 5.11531 12.8638 92.6443 43.3581 5.34024 65.8328 20.918 19.946 68.9278 11.9299 5.6948 
n 2.08333 1.5 18.1631 8.5138 0 57.3218 7.29506 9.82072 20.2986 11.4899 8.44382 14.0249 44.8302 84.8068 8.34208 10.1158 48.162 143.198 66.1634 7.35526 107.245 11.6321 20.0041 64.6652 105.741 74.4698 59.5703 39.1367 80.6062 70.7918 6.19902 14.1213 72.7992 65.3339 17.2871 19.9221 60.5176 58.179 10.5319 107.585 1.62992 12.6661 19.6258 91.6843 51.6773 5.67928 63.701 27.9182 24.4916 73.9706 18.0145 5.97611 
n 1.16667 4.56 40.447 49.2037 57.3218 0 57.1696 49.3006 37.9597 46.5188 49.9147 53.7312 13.0445 85.8539 50.5018 47.2063 14.3359 132.663 96.1097 51.5496 100.871 49.9004 43.1364 81.0218 116.861 72.3741 48.3179 55.7931 56.6114 71.4954 51.3205 45.0314 84.9397 81.3085 49.869 38.3266 40.5577 63.8281 61.507 115.78 58.779 44.656 38.4341 97.1625 7.36177 54.1948 81.6004 42.7102 51.9706 73.9479 47.8008 54.3992 
n 1.86667 2.44 16.7328 9.00476 7.29506 57.1696 0 7.94647 22.648 14.932 7.76243 7.35648 44.2672 91.5438 6.97613 11.9159 46.5682 149.735 73.4077 6.09809 113.8 7.57927 16.0523 71.8207 112.958 67.6629 64.8453 32.2531 85.4569 63.9052 10.2755 18.0653 79.8885 72.4835 11.4461 22.306 65.0065 51.2934 4.82003 114.74 6.84948 14.1109 21.8671 98.6762 50.9424 3.79745 70.892 22.7766 17.8187 67.0694 12.7531 3.3606 
n 2.83333 3.59 8.9754 2.87428 9.82072 49.3006 7.94647 0 15.2832 9.15732 1.64827 8.3779 36.4567 87.6472 1.47989 5.48122 39.0963 145.249 73.3567 2.52461 109.423 3.08564 10.2555 69.4326 110.758 66.4293 58.8531 31.6438 78.9638 62.9544 7.09291 12.2203 77.1446 70.0612 9.23399 14.9725 58.3122 50.4262 12.594 112.167 10.7452 6.88263 14.4797 95.4794 43.1879 5.0194 68.707 18.497 17.0788 66.1531 9.16707 5.14456 
n 4.85 0.84 10.8512 13.6434 20.2986 37.9597 22.648 15.2832 0 8.86503 14.9488 23.0906 26.3519 75.7746 15.8039 10.809 31.251 132.207 68.4799 16.5675 96.6726 17.6072 17.4711 60.4012 101.344 73.4319 44.4046 41.4319 63.9523 70.5257 14.0998 7.07641 67.3071 60.9518 21.8252 0.379292 43.2078 58.613 27.4666 102.124 21.8906 8.54654 0.806921 84.608 33.1657 18.9482 60.0576 24.8815 28.719 73.681 20.4476 19.3274 
n 3.23333 5.01 11.1292 6.51263 11.4899 46.5188 14.932 9.15732 8.86503 0 8.04948 17.5183 34.4568 78.5191 8.93109 3.69019 38.6286 136.096 65.9839 9.29112 100.265 12.1802 16.4095 60.7385 102.055 73.9463 50.064 39.9189 70.5369 70.671 5.32587 3.17039 68.2956 61.3511 17.9673 8.48598 50.0767 58.3005 19.6712 103.326 13.1017 3.85753 8.24165 86.473 41.3286 11.1369 60.1028 24.9858 25.7344 73.8678 17.3491 11.5911 
n 3.28333 2.61 9.89256 1.53707 8.44382 49.9147 7.76243 1.64827 14.9488 8.04948 0 9.54317 37.1594 86.3814 0.897171 4.50625 40.0451 144.098 71.7322 1.68553 108.244 4.58339 11.8101 67.9647 109.285 68.0662 58.0171 33.2378 78.2953 64.5826 5.4674 11.1907 75.7189 68.5972 10.8044 14.6166 57.7072 52.0474 12.5571 110.733 9.50261 6.40501 14.1583 94.1161 43.9376 4.3072 67.2187 20.1206 18.6337 67.7809 10.807 4.57701 
n 3.15 4.41 14.1607 11.0613 14.0249 53.7312 7.35648 8.3779 23.0906 17.5183 9.54317 0 40.688 95.9227 8.71682 13.8561 42.0127 153.613 80.0206 8.74153 117.773 5.53701 10.7658 77.2582 118.547 60.4711 67.1205 25.1129 87.0232 56.7719 14.5208 20.5979 85.1074 77.9006 4.589 22.8188 66.2965 44.158 9.09117 120.095 13.9706 15.0829 22.2859 103.596 47.0706 8.62743 76.4519 15.9285 10.5184 59.9488 6.41565 8.21119 
n 1.56667 0.33 27.5355 36.5437 44.8302 13.0445 44.2672 36.4567 26.3519 34.4568 37.1594 40.688 0 85.5119 37.7043 34.7434 7.14524 136.26 89.6914 38.7664 102.831 36.9269 30.0988 76.8988 115.15 65.6062 48.4399 44.4019 61.2572 64.0642 38.9801 33.3667 81.9589 77.2854 36.8355 26.6947 42.3685 54.8955 48.5362 114.711 46.2317 32.2205 26.6995 96.2012 6.87442 41.4039 77.1654 30.1484 39.2192 66.808 34.7678 41.5842 
n 1.8 0.99 86.5498 84.8727 84.8068 85.8539 91.5438 87.6472 75.7746 78.5191 86.3814 95.9227 85.5119 0 87.2076 82.2088 92.5977 58.7832 43.7204 87.2798 23.1389 90.6958 93.1449 25.1262 32.1499 147.972 37.5669 117.202 38.4806 145.471 81.6579 75.5928 17.3917 24.4525 96.3601 75.8599 45.5627 134.023 95.3386 30.14 85.9792 81.5728 76.4173 11.8455 88.276 88.2299 27.0796 100.576 103.926 148.548 95.4486 88.7236 
n 8.81667 1.64 10.3088 2.42153 8.34208 50.5018 6.97613 1.47989 15.8039 8.93109 0.897171 8.71682 37.7043 87.2076 0 5.40318 40.462 144.954 72.2708 1.08381 109.095 3.97825 11.7076 68.6938 110.009 67.5765 58.913 32.6546 79.191 64.0645 6.05699 12.0783 76.4746 69.3289 10.2129 15.4749 58.5996 51.5125 11.7451 111.482 9.27271 7.26827 15.0105 94.9036 44.4611 3.69961 67.9328 19.873 18.0075 67.2615 10.3585 3.90315 
n 3 1.05 9.05643 3.00946 10.1158 47.2063 11.9159 5.48122 10.809 3.69019 4.50625 13.8561 34.7434 82.2088 5.40318 0 38.3078 139.769 69.0461 5.94435 103.946 8.49019 13.3634 64.2981 105.623 70.7374 53.5127 36.4384 73.8061 67.3932 4.37495 6.7441 71.9093 64.9164 14.3282 10.4545 53.242 54.9623 16.7314 106.94 11.5872 2.55468 10.0509 90.1362 41.601 8.1647 63.6302 21.9837 22.1307 70.5925 13.816 8.5649 
n 27.5667 4.83 30.1587 39.6754 48.162 14.3359 46.5682 39.0963 31.251 38.6286 40.0451 42.0127 7.14524 92.5977 40.462 38.3078 0 142.842 96.3928 41.5452 109.681 39.0181 31.2484 83.9627 122.295 59.6186 55.4226 41.5058 67.4519 58.3467 42.6642 38.0144 89.0883 84.3573 37.7763 31.559 49.0795 49.9334 50.4717 121.845 49.4389 35.8936 31.4604 103.326 7.0864 44.1157 84.2 29.2709 38.7237 60.9734 35.7388 44.2228 
n 6.48333 0.37 143.051 142.567 143.198 132.663 149.735 145.249 132.207 136.096 144.098 153.613 136.26 58.7832 144.954 139.769 142.842 0 95.9096 145.129 35.9544 148.232 149.662 82.5368 54.2133 201.453 89.0427 173.302 76.0848 199.463 139.656 133.045 73.9367 81.8176 153.584 132.351 93.9226 188.834 153.712 48.7046 144.435 138.846 132.92 55.102 137.128 146.29 84.2402 156.398 160.87 202.392 152.466 146.784 
n 1.33333 1.22 76.8788 70.5839 66.1634 96.1097 73.4077 73.3567 68.4799 65.9839 71.7322 80.0206 89.6914 43.7204 72.2708 69.0461 96.3928 95.9096 0 71.7932 64.147 76.2488 82.3571 21.6088 45.7762 139.744 56.5958 104.899 71.5685 136.31 66.2657 64.2654 26.6432 21.9545 82.4771 68.3389 65.2606 123.779 75.4163 49.7123 66.604 69.8293 68.7306 41.591 95.0885 71.3951 19.7447 90.9609 90.197 139.509 82.5098 71.81 
n 1.15 1.66 11.3907 2.95202 7.35526 51.5496 6.09809 2.52461 16.5675 9.29112 1.68553 8.74153 38.7664 87.2798 1.08381 5.94435 41.5452 145.129 71.7932 0 109.249 4.55713 12.6518 68.5301 109.829 68.1402 59.3504 33.106 79.7325 64.593 5.78909 12.4606 76.3661 69.1704 10.7051 16.2297 59.184 52.0219 10.9067 111.357 8.22585 8.02247 15.7822 94.868 45.5293 2.64592 67.7394 20.7022 18.4141 67.7876 11.0281 2.89354 
n 3.75 4.39 107.523 106.717 107.245 100.871 113.8 109.423 96.6726 100.265 108.244 117.773 102.831 23.1389 109.095 103.946 109.681 35.9544 64.147 109.249 0 112.424 114.144 47.8332 33.7183 167.201 54.6106 137.966 46.1091 164.993 103.746 97.2392 39.514 47.1313 117.863 96.7999 60.6932 154.009 117.76 28.519 108.481 103.092 97.367 22.8316 104.503 110.372 49.689 121.124 125.239 167.99 116.802 110.867 
n 5.75 2.44 9.53691 5.95216 11.6321 49.9004 7.57927 3.08564 17.6072 12.1802 4.58339 5.53701 36.9269 90.6958 3.97825 8.49019 39.0181 148.232 76.2488 4.55713 112.424 0 8.66892 72.5121 113.837 63.6147 61.5854 28.6795 81.5081 60.0916 10.0195 15.1873 80.2301 73.1416 6.23714 17.3258 60.7966 47.5359 11.6096 115.252 12.2164 9.55247 16.8007 98.5596 43.5313 6.07263 71.7801 16.2862 14.0523 63.2881 6.47652 5.9341 
n 3.4 4.92 6.62064 12.4408 20.0041 43.1364 16.0523 10.2555 17.4711 16.4095 11.8101 10.7658 30.0988 93.1449 11.7076 13.3634 31.2484 149.662 82.3571 12.6518 114.144 8.66892 0 76.7187 117.949 57.5456 61.5181 24.1134 80.2607 54.3106 16.8055 18.5405 84.0159 77.3093 6.74324 17.347 59.4542 42.0197 19.4088 118.989 20.7644 12.6133 16.7813 101.736 36.3708 14.6643 76.184 8.62089 11.5362 57.5041 4.68065 14.5737 
n 1.56667 1.98 70.4428 66.5604 64.6652 81.0218 71.8207 69.4326 60.4012 60.7385 67.9647 77.2582 76.8988 25.1262 68.6938 64.2981 83.9627 82.5368 21.6088 68.5301 47.8332 72.5121 76.7187 0 41.3282 133.81 36.8741 100.629 50.081 130.818 62.7418 58.2361 8.65009 0.721695 78.5954 60.3757 45.8968 118.696 75.0097 42.9208 65.59 64.2883 60.8757 27.9664 81.3433 68.9399 2.04811 84.9223 86.4237 133.991 78.0862 69.4167 
n 3.11667 3.01 111.601 107.886 105.741 116.861 112.958 110.758 101.344 102.055 109.285 118.547 115.15 32.1499 110.009 105.623 122.295 54.2133 45.7762 109.829 33.7183 113.837 117.949 41.3282 0 174.75 68.6975 141.921 70.1558 171.868 104.04 99.5154 34.0464 40.7069 119.923 101.345 77.1757 159.855 115.953 5.78171 106.585 105.578 101.863 20.3052 118.616 110.173 42.0982 126.056 127.751 175.025 119.404 110.646 
n 30.9167 7.1 63.5018 69.1717 74.4698 72.3741 67.6629 66.4293 73.4319 73.9463 68.0662 60.4711 65.6062 147.972 67.5765 70.7374 59.6186 201.453 139.744 68.1402 167.201 63.6147 57.5456 133.81 174.75 0 112.64 35.4156 126.863 4.31497 73.5198 76.0196 140.704 134.369 57.4437 73.4454 107.61 16.4491 67.2303 175.379 74.4283 70.1584 72.9395 157.544 66.2054 68.9018 133.406 49.0588 49.9783 2.72848 57.2627 68.5425 
n 1.15 4.06 55.0225 56.5 59.5703 48.3179 64.8453 58.8531 44.4046 50.064 58.0171 67.1205 48.4399 37.5669 58.913 53.5127 55.4226 89.0427 56.5958 59.3504 54.6106 61.5854 61.5181 36.8741 68.6975 112.64 0 84.6027 21.6322 110.517 54.6131 46.8937 38.3916 36.9123 66.225 44.6144 9.09155 99.791 69.4145 67.468 61.0865 52.0395 45.1774 48.8554 50.7891 61.0964 38.1255 67.6749 72.9883 113.484 64.8363 61.5703 
n 1.1 3.06 30.6665 34.4822 39.1367 55.7931 32.2531 31.6438 41.4319 39.9189 33.2378 25.1129 44.4019 117.202 32.6546 36.4384 41.5058 173.302 104.899 33.106 137.966 28.6795 24.1134 100.629 141.921 35.4156 84.6027 0 102.086 31.6632 38.6964 42.4061 108.052 101.234 22.4424 41.3424 81.5085 19.0485 31.9434 143.052 39.0384 36.3434 40.7847 125.849 48.4425 33.64 100.019 16.9294 14.7137 34.837 22.6299 33.259 
n 1.11667 0.76 74.0468 76.8155 80.6062 56.6114 85.4569 78.9638 63.9523 70.5369 78.2953 87.0232 61.2572 38.4806 79.191 73.8061 67.4519 76.0848 71.5685 79.7325 46.1091 81.5081 80.2607 50.081 70.1558 126.863 21.6322 102.086 0 125.267 75.3544 67.3921 47.8992 49.8326 85.5979 64.2133 20.8127 115.544 90.1378 67.2237 82.161 72.0821 64.7534 50.0995 61.3784 81.6683 51.8546 85.3829 91.7899 128.047 84.0199 82.1267 
n 2.75 5.14 60.4033 65.7283 70.7918 71.4954 63.9052 62.9544 70.5257 70.671 64.5826 56.7719 64.0642 145.471 64.0645 67.3932 58.3467 199.463 136.31 64.593 164.993 60.0916 54.3106 130.818 171.868 4.31497 110.517 31.6632 125.267 0 70.0468 72.8363 137.833 131.388 53.8879 70.5224 105.755 12.6148 63.3275 172.604 70.7006 66.9154 70.0055 154.881 65.093 65.2634 130.368 45.9229 46.3196 3.19994 53.8001 64.8926 
n 6.56667 2.98 13.2995 4.40713 6.19902 51.3205 10.2755 7.09291 14.0998 5.32587 5.4674 14.5208 38.9801 81.6579 6.05699 4.37495 42.6642 139.656 66.2657 5.78909 103.746 10.0195 16.8055 62.7418 104.04 73.5198 54.6131 38.6964 75.3544 70.0468 0 8.16415 70.591 63.3827 16.2555 13.7235 55.036 57.5145 14.8077 105.575 7.79442 6.78842 13.4279 89.1332 45.8481 6.64768 61.9508 25.3176 24.0636 73.2454 16.2573 7.14084 
n 1.11667 2.96 12.6293 9.65686 14.1213 45.0314 18.0653 12.2203 7.07641 3.17039 11.1907 20.5979 33.3667 75.5928 12.0783 6.7441 38.0144 133.045 64.2654 12.4606 97.2392 15.1873 18.5405 58.2361 99.5154 76.0196 46.8937 42.4061 67.3921 72.8363 8.16415 0 65.6659 58.8359 20.7803 6.71462 46.9662 60.5591 22.7757 100.684 15.7509 6.07483 6.66828 83.6947 40.2016 14.2765 57.6661 26.9623 28.4534 76.027 19.9975 14.7368 
n 1.2 2.61 77.6223 74.2827 72.7992 84.9397 79.8885 77.1446 67.3071 68.2956 75.7189 85.1074 81.9589 17.3917 76.4746 71.9093 89.0883 73.9367 26.6432 76.3661 39.514 80.2301 84.0159 8.65009 34.0464 140.704 38.3916 108.052 47.8992 137.833 70.591 65.6659 0 7.92853 86.2366 67.3125 47.4538 125.855 83.2123 35.0305 73.7787 71.7397 67.8328 19.3368 85.9243 76.9023 10.3044 92.0565 94.0294 140.987 85.6268 77.3847 
n 9.36667 5.27 71.0214 67.1897 65.3339 81.3085 72.4835 70.0612 60.9518 61.3511 68.5972 77.9006 77.2854 24.4525 69.3289 64.9164 84.3573 81.8176 21.9545 69.1704 47.1313 73.1416 77.3093 0.721695 40.7069 134.369 36.9123 101.234 49.8326 131.388 63.3827 58.8359 7.92853 0 79.2183 60.9292 45.9532 119.278 75.6857 42.2563 66.264 64.8914 61.4313 27.2468 81.6886 69.5924 2.64889 85.4989 87.044 134.559 78.6997 70.0698 
n 2.56667 3.13 11.6613 12.0985 17.2871 49.869 11.4461 9.23399 21.8252 17.9673 10.8044 4.589 36.8355 96.3601 10.2129 14.3282 37.7763 153.584 82.4771 10.7051 117.863 6.23714 6.74324 78.5954 119.923 57.4437 66.225 22.4424 85.5979 53.8879 16.2555 20.7803 86.2366 79.2183 0 21.6108 64.7965 41.3191 13.6777 121.266 17.5508 14.7939 21.0484 104.436 43.0632 11.6139 77.8965 11.4081 7.84843 57.0826 2.06831 11.3151 
n 2.8 3.74 10.7267 13.3013 19.9221 38.3266 22.306 14.9725 0.379292 8.48598 14.6166 22.8188 26.6947 75.8599 15.4749 10.4545 31.559 132.351 68.3389 16.2297 96.7999 17.3258 17.347 60.3757 101.345 73.4454 44.6144 41.3424 64.2133 70.5224 13.7235 6.71462 67.3125 60.9292 21.6108 0 43.4777 58.5855 27.1252 102.147 21.5149 8.21209 0.569536 84.6564 33.5132 18.5997 60.0194 24.8344 28.5533 73.6806 20.2569 18.9815 
n 1.75 1.34 53.2352 56.2485 60.5176 40.5577 65.0065 58.3122 43.2078 50.0767 57.7072 66.2965 42.3685 45.5627 58.5996 53.242 49.0795 93.9226 65.2606 59.184 60.6932 60.7966 59.4542 45.8968 77.1757 107.61 9.09155 81.5085 20.8127 105.755 55.036 46.9662 47.4538 45.9532 64.7965 43.4777 0 95.571 69.7409 75.6651 62.1057 51.4315 44.0117 57.1201 43.8151 61.2095 47.0973 64.7208 70.986 108.63 63.2095 61.6573 
n 1.61667 4.28 48.2604 53.2193 58.179 63.8281 51.2934 50.4262 58.613 58.3005 52.0474 44.158 54.8955 134.023 51.5125 54.9623 49.9334 188.834 123.779 52.0219 154.009 47.5359 42.0197 118.696 159.855 16.4491 99.791 19.0485 115.544 12.6148 57.5145 60.5591 125.855 119.278 41.3191 58.5855 95.571 0 50.7835 160.731 58.0861 54.5844 58.0544 143.178 56.9456 52.6583 118.192 33.7995 33.7143 15.792 41.2906 52.285 
n 1.31667 0.12 21.0921 13.824 10.5319 61.507 4.82003 12.594 27.4666 19.6712 12.5571 9.09117 48.5362 95.3386 11.7451 16.7314 50.4717 153.712 75.4163 10.9067 117.76 11.6096 19.4088 75.0097 115.953 67.2303 69.4145 31.9434 90.1378 63.3275 14.8077 22.7757 83.2123 75.6857 13.6777 27.1252 69.7409 50.7835 0 117.911 9.43556 18.9265 26.6846 102.159 55.1275 8.58292 73.9907 24.987 18.3657 66.4483 15.4167 8.16743 
n 3.31667 2.17 112.556 109.303 107.585 115.78 114.74 112.167 102.124 103.326 110.733 120.095 114.711 30.14 111.482 106.94 121.845 48.7046 49.7123 111.357 28.519 115.252 118.989 42.9208 5.78171 175.379 67.468 143.052 67.2237 172.604 105.575 100.684 35.0305 42.2563 121.266 102.147 75.6651 160.731 117.911 0 108.499 106.759 102.677 18.6191 117.88 111.832 43.9301 126.951 129.06 175.743 120.654 112.311 
n 1.21667 4.66 19.3493 9.7662 1.62992 58.779 6.84948 10.7452 21.8906 13.1017 9.50261 13.9706 46.2317 85.9792 9.27271 11.5872 49.4389 144.435 66.604 8.22585 108.481 12.2164 20.7644 65.59 106.585 74.4283 61.0865 39.0384 82.161 70.7006 7.79442 15.7509 73.7787 66.264 17.5508 21.5149 62.1057 58.0861 9.43556 108.499 0 14.1419 21.2101 92.7262 53.0672 6.14443 64.5881 28.4499 24.4883 73.8704 18.4481 6.32839 
n 1.18333 4.01 7.32951 5.11531 12.6661 44.656 14.1109 6.88263 8.54654 3.85753 6.40501 15.0829 32.2205 81.5728 7.26827 2.55468 35.8936 138.846 69.8293 8.02247 103.092 9.55247 12.6133 64.2883 105.578 70.1584 52.0395 36.3434 72.0821 66.9154 6.78842 6.07483 71.7397 64.8914 14.7939 8.21209 51.4315 54.5844 18.9265 106.759 14.1419 0 7.75977 89.7535 39.0832 10.4494 63.6982 21.1574 22.4009 70.1103 13.9335 10.8101 
n 72.2333 7.01 10.1615 12.8638 19.6258 38.4341 21.8671 14.4797 0.806921 8.24165 14.1583 22.2859 26.6995 76.4173 15.0105 10.0509 31.4604 132.92 68.7306 15.7822 97.367 16.8007 16.7813 60.8757 101.863 72.9395 45.1774 40.7847 64.7534 70.0055 13.4279 6.66828 67.8328 61.4313 21.0484 0.569536 44.0117 58.0544 26.6846 102.677 21.2101 7.75977 0 85.1995 33.5334 18.1768 60.5101 24.2945 27.9838 73.1653 19.6893 18.5521 
n 29.3 2.47 95.2159 92.6443 91.6843 97.1625 98.6762 95.4794 84.608 86.473 94.1161 103.596 96.2012 11.8455 94.9036 90.1362 103.326 55.102 41.591 94.868 22.8316 98.5596 101.736 27.9664 20.3052 157.544 48.8554 125.849 50.0995 154.881 89.1332 83.6947 19.3368 27.2468 104.436 84.6564 57.1201 143.178 102.159 18.6191 92.7262 89.7535 85.1995 0 99.2854 95.565 29.4919 109.489 112.148 157.996 103.687 96.053 
n 1.13333 3.46 34.2331 43.3581 51.6773 7.36177 50.9424 43.1879 33.1657 41.3286 43.9376 47.0706 6.87442 88.276 44.4611 41.601 7.0864 137.128 95.0885 45.5293 104.503 43.5313 36.3708 81.3433 118.616 66.2054 50.7891 48.4425 61.3784 65.093 45.8481 40.2016 85.9243 81.6886 43.0632 33.5132 43.8151 56.9456 55.1275 117.88 53.0672 39.0832 33.5334 99.2854 0 48.1595 81.7421 35.4752 44.8027 67.6521 40.9977 48.3263 
n 3.63333 2.63 13.983 5.34024 5.67928 54.1948 3.79745 5.0194 18.9482 11.1369 4.3072 8.62743 41.4039 88.2299 3.69961 8.1647 44.1157 146.29 71.3951 2.64592 110.372 6.07263 14.6643 68.9399 110.173 68.9018 61.0964 33.64 81.6683 65.2634 6.64768 14.2765 76.9023 69.5924 11.6139 18.5997 61.2095 52.6583 8.58292 111.832 6.14443 10.4494 18.1768 95.565 48.1595 0 68.0774 22.3195 18.9442 68.4486 12.3565 0.494686 
n 1.3 3.62 69.9674 65.8328 63.701 81.6004 70.892 68.707 60.0576 60.1028 67.2187 76.4519 77.1654 27.0796 67.9328 63.6302 84.2 84.2402 19.7447 67.7394 49.689 71.7801 76.184 2.04811 42.0982 133.406 38.1255 100.019 51.8546 130.368 61.9508 57.6661 10.3044 2.64889 77.8965 60.0194 47.0973 118.192 73.9907 43.9301 64.5881 63.6982 60.5101 29.4919 81.7421 68.0774 0 84.4505 85.7358 133.546 77.4372 68.5505 
n 3.7 0.84 14.4831 20.918 27.9182 42.7102 22.7766 18.497 24.8815 24.9858 20.1206 15.9285 30.1484 100.576 19.873 21.9837 29.2709 156.398 90.9609 20.7022 121.124 16.2862 8.62089 84.9223 126.056 49.0588 67.6749 16.9294 85.3829 45.9229 25.3176 26.9623 92.0565 85.4989 11.4081 24.8344 64.7208 33.7995 24.987 126.951 28.4499 21.1574 24.2945 109.489 35.4752 22.3195 84.4505 0 9.49044 49.1062 10.0604 22.1223 
n 3.11667 2.71 17.9673 19.946 24.4916 51.9706 17.8187 17.0788 28.719 25.7344 18.6337 10.5184 39.2192 103.926 18.0075 22.1307 38.7237 160.87 90.197 18.4141 125.239 14.0523 11.5362 86.4237 127.751 49.9783 72.9883 14.7137 91.7899 46.3196 24.0636 28.4534 94.0294 87.044 7.84843 28.5533 70.986 33.7143 18.3657 129.06 24.4883 22.4009 27.9838 112.148 44.8027 18.9442 85.7358 9.49044 0 49.5044 8.47878 18.5737 
n 7 3.9 63.5845 68.9278 73.9706 73.9479 67.0694 66.1531 73.681 73.8678 67.7809 59.9488 66.808 148.548 67.2615 70.5925 60.9734 202.392 139.509 67.7876 167.99 63.2881 57.5041 133.991 175.025 2.72848 113.484 34.837 128.047 3.19994 73.2454 76.027 140.987 134.559 57.0826 73.6806 108.63 15.792 66.4483 175.743 73.8704 70.1103 73.1653 157.996 67.6521 68.4486 133.546 49.1062 49.5044 0 56.9994 68.0762 
n 1.66667 4.63 9.9789 11.9299 18.0145 47.8008 12.7531 9.16707 20.4476 17.3491 10.807 6.41565 34.7678 95.4486 10.3585 13.816 35.7388 152.466 82.5098 11.0281 116.802 6.47652 4.68065 78.0862 119.404 57.2627 64.8363 22.6299 84.0199 53.8001 16.2573 19.9975 85.6268 78.6997 2.06831 20.2569 63.2095 41.2906 15.4167 120.654 18.4481 13.9335 19.6893 103.687 40.9977 12.3565 77.4372 10.0604 8.47878 56.9994 0 12.1252 
n 2.38333 2.87 14.1198 5.6948 5.97611 54.3992 3.3606 5.14456 19.3274 11.5911 4.57701 8.21119 41.5842 88.7236 3.90315 8.5649 44.2228 146.784 71.81 2.89354 110.867 5.9341 14.5737 69.4167 110.646 68.5425 61.5703 33.259 82.1267 64.8926 7.14084 14.7368 77.3847 70.0698 11.3151 18.9815 61.6573 52.285 8.16743 112.311 6.32839 10.8101 18.5521 96.053 48.3263 0.494686 68.5505 22.1223 18.5737 68.0762 12.1252 0 
