p 30 4 2
n 2.36667 1.52 0 3.69791 110.983 8.41687 17.3816 15.5424 108.833 10.3567 5.47466 6.22964 30.3472 9.95939 79.5831 27.6974 38.3071 66.3322 70.7557 3.52235 3.3143 62.4763 7.67153 49.256 8.25197 66.6407 99.2491 14.1742 6.91463 40.1899 6.34143 88.2829 
n 3.83333 3.64 3.69791 0 113.354 7.15586 15.2983 18.1841 111.24 7.95058 5.0755 7.95188 31.8302 10.9441 82.855 28.8754 41.4578 68.2121 72.3381 6.20827 4.70269 63.8642 11.2615 49.755 5.63307 67.4457 100.79 17.8677 3.25205 41.7811 9.69856 89.5551 
n 5.4 1.67 110.983 113.354 0 119.345 108.9 114.669 2.57469 111.114 108.814 114.87 82.8026 118.29 48.2397 86.4578 75.4455 47.0671 46.5232 112.366 108.669 55.5174 104.709 75.0202 118.94 60.9269 30.6169 103.289 115.94 73.1975 105.038 41.4 
n 3.15 4.41 8.41687 7.15586 119.345 0 21.5437 15.4104 117.182 14.304 12.2015 6.04986 38.6229 6.11924 87.0232 35.8188 46.0902 74.7377 79.0926 7.37841 11.2074 70.7343 15.0829 56.8998 3.28744 74.5441 107.577 19.7028 6.88187 48.5167 14.3709 96.4918 
n 1.2 0.41 17.3816 15.2983 108.9 21.5437 0 32.9211 107.001 7.36177 12.1187 23.1424 26.3667 26.2291 84.6673 22.5796 43.8233 62.1597 64.8869 20.8509 14.7332 55.8443 21.5299 38.988 18.638 57.1849 92.7054 28.9268 14.6717 35.7054 19.3557 80.5737 
n 3.1 3.66 15.5424 18.1841 114.669 15.4104 32.9211 0 112.347 25.8401 20.8825 10.4225 40.1598 9.43937 77.6824 38.6041 39.2793 73.0761 78.598 12.1263 18.3547 71.2178 14.2453 60.9842 18.3528 77.1818 106.828 11.6447 20.3583 49.0083 15.7402 96.9914 
n 3.16667 5.11 108.833 111.24 2.57469 117.182 107.001 112.347 0 109.106 106.732 112.66 80.8394 116.058 45.6804 84.5175 73.1016 45.3536 45.1504 110.175 106.55 54.0482 102.503 73.5458 116.816 59.8443 30.8562 100.994 113.852 71.296 102.859 41.0426 
n 1.11667 1.71 10.3567 7.95058 111.114 14.304 7.36177 25.8401 109.106 0 5.71056 15.8504 28.4063 18.8689 83.7767 24.9384 42.3359 64.9907 68.4292 13.7144 8.24593 59.6231 15.8237 44.0616 11.5788 62.1016 96.6521 23.2307 7.51722 38.2847 13.7009 84.9311 
n 1.15 2.91 5.47466 5.0755 108.814 12.2015 12.1187 20.8825 106.732 5.71056 0 11.6325 26.8892 15.2014 79.564 23.8524 38.052 63.3843 67.3831 8.9952 2.62905 58.8563 10.1221 44.6987 10.5713 62.3704 95.8123 17.5203 7.13465 36.8579 8.01967 84.5157 
n 3.23333 1.66 6.22964 7.95188 114.87 6.04986 23.1424 10.4225 112.66 15.8504 11.6325 0 35.6835 3.89255 81.4071 33.306 40.8106 71.0373 75.7941 2.97349 9.52524 67.7321 10.1636 55.1797 8.32661 72.3548 104.282 13.7537 9.93581 45.3423 10.1428 93.5972 
n 15.8667 3.74 30.3472 31.8302 82.8026 38.6229 26.3667 40.1598 80.8394 28.4063 26.8892 35.6835 0 39.5482 60.1354 3.84099 22.8072 36.6241 40.508 32.7634 27.4193 32.1292 26.4059 21.3882 37.4347 37.0432 68.9691 29.4181 33.9424 9.97406 25.6855 57.9512 
n 4.55 0.93 9.95939 10.9441 118.29 6.11924 26.2291 9.43937 116.058 18.8689 15.2014 3.89255 39.5482 0 83.9769 37.1959 43.8196 74.7467 79.5849 6.86341 13.2736 71.5702 13.729 59.0627 9.28637 76.2464 108.064 16.0702 12.1209 49.1717 13.9336 97.4407 
n 1.11667 0.76 79.5831 82.855 48.2397 87.0232 84.6673 77.6824 45.6804 83.7767 79.564 81.4071 60.1354 83.9769 0 63.8217 41.5132 42.6788 49.1946 79.6492 78.3785 52.4131 72.0821 66.1362 87.7864 63.5633 61.0573 67.9067 85.9919 54.2347 73.2492 61.5328 
n 1.11667 3.46 27.6974 28.8754 86.4578 35.8188 22.5796 38.6041 84.5175 24.9384 23.8524 33.306 3.84099 37.1959 63.8217 0 25.6581 40.0624 43.6156 30.347 24.6305 35.0068 24.5292 22.3848 34.4232 39.0563 71.9897 28.4058 30.7977 13.3609 23.5468 60.6845 
n 57.9833 6.35 38.3071 41.4578 75.4455 46.0902 43.8233 39.2793 73.1016 42.3359 38.052 40.8106 22.8072 43.8196 41.5132 25.6581 0 37.0535 43.9177 38.7373 36.9192 39.0478 31.01 39.2242 46.5552 48.5908 70.4734 28.1283 44.5518 22.946 31.9699 62.7094 
n 39.1333 18.61 66.3322 68.2121 47.0671 74.7377 62.1597 73.0761 45.3536 64.9907 63.3843 71.0373 36.6241 74.7467 42.6788 40.0624 37.0535 0 7.63003 68.2758 63.6508 10.5103 61.0402 28.9205 73.8443 20.993 33.8355 61.4417 70.4896 26.7062 60.9075 25.8183 
n 1.53333 4.03 70.7557 72.3381 46.5232 79.0926 64.8869 78.598 45.1504 68.4292 67.3831 75.7941 40.508 79.5849 49.1946 43.6156 43.9177 7.63003 0 72.9504 67.9041 9.22648 65.9921 28.5848 77.9393 16.0407 28.4975 67.0329 74.3953 30.5763 65.6582 18.8291 
n 1.16667 1.41 3.52235 6.20827 112.366 7.37841 20.8509 12.1263 110.175 13.7144 8.9952 2.97349 32.7634 6.86341 79.6492 30.347 38.7373 68.2758 72.9504 0 6.70401 64.8391 7.76512 52.2066 8.6066 69.3909 101.444 12.6814 8.90935 42.4628 7.38645 90.6963 
n 1.66667 3.03 3.3143 4.70269 108.669 11.2074 14.7332 18.3547 106.55 8.24593 2.62905 9.52524 27.4193 13.2736 78.3785 24.6305 36.9192 63.6508 67.9041 6.70401 0 59.5269 7.75925 46.014 10.2749 63.4783 96.3817 15.0581 7.63977 37.3284 5.77597 85.2895 
n 1.2 1.61 62.4763 63.8642 55.5174 70.7343 55.8443 71.2178 54.0482 59.6231 58.8563 67.7321 32.1292 71.5702 52.4131 35.0068 39.0478 10.5103 9.22648 64.8391 59.5269 0 58.1423 19.5035 69.4276 11.4217 37.0313 59.8026 65.7912 22.4065 57.6454 25.8777 
n 1.18333 4.01 7.67153 11.2615 104.709 15.0829 21.5299 14.2453 102.503 15.8237 10.1221 10.1636 26.4059 13.729 72.0821 24.5292 31.01 61.0402 65.9921 7.76512 7.75925 58.1423 0 46.8589 15.7266 63.4145 94.4436 7.44441 14.5135 35.7447 2.17673 84.0175 
n 1.18333 0.56 49.256 49.755 75.0202 56.8998 38.988 60.9842 73.5458 44.0616 44.6987 55.1797 21.3882 59.0627 66.1362 22.3848 39.2242 28.9205 28.5848 52.2066 46.014 19.5035 46.8589 0 54.9799 18.2025 54.5843 50.6601 51.0342 16.2928 45.7502 41.9389 
n 14.0667 3.9 8.25197 5.63307 118.94 3.28744 18.638 18.3528 116.816 11.5788 10.5713 8.32661 37.4347 9.28637 87.7864 34.4232 46.5552 73.8443 77.9393 8.6066 10.2749 69.4276 15.7266 54.9799 0 72.7983 106.378 21.2878 4.07319 47.3938 14.5853 95.0769 
n 2.63333 0.28 66.6407 67.4457 60.9269 74.5441 57.1849 77.1818 59.8443 62.1016 62.3704 72.3548 37.0432 76.2464 63.5633 39.0563 48.5908 20.993 16.0407 69.3909 63.4783 11.4217 63.4145 18.2025 72.7983 0 37.1963 66.2022 68.9179 28.6134 62.5672 24.1283 
n 6.55 2.28 99.2491 100.79 30.6169 107.577 92.7054 106.828 30.8562 96.6521 95.8123 104.282 68.9691 108.064 61.0573 71.9897 70.4734 33.8355 28.4975 101.444 96.3817 37.0313 94.4436 54.5843 106.378 37.1963 0 95.211 102.787 59.0621 94.1433 13.3474 
n 2.23333 0.21 14.1742 17.8677 103.289 19.7028 28.9268 11.6447 100.994 23.2307 17.5203 13.7537 29.4181 16.0702 67.9067 28.4058 28.1283 61.4417 67.0329 12.6814 15.0581 59.8026 7.44441 50.6601 21.2878 66.2022 95.211 0 21.037 37.7714 9.61496 85.5035 
n 1.06667 2.65 6.91463 3.25205 115.94 6.88187 14.6717 20.3583 113.852 7.51722 7.13465 9.93581 33.9424 12.1209 85.9919 30.7977 44.5518 70.4896 74.3953 8.90935 7.63977 65.7912 14.5135 51.0342 4.07319 68.9179 102.787 21.037 0 43.9164 12.9261 91.3586 
n 1.1 3.16 40.1899 41.7811 73.1975 48.5167 35.7054 49.0083 71.296 38.2847 36.8579 45.3423 9.97406 49.1717 54.2347 13.3609 22.946 26.7062 30.5763 42.4628 37.3284 22.4065 35.7447 16.2928 47.3938 28.6134 59.0621 37.7714 43.9164 0 35.2428 48.2841 
n 1.2 4.31 6.34143 9.69856 105.038 14.3709 19.3557 15.7402 102.859 13.7009 8.01967 10.1428 25.6855 13.9336 73.2492 23.5468 31.9699 60.9075 65.6582 7.38645 5.77597 57.6454 2.17673 45.7502 14.5853 62.5672 94.1433 9.61496 12.9261 35.2428 0 83.5197 
n 1.35 2.22 88.2829 89.5551 41.4 96.4918 80.5737 96.9914 41.0426 84.9311 84.5157 93.5972 57.9512 97.4407 61.5328 60.6845 62.7094 25.8183 18.8291 90.6963 85.2895 25.8777 84.0175 41.9389 95.0769 24.1283 13.3474 85.5035 91.3586 48.2841 83.5197 0 
