p 55 6 2
n 2.08333 1.5 0 9.63649 33.0805 20.2986 66.5407 74.8921 21.029 34.1837 1.74852 13.5149 3.72129 49.8202 15.0065 56.6827 11.2205 60.849 14.3256 21.1258 80.5155 7.37882 74.1625 34.3426 102.314 74.5213 28.7552 5.31073 67.3708 7.10657 31.7047 34.1309 65.7761 74.7777 143.516 123.695 83.9611 30.322 102.751 52.573 27.5059 14.9806 5.82959 70.7918 34.6177 81.8162 74.1176 24.4916 60.9642 2.30183 3.10872 9.21885 10.2688 10.2256 60.5874 20.3801 28.5397 
n 1.3 3.17 9.63649 0 23.8753 17.2897 72.7015 80.1801 11.4175 24.718 8.65192 3.87851 6.3692 56.1171 7.42474 58.0337 1.64464 65.8819 4.69694 11.5193 77.9207 4.58054 74.4662 38.2888 106.155 74.5127 19.7558 9.01664 73.4829 16.7262 22.3184 39.1265 57.2861 80.499 147.425 127.077 89.622 30.8479 109.887 57.6979 33.2093 6.57604 14.0322 62.0182 25.1997 89.56 65.3874 15.868 68.6091 8.94643 11.0934 7.1694 1.19321 4.23292 67.0456 18.9208 20.1482 
n 1.61667 2.48 33.0805 23.8753 0 23.1383 84.7178 89.6947 13.1583 3.33864 32.4044 20.2946 29.4021 69.4364 18.4934 59.7825 22.2339 75.5848 19.4126 13.0206 68.1021 25.9367 72.1457 48.7059 111.036 71.4149 17.4079 30.1517 85.3421 39.842 2.45388 51.4894 46.0685 91.072 151.509 130.218 99.6791 36.2114 123.291 68.2288 47.8728 18.1605 35.8527 48.7868 2.88475 105.09 52.1662 19.346 84.5037 32.7763 33.5221 29.4392 22.9826 25.9321 80.0707 26.4162 20.9147 
n 2.88333 1.24 20.2986 17.2897 23.1383 0 62.0054 67.781 19.1551 25.9105 20.9485 17.5141 17.4032 46.3969 11.3965 41.7202 16.7886 53.472 17.3139 19.109 60.8892 14.4715 57.453 25.9399 91.4833 57.3972 30.7432 15.0743 62.6711 24.3223 23.3287 28.4271 66.9218 68.8024 132.591 111.807 77.6381 14.9408 100.429 45.7629 24.8144 13.029 19.1416 70.5257 25.8256 81.958 73.9508 28.719 61.3727 21.6738 18.5384 24.0899 16.2214 21.5223 57.1298 3.29248 32.7933 
n 3.13333 1.01 66.5407 72.7015 84.7178 62.0054 0 11.4574 80.1105 87.7131 68.2881 75.4055 67.5298 16.7209 71.1906 36.607 73.4335 11.4258 75.7269 80.1054 69.6579 68.1211 46.9807 36.0762 42.192 49.2561 91.3405 64.0076 0.928225 62.0288 85.2127 33.9282 128.607 9.08612 80.7969 63.9166 17.9326 48.7423 38.654 16.6787 39.4955 72.6429 60.7148 132.465 87.529 24.4748 135.893 88.1911 15.6688 68.7897 63.5673 75.6652 72.3369 75.6466 6.41766 58.7397 92.5233 
n 12.4167 4.22 74.8921 80.1801 89.6947 67.781 11.4574 0 86.5519 92.8405 76.6222 82.5512 75.4685 26.0051 77.8113 35.4442 80.7395 14.3634 82.7772 86.5303 64.8965 75.6268 41.295 42.1991 30.8161 43.6964 98.022 71.8301 10.5882 71.0069 90.4673 41.0723 134.701 4.25088 70.1561 52.647 10.0368 53.5142 36.7988 22.4823 47.4052 79.3465 69.1291 138.168 92.562 29.6986 141.584 95.2181 26.8617 77.1812 71.8347 83.8263 79.6878 83.4404 17.4662 64.6204 99.5211 
n 3.8 2.29 21.029 11.4175 13.1583 19.1551 80.1105 86.5519 0 13.4629 20.0605 7.57113 17.5704 63.9255 8.97207 60.5328 9.80987 72.1949 6.72364 0.145038 75.2117 14.6224 75.3185 44.391 110.634 74.9968 11.5902 19.3092 80.83 28.0807 11.2526 46.1842 48.5216 87.3403 151.719 130.87 96.3023 34.0892 118.089 64.2765 41.196 7.67748 24.8736 52.662 14.0231 98.5498 56.0804 10.0386 77.6358 20.3154 22.1386 16.3128 10.784 12.8463 74.8432 22.0952 13.7924 
n 2.61667 4.03 34.1837 24.718 3.33864 25.9105 87.7131 92.8405 13.4629 0 33.3569 20.9591 30.579 72.2959 20.1211 63.1091 23.078 78.6947 20.0876 13.3409 71.1135 27.2703 75.4609 51.6612 114.35 74.716 15.2921 31.6888 88.3489 41.106 2.6807 54.3301 42.7423 94.1658 154.842 133.554 102.812 39.3318 126.246 71.2729 50.4925 19.5422 37.3928 45.5245 0.860142 107.844 48.912 17.8754 87.1818 33.6637 34.9043 29.6852 23.9398 26.2757 82.9848 29.2021 18.8355 
n 2.31667 4.82 1.74852 8.65192 32.4044 20.9485 68.2881 76.6222 20.0605 33.3569 0 12.4939 3.6512 51.5677 14.6798 58.1164 10.2838 62.5663 13.337 20.1647 81.4648 7.24068 75.4987 35.9734 103.982 75.8208 27.3253 6.33319 69.1178 8.41357 30.9294 35.8288 64.1974 76.5192 145.194 125.337 85.7023 31.5899 104.485 54.2909 29.2288 14.4662 7.5781 69.2609 33.8242 83.522 72.5768 23.0004 62.6807 0.751816 4.79818 7.48499 9.4352 8.70291 62.336 21.2785 26.994 
n 10.5 2.73 13.5149 3.87851 20.2946 17.5141 75.4055 82.5512 7.57113 20.9591 12.4939 0 10.1889 58.9248 6.27898 59.0397 2.35901 68.2083 0.882058 7.67846 77.218 7.75293 74.9647 40.4417 107.929 74.8863 16.3264 12.4637 76.1675 20.6031 18.6215 41.6201 53.9637 83.0261 149.169 128.642 92.107 31.9146 112.881 60.0946 35.9988 4.79501 17.7519 58.5514 21.4717 92.7912 61.937 12.7934 71.8358 12.7446 14.8753 9.48466 3.46832 5.93636 69.8696 19.7059 17.1264 
n 6.21667 5.11 3.72129 6.3692 29.4021 17.4032 67.5298 75.4685 17.5704 30.579 3.6512 10.1889 0 50.8478 11.2878 55.5523 7.83756 61.2821 10.9462 17.6594 78.0896 3.68157 72.6887 34.1727 102.271 72.9368 26.0119 3.716 68.3366 10.5393 28.0724 34.4482 63.3931 75.5609 143.528 123.473 84.7255 28.7207 104.276 53.0294 28.1275 11.2738 7.72448 68.2356 30.9926 83.6707 71.5907 21.9506 62.7456 4.32878 4.73529 8.511 6.79523 8.1625 61.7193 17.9308 26.1446 
n 5 0.95 49.8202 56.1171 69.4364 46.3969 16.7209 26.0051 63.9255 72.2959 51.5677 58.9248 50.8478 0 54.9631 31.3625 56.9019 14.0333 59.2818 63.9289 66.6451 51.5408 47.015 20.976 55.996 48.8689 74.9973 47.3541 17.557 45.3806 69.7251 17.9704 112.443 25.1928 96.1103 77.9603 34.3524 34.3618 54.1799 8.44569 22.9293 56.3654 43.994 116.494 72.1816 35.966 119.92 71.7181 16.7954 52.0688 46.8508 58.9506 55.7935 58.9802 10.9458 43.1047 76.0508 
n 1.2 1.56 15.0065 7.42474 18.4934 11.3965 71.1906 77.8113 8.97207 20.1211 14.6798 6.27898 11.2878 54.9631 0 53.0898 6.26525 63.4479 5.96031 8.98278 71.0097 7.64399 68.7822 35.6137 102.477 68.6704 20.2189 11.6584 71.9178 21.4651 17.4877 37.2631 57.4797 78.5082 143.664 122.997 87.5072 26.1082 109.121 55.4631 32.2254 1.63925 17.3602 61.6288 20.4064 89.609 65.0484 17.612 68.7092 15.2022 15.0805 14.565 6.23435 11.3313 65.8862 13.8725 21.8292 
n 1.18333 3.06 56.6827 58.0337 59.7825 41.7202 36.607 35.4442 60.5328 63.1091 58.1164 59.0397 55.5523 31.3625 53.0898 0 57.9401 25.1985 58.9334 60.4655 35.2888 54.0933 18.4333 24.7152 51.3431 19.5325 71.9645 51.9671 36.6975 56.0796 61.1371 27.7881 105.851 38.4873 91.7582 70.5836 45.027 27.1902 72.2221 23.5463 33.9163 54.728 52.0351 108.378 62.6369 61.0802 111.71 70.3568 46.6643 58.8395 53.714 63.8216 57.1503 62.0905 35.9663 39.3346 74.3165 
n 2.63333 0.13 11.2205 1.64464 22.2339 16.7886 73.4335 80.7395 9.80987 23.078 10.2838 2.35901 7.83756 56.9019 6.26525 57.9401 0 66.4154 3.11502 9.90829 77.134 5.49098 74.1599 38.7215 106.426 74.1539 18.5736 10.1572 74.2047 18.2884 20.6742 39.7351 56.184 81.1388 147.685 127.252 90.2413 30.7558 110.782 58.2649 33.9737 5.1983 15.3957 60.8275 23.5568 90.5924 64.2075 14.8719 69.6369 10.5888 12.5166 8.36479 1.14435 5.06635 67.8417 18.6687 19.191 
n 1.13333 2.16 60.849 65.8819 75.5848 53.472 11.4258 14.3634 72.1949 78.6947 62.5663 68.2083 61.2821 14.0333 63.4479 25.1985 66.4154 0 68.4265 72.1742 58.8044 61.3396 36.8149 27.8358 42.4639 38.9754 83.6593 57.6208 11.5833 57.3017 76.2871 26.836 120.392 15.5184 83.153 64.3734 24.1686 39.3734 48.8782 8.27652 33.3488 64.9833 55.1353 123.926 78.4407 35.8865 127.345 80.8615 23.3806 63.1465 57.7694 69.6886 65.3708 69.2004 11.74 50.294 85.1622 
n 4.51667 2.63 14.3256 4.69694 19.4126 17.3139 75.7269 82.7772 6.72364 20.0876 13.337 0.882058 10.9462 59.2818 5.96031 58.9334 3.11502 68.4265 0 6.82768 76.7381 8.34779 74.736 40.6316 107.993 74.6302 15.8381 13.0805 76.4832 21.4015 17.7428 41.8993 53.4796 83.2953 149.22 128.65 92.3624 31.8519 113.283 60.3352 36.3661 4.38807 18.4477 58.0087 20.5962 93.273 61.4003 12.4721 72.3194 13.6006 15.604 10.3225 4.16771 6.76656 70.2277 19.6188 16.8004 
n 1.66667 2.63 21.1258 11.5193 13.0206 19.109 80.1054 86.5303 0.145038 13.3409 20.1647 7.67846 17.6594 63.9289 8.98278 60.4655 9.90829 72.1742 6.82768 0 75.0926 14.6949 75.2312 44.3737 110.585 74.9058 11.6343 19.3764 80.8238 28.1734 11.1219 46.1801 48.5211 87.3257 151.665 130.811 96.2845 34.0405 118.095 64.2608 41.2081 7.70578 24.948 52.6473 13.8975 98.5709 56.0664 10.1334 77.6592 20.4231 22.2201 16.4459 10.876 12.976 74.845 22.0591 13.8655 
n 4.3 4.92 80.5155 77.9207 68.1021 60.8892 69.6579 64.8965 75.2117 71.1135 81.4648 77.218 78.0896 66.6451 71.0097 35.2888 77.134 58.8044 76.7381 75.0926 0 75.3544 23.7595 56.4496 65.7857 21.3387 84.6611 75.218 69.5156 82.4942 70.3105 60.4957 110.19 68.8226 98.3567 77.2309 72.5656 51.4231 100.179 58.6862 65.1721 72.4237 77.5416 110.691 70.3458 93.6511 113.606 84.9596 81.5161 82.2123 78.1239 84.9173 76.7792 82.1159 70.3212 60.1872 87.8826 
n 1.9 0.6 7.37882 4.58054 25.9367 14.4715 68.1211 75.6268 14.6224 27.2703 7.24068 7.75293 3.68157 51.5408 7.64399 54.0933 5.49098 61.3396 8.34779 14.6949 75.3544 0 70.8499 33.8096 101.769 70.9919 24.0583 4.73672 68.9023 13.9056 24.714 34.5642 61.6749 75.9253 143.042 122.774 85.052 26.9851 105.344 53.1446 28.6296 7.77824 10.2564 66.3012 27.6426 85.1044 69.6847 20.3386 64.1492 7.85232 7.63463 9.86495 4.34789 8.0942 62.4715 15.4918 24.6456 
n 2.6 3.38 74.1625 74.4662 72.1457 57.453 46.9807 41.295 75.3185 75.4609 75.4987 74.9647 72.6887 47.015 68.7822 18.4333 74.1599 36.8149 74.736 75.2312 23.7595 70.8499 0 43.1422 44.6525 2.42109 86.3187 69.2288 46.7286 74.0956 73.8858 46.1759 117.627 45.3076 81.6406 60.0218 48.8062 43.9682 76.4418 38.6019 52.3477 70.3908 69.8315 119.37 74.8551 70.4459 122.573 85.341 60.1383 76.2376 71.2888 80.7008 73.4866 78.6396 48.5531 55.5454 89.0216 
n 14.7167 5.04 34.3426 38.2888 48.7059 25.9399 36.0762 42.1991 44.391 51.6612 35.9734 40.4417 34.1727 20.976 35.6137 24.7152 38.7215 27.8358 40.6316 44.3737 56.4496 33.8096 43.1422 0 68.0985 44.1281 55.8286 30.4584 36.7341 32.3315 49.1456 4.48901 92.7287 42.9658 109.357 89.3675 51.9116 13.4716 74.5884 19.8955 9.21427 37.1475 28.9998 96.4494 51.4965 56.9341 99.8757 53.0433 37.0986 36.6279 31.2386 42.6808 37.706 41.8143 31.3903 22.6876 57.3368 
n 5.03333 4.2 102.314 106.155 111.036 91.4833 42.192 30.8161 110.634 114.35 103.982 107.929 102.271 55.996 102.477 51.3431 106.426 42.4639 107.993 110.585 65.7857 101.769 44.6525 68.0985 0 46.6728 122.214 98.5564 41.2915 99.3772 112.298 68.2785 157.077 33.4517 41.2734 21.9655 27.0641 76.5448 44.3257 50.4838 75.1311 104.097 96.7715 159.708 113.903 52.2759 163.047 120.078 57.019 104.613 99.206 110.779 105.474 109.832 48.2802 88.6544 124.235 
n 26.5 7.3 74.5213 74.5127 71.4149 57.3972 49.2561 43.6964 74.9968 74.716 75.8208 74.8863 72.9368 48.8689 68.6704 19.5325 74.1539 38.9754 74.6302 74.9058 21.3387 70.9919 2.42109 44.1281 46.6728 0 85.8836 69.5248 49.0191 74.6814 73.2093 47.3176 116.7 47.698 83.1618 61.551 51.2269 44.2371 78.8582 40.4872 53.3424 70.2669 70.3215 118.327 74.0918 72.8019 121.507 85.0318 62.2537 76.5638 71.6881 80.8546 73.5113 78.7064 50.7045 55.6063 88.648 
n 35.2833 2.26 28.7552 19.7558 17.4079 30.7432 91.3405 98.022 11.5902 15.2921 27.3253 16.3264 26.0119 74.9973 20.2189 71.9645 18.5736 83.6593 15.8381 11.6343 84.6611 24.0583 86.3187 55.8286 122.214 85.8836 0 28.721 92.0789 35.7372 14.9707 57.4295 37.6427 98.7234 163.279 142.39 107.726 45.6721 129.069 75.6818 52.1205 18.7158 33.7347 42.2648 16.1505 109.109 45.6388 4.59997 88.1544 27.2908 30.7363 21.0071 19.7178 18.6538 85.9394 33.6766 3.54346 
n 2.6 1.28 5.31073 9.01664 30.1517 15.0743 64.0076 71.8301 19.3092 31.6888 6.33319 12.4637 3.716 47.3541 11.6584 51.9671 10.1572 57.6208 13.0805 19.3764 75.218 4.73672 69.2288 30.4584 98.5564 69.5248 28.721 0 64.8062 10.0802 29.0869 30.7848 66.2957 71.9721 139.815 119.759 81.1285 25.2878 100.957 49.3763 24.5477 12.1567 5.70815 70.9818 32.0142 80.5482 74.3593 24.8843 59.5995 7.08414 3.6991 12.227 9.01582 11.6464 58.253 15.0695 29.1577 
n 9.61667 1.98 67.3708 73.4829 85.3421 62.6711 0.928225 10.5882 80.83 88.3489 69.1178 76.1675 68.3366 17.557 71.9178 36.6975 74.2047 11.5833 76.4832 80.8238 69.5156 68.9023 46.7286 36.7341 41.2915 49.0191 92.0789 64.8062 0 62.8912 85.8561 34.6553 129.316 8.1579 79.8687 63.0035 17.0234 49.3236 38.0953 17.2185 40.2826 73.3761 61.5464 133.15 88.1583 24.4272 136.578 88.95 16.4294 69.6228 64.3917 76.4874 73.1104 76.4478 7.34161 59.41 93.2816 
n 1.13333 3.36 7.10657 16.7262 39.842 24.3223 62.0288 71.0069 28.0807 41.106 8.41357 20.6031 10.5393 45.3806 21.4651 56.0796 18.2884 57.3017 21.4015 28.1734 82.4942 13.9056 74.0956 32.3315 99.3772 74.6814 35.7372 10.0802 62.8912 0 38.5818 31.2226 72.4562 70.5524 140.389 121.017 79.7257 31.2356 97.314 49.068 24.2868 21.682 5.21211 77.5966 41.5065 75.9761 80.8983 31.3914 55.2917 8.47448 6.4283 15.385 17.2976 17.0979 55.8869 23.493 35.3325 
n 4.05 4.9 31.7047 22.3184 2.45388 23.3287 85.2127 90.4673 11.2526 2.6807 30.9294 18.6215 28.0724 69.7251 17.4877 61.1371 20.6742 76.2871 17.7428 11.1219 70.3105 24.714 73.8858 49.1456 112.298 73.2093 14.9707 29.0869 85.8561 38.5818 0 51.7557 44.788 91.7402 152.894 131.658 100.424 36.9543 123.716 68.8105 47.85 16.9597 34.7941 47.7745 2.92957 105.229 51.1762 16.9123 84.5478 31.2607 32.3427 27.5617 21.4962 24.0975 80.4381 26.6211 18.47 
n 2.4 5.07 34.1309 39.1265 51.4894 28.4271 33.9282 41.0723 46.1842 54.3301 35.8288 41.6201 34.4482 17.9704 37.2631 27.7881 39.7351 26.836 41.8993 46.1801 60.4957 34.5642 46.1759 4.48901 68.2785 47.3176 57.4295 30.7848 34.6553 31.2226 51.7557 0 94.6913 41.4081 109.423 89.8268 50.5067 17.3427 72.0797 18.598 6.96588 38.722 28.5106 98.6285 54.223 53.6817 102.056 54.371 33.4499 36.4326 31.0326 42.8721 38.6665 42.3739 28.7617 25.1348 58.6967 
n 2.8 0.44 65.7761 57.2861 46.0685 66.9218 128.607 134.701 48.5216 42.7423 64.1974 53.9637 63.3931 112.443 57.4797 105.851 56.184 120.392 53.4796 48.5211 110.19 61.6749 117.627 92.7287 157.077 116.7 37.6427 66.2957 129.316 72.4562 44.788 94.6913 0 135.684 197.57 176.247 144.556 81.3907 166.592 112.618 89.6525 56.0896 71.0923 6.45594 43.2196 146.752 8.99304 41.4484 125.797 64.0222 68.0548 57.1056 57.3276 55.5565 123.364 70.1042 37.2644 
n 2.68333 3.43 74.7777 80.499 91.072 68.8024 9.08612 4.25088 87.3403 94.1658 76.5192 83.0261 75.5609 25.1928 78.5082 38.4873 81.1388 15.5184 83.2953 87.3257 68.8226 75.9253 45.3076 42.9658 33.4517 47.698 98.7234 71.9721 8.1579 70.5524 91.7402 41.4081 135.684 0 71.7109 55.0073 9.18572 54.8653 33.863 23.0702 47.4335 80.0107 68.9728 139.313 93.9227 25.473 142.736 95.7639 23.6234 77.0495 71.7579 83.8209 80.0649 83.6152 15.4852 65.5907 100.085 
n 7.55 4.33 143.516 147.425 151.509 132.591 80.7969 70.1561 151.719 154.842 145.194 149.169 143.528 96.1103 143.664 91.7582 147.685 83.153 149.22 151.665 98.3567 143.042 81.6406 109.357 41.2734 83.1618 163.279 139.815 79.8687 140.389 152.894 109.423 197.57 71.7109 0 21.6188 63.2734 117.653 64.6039 91.3378 116.22 145.289 137.933 199.91 154.352 82.5613 203.204 161.247 93.8683 145.817 140.41 152.034 146.739 151.105 87.1881 129.816 165.376 
n 2.13333 4.91 123.695 127.077 130.218 111.807 63.9166 52.647 130.87 133.554 125.337 128.642 123.473 77.9603 122.997 70.5836 127.252 64.3734 128.65 130.811 77.2309 122.774 60.0218 89.3675 21.9655 61.551 142.39 119.759 63.0035 121.017 131.658 89.8268 176.247 55.0073 21.6188 0 47.7043 96.9038 57.5927 72.3157 96.7338 124.63 118.237 178.484 133.046 70.8974 181.763 140.519 78.3374 125.986 120.587 131.982 126.34 130.864 70.1025 109.125 144.593 
n 3.31667 0.97 83.9611 89.622 99.6791 77.6381 17.9326 10.0368 96.3023 102.812 85.7023 92.107 84.7255 34.3524 87.5072 45.027 90.2413 24.1686 92.3624 96.2845 72.5656 85.052 48.8062 51.9116 27.0641 51.2269 107.726 81.1285 17.0234 79.7257 100.424 50.5067 144.556 9.18572 63.2734 47.7043 0 63.4804 27.7776 32.0468 56.5985 89.0235 78.1575 148.089 102.543 26.2382 151.508 104.825 30.7994 86.2339 80.9391 92.9978 89.1731 92.7686 24.3291 74.4533 109.141 
n 1.11667 1.26 30.322 30.8479 36.2114 14.9408 48.7423 53.5142 34.0892 39.3318 31.5899 31.9146 28.7207 34.3618 26.1082 27.1902 30.7558 39.3734 31.8519 34.0405 51.4231 26.9851 43.9682 13.4716 76.5448 44.2371 45.6721 25.2878 49.3236 31.2356 36.9543 17.3427 81.3907 54.8653 117.653 96.9038 63.4804 0 87.3943 32.1276 17.3669 27.7451 26.4842 84.688 39.0687 70.3235 88.0991 43.6196 50.5673 32.3346 27.5618 36.7928 29.9601 34.927 44.5037 12.2425 47.7249 
n 1.15 2.36 102.751 109.887 123.291 100.429 38.654 36.7988 118.089 126.246 104.485 112.881 104.276 54.1799 109.121 72.2221 110.782 48.8782 113.283 118.095 100.179 105.344 76.4418 74.5884 44.3257 78.8582 129.069 100.957 38.0953 97.314 123.716 72.0797 166.592 33.863 64.6039 57.5927 27.7776 87.3943 0 55.3136 76.9531 110.503 96.9729 170.674 126.085 22.7128 174.1 125.65 42.1178 104.89 99.9648 111.969 109.656 112.435 43.3183 97.1455 129.973 
n 1.11667 0.71 52.573 57.6979 68.2288 45.7629 16.6787 22.4823 64.2765 71.2729 54.2909 60.0946 53.0294 8.44569 55.4631 23.5463 58.2649 8.27652 60.3352 64.2608 58.6862 53.1446 38.6019 19.8955 50.4838 40.4872 75.6818 49.3763 17.2185 49.068 68.8105 18.598 112.618 23.0702 91.3378 72.3157 32.0468 32.1276 55.3136 0 25.0723 56.977 46.8593 116.288 71.0599 39.7806 119.712 72.7906 23.2134 54.8703 49.4943 61.424 57.2098 60.9719 13.4651 42.5379 77.1025 
n 2.7 1.79 27.5059 33.2093 47.8728 24.8144 39.4955 47.4052 41.196 50.4925 29.2288 35.9988 28.1275 22.9293 32.2254 33.9163 33.9737 33.3488 36.3661 41.2081 65.1721 28.6296 52.3477 9.21427 75.1311 53.3424 52.1205 24.5477 40.2826 24.2868 47.85 6.96588 89.6525 47.4335 116.22 96.7338 56.5985 17.3669 76.9531 25.0723 0 33.5709 21.7888 93.8527 50.4812 57.4977 97.273 48.7914 36.7122 29.8014 24.4358 36.4284 32.8674 36.1941 33.8722 21.6102 53.1237 
n 3.9 4.1 14.9806 6.57604 18.1605 13.029 72.6429 79.3465 7.67748 19.5422 14.4662 4.79501 11.2738 56.3654 1.63925 54.728 5.1983 64.9833 4.38807 7.70578 72.4237 7.77824 70.3908 37.1475 104.097 70.2669 18.7158 12.1567 73.3761 21.682 16.9597 38.722 56.0896 80.0107 145.289 124.63 89.0235 27.7451 110.503 56.977 33.5709 0 17.8543 60.316 19.8893 90.8795 63.7315 16.0062 69.9613 14.9264 15.3895 13.5618 5.43316 10.1948 67.2972 15.5075 20.2421 
n 1.15 2.66 5.82959 14.0322 35.8527 19.1416 60.7148 69.1291 24.8736 37.3928 7.5781 17.7519 7.72448 43.994 17.3602 52.0351 15.3957 55.1353 18.4477 24.948 77.5416 10.2564 69.8315 28.9998 96.7715 70.3215 33.7347 5.70815 61.5464 5.21211 34.7941 28.5106 71.0923 68.9728 137.933 118.237 78.1575 26.4842 96.9729 46.8593 21.7888 17.8543 0 75.9586 37.7217 76.1458 79.3119 29.6623 55.2583 8.07894 3.04661 15.0233 14.2895 15.6438 54.7579 18.2852 33.8315 
n 2.7 2.34 70.7918 62.0182 48.7868 70.5257 132.465 138.168 52.662 45.5245 69.2609 58.5514 68.2356 116.494 61.6288 108.378 60.8275 123.926 58.0087 52.6473 110.691 66.3012 119.37 96.4494 159.708 118.327 42.2648 70.9818 133.15 77.5966 47.7745 98.6285 6.45594 139.313 199.91 178.484 148.089 84.688 170.674 116.288 93.8527 60.316 75.9586 0 45.9034 151.181 3.4275 46.3196 130.246 69.1296 72.9401 62.3305 61.9709 60.5709 127.375 73.763 42.2686 
n 2.33333 3.72 34.6177 25.1997 2.88475 25.8256 87.529 92.562 14.0231 0.860142 33.8242 21.4717 30.9926 72.1816 20.4064 62.6369 23.5568 78.4407 20.5962 13.8975 70.3458 27.6426 74.8551 51.4965 113.903 74.0918 16.1505 32.0142 88.1583 41.5065 2.92957 54.223 43.2196 93.9227 154.352 133.046 102.543 39.0687 126.085 71.0599 50.4812 19.8893 37.7217 45.9034 0 107.781 49.282 18.6999 87.1507 34.1455 35.2719 30.291 24.3953 26.8599 82.8439 29.1132 19.694 
n 1.66667 1.43 81.8162 89.56 105.09 81.958 24.4748 29.6986 98.5498 107.844 83.522 92.7912 83.6707 35.966 89.609 61.0802 90.5924 35.8865 93.273 98.5709 93.6511 85.1044 70.4459 56.9341 52.2759 72.8019 109.109 80.5482 24.4272 75.9761 105.229 53.6817 146.752 25.473 82.5613 70.8974 26.2382 70.3235 22.7128 39.7806 57.4977 90.8795 76.1458 151.181 107.781 0 154.591 105.425 20.9558 83.8665 79.1812 90.9876 89.4512 91.7671 26.3494 78.6752 109.706 
n 1.13333 3.01 74.1176 65.3874 52.1662 73.9508 135.893 141.584 56.0804 48.912 72.5768 61.937 71.5907 119.92 65.0484 111.71 64.2075 127.345 61.4003 56.0664 113.606 69.6847 122.573 99.8757 163.047 121.507 45.6388 74.3593 136.578 80.8983 51.1762 102.056 8.99304 142.736 203.204 181.763 151.508 88.0991 174.1 119.712 97.273 63.7315 79.3119 3.4275 49.282 154.591 0 49.6608 133.654 72.4363 76.2896 65.6078 65.3512 63.8936 130.802 77.189 45.583 
n 3.11667 2.71 24.4916 15.868 19.346 28.719 88.1911 95.2181 10.0386 17.8754 23.0004 12.7934 21.9506 71.7181 17.612 70.3568 14.8719 80.8615 12.4721 10.1334 84.9596 20.3386 85.341 53.0433 120.078 85.0318 4.59997 24.8843 88.95 31.3914 16.9123 54.371 41.4484 95.7639 161.247 140.519 104.825 43.6196 125.65 72.7906 48.7914 16.0062 29.6623 46.3196 18.6999 105.425 49.6608 0 84.4725 22.9209 26.6334 16.4731 16.004 14.2979 82.6627 31.4317 4.33312 
n 2.16667 4.41 60.9642 68.6091 84.5037 61.3727 15.6688 26.8617 77.6358 87.1818 62.6807 71.8358 62.7456 16.7954 68.7092 46.6643 69.6369 23.3806 72.3194 77.6592 81.5161 64.1492 60.1383 37.0986 57.019 62.2537 88.1544 59.5995 16.4294 55.2917 84.5478 33.4499 125.797 23.6234 93.8683 78.3374 30.7994 50.5673 42.1178 23.2134 36.7122 69.9613 55.2583 130.246 87.1507 20.9558 133.654 84.4725 0 63.046 58.2863 70.1589 68.4958 70.8581 11.6971 58.1096 88.7563 
n 9.3 3.57 2.30183 8.94643 32.7763 21.6738 68.7897 77.1812 20.3154 33.6637 0.751816 12.7446 4.32878 52.0688 15.2022 58.8395 10.5888 63.1465 13.6006 20.4231 82.2123 7.85232 76.2376 36.6279 104.613 76.5638 27.2908 7.08414 69.6228 8.47448 31.2607 36.4326 64.0222 77.0495 145.817 125.986 86.2339 32.3346 104.89 54.8703 29.8014 14.9264 8.07894 69.1296 34.1455 83.8665 72.4363 22.9209 63.046 0 5.40723 7.12279 9.79381 8.63776 62.8169 22.0254 26.8624 
n 1.25 2.61 3.10872 11.0934 33.5221 18.5384 63.5673 71.8347 22.1386 34.9043 4.79818 14.8753 4.73529 46.8508 15.0805 53.714 12.5166 57.7694 15.604 22.2201 78.1239 7.63463 71.2888 31.2386 99.206 71.6881 30.7363 3.6991 64.3917 6.4283 32.3427 31.0326 68.0548 71.7579 140.41 120.587 80.9391 27.5618 99.9648 49.4943 24.4358 15.3895 3.04661 72.9401 35.2719 79.1812 76.2896 26.6334 58.2863 5.40723 0 12.1021 11.4363 12.5988 57.6521 18.2109 30.792 
n 1.4 3.27 9.21885 7.1694 29.4392 24.0899 75.6652 83.8263 16.3128 29.6852 7.48499 9.48466 8.511 58.9506 14.565 63.8216 8.36479 69.6886 10.3225 16.4459 84.9173 9.86495 80.7008 42.6808 110.779 80.8546 21.0071 12.227 76.4874 15.385 27.5617 42.8721 57.1056 83.8209 152.034 131.982 92.9978 36.7928 111.969 61.424 36.4284 13.5618 15.0233 62.3305 30.291 90.9876 65.6078 16.4731 70.1589 7.12279 12.1021 0 8.36055 3.55903 69.7534 25.3371 20.1534 
n 1.25 4.91 10.2688 1.19321 22.9826 16.2214 72.3369 79.6878 10.784 23.9398 9.4352 3.46832 6.79523 55.7935 6.23435 57.1503 1.14435 65.3708 4.16771 10.876 76.7792 4.34789 73.4866 37.706 105.474 73.5113 19.7178 9.01582 73.1104 17.2976 21.4962 38.6665 57.3276 80.0649 146.739 126.34 89.1731 29.9601 109.656 57.2098 32.8674 5.43316 14.2895 61.9709 24.3953 89.4512 65.3512 16.004 68.4958 9.79381 11.4363 8.36055 0 5.34053 66.7316 17.9517 20.3194 
n 1.55 5.08 10.2256 4.23292 25.9321 21.5223 75.6466 83.4404 12.8463 26.2757 8.70291 5.93636 8.1625 58.9802 11.3313 62.0905 5.06635 69.2004 6.76656 12.976 82.1159 8.0942 78.6396 41.8143 109.832 78.7064 18.6538 11.6464 76.4478 17.0979 24.0975 42.3739 55.5565 83.6152 151.105 130.864 92.7686 34.927 112.435 60.9719 36.1941 10.1948 15.6438 60.5709 26.8599 91.7671 63.8936 14.2979 70.8581 8.63776 12.5988 3.55903 5.34053 0 69.8642 23.1015 18.3141 
n 1.21667 1.66 60.5874 67.0456 80.0707 57.1298 6.41766 17.4662 74.8432 82.9848 62.336 69.8696 61.7193 10.9458 65.8862 35.9663 67.8417 11.74 70.2277 74.845 70.3212 62.4715 48.5531 31.3903 48.2802 50.7045 85.9394 58.253 7.34161 55.8869 80.4381 28.7617 123.364 15.4852 87.1881 70.1025 24.3291 44.5037 43.3183 13.4651 33.8722 67.2972 54.7579 127.375 82.8439 26.3494 130.802 82.6627 11.6971 62.8169 57.6521 69.7534 66.7316 69.8642 0 53.8424 86.9953 
n 2.11667 0.26 20.3801 18.9208 26.4162 3.29248 58.7397 64.6204 22.0952 29.2021 21.2785 19.7059 17.9308 43.1047 13.8725 39.3346 18.6687 50.294 19.6188 22.0591 60.1872 15.4918 55.5454 22.6876 88.6544 55.6063 33.6766 15.0695 59.41 23.493 26.6211 25.1348 70.1042 65.5907 129.816 109.125 74.4533 12.2425 97.1455 42.5379 21.6102 15.5075 18.2852 73.763 29.1132 78.6752 77.189 31.4317 58.1096 22.0254 18.2109 25.3371 17.9517 23.1015 53.8424 0 35.5827 
n 2.31667 1.82 28.5397 20.1482 20.9147 32.7933 92.5233 99.5211 13.7924 18.8355 26.994 17.1264 26.1446 76.0508 21.8292 74.3165 19.191 85.1622 16.8004 13.8655 87.8826 24.6456 89.0216 57.3368 124.235 88.648 3.54346 29.1577 93.2816 35.3325 18.47 58.6967 37.2644 100.085 165.376 144.593 109.141 47.7249 129.973 77.1025 53.1237 20.2421 33.8315 42.2686 19.694 109.706 45.583 4.33312 88.7563 26.8624 30.792 20.1534 20.3194 18.3141 86.9953 35.5827 0 
